관측시간,실측조위(Cm),예측조위(Cm),잔차(Cm)
2012-04-30 0:00,430,438,-8
2012-04-30 0:01,429,438,-9
2012-04-30 0:02,428,437,-9
2012-04-30 0:03,427,437,-10
2012-04-30 0:04,426,436,-10
2012-04-30 0:05,425,435,-10
2012-04-30 0:06,424,435,-11
2012-04-30 0:07,423,434,-11
2012-04-30 0:08,422,433,-11
2012-04-30 0:09,421,432,-11
2012-04-30 0:10,420,432,-12
2012-04-30 0:11,419,431,-12
2012-04-30 0:12,418,430,-12
2012-04-30 0:13,417,429,-12
2012-04-30 0:14,416,429,-13
2012-04-30 0:15,415,428,-13
2012-04-30 0:16,414,427,-13
2012-04-30 0:17,413,426,-13
2012-04-30 0:18,412,426,-14
2012-04-30 0:19,411,425,-14
2012-04-30 0:20,410,424,-14
2012-04-30 0:21,409,423,-14
2012-04-30 0:22,408,422,-14
2012-04-30 0:23,407,421,-14
2012-04-30 0:24,406,420,-14
2012-04-30 0:25,405,420,-15
2012-04-30 0:26,404,419,-15
2012-04-30 0:27,403,418,-15
2012-04-30 0:28,402,417,-15
2012-04-30 0:29,401,416,-15
2012-04-30 0:30,400,415,-15
2012-04-30 0:31,399,414,-15
2012-04-30 0:32,398,413,-15
2012-04-30 0:33,397,412,-15
2012-04-30 0:34,395,411,-16
2012-04-30 0:35,394,410,-16
2012-04-30 0:36,393,409,-16
2012-04-30 0:37,392,408,-16
2012-04-30 0:38,391,407,-16
2012-04-30 0:39,390,406,-16
2012-04-30 0:40,389,405,-16
2012-04-30 0:41,387,404,-17
2012-04-30 0:42,386,403,-17
2012-04-30 0:43,385,402,-17
2012-04-30 0:44,384,401,-17
2012-04-30 0:45,383,400,-17
2012-04-30 0:46,382,399,-17
2012-04-30 0:47,380,398,-18
2012-04-30 0:48,379,397,-18
2012-04-30 0:49,378,396,-18
2012-04-30 0:50,377,395,-18
2012-04-30 0:51,376,394,-18
2012-04-30 0:52,375,393,-18
2012-04-30 0:53,374,392,-18
2012-04-30 0:54,373,390,-17
2012-04-30 0:55,371,389,-18
2012-04-30 0:56,370,388,-18
2012-04-30 0:57,369,387,-18
2012-04-30 0:58,368,386,-18
2012-04-30 0:59,367,385,-18
2012-04-30 1:00,366,384,-18
2012-04-30 1:01,364,383,-19
2012-04-30 1:02,363,381,-18
2012-04-30 1:03,362,380,-18
2012-04-30 1:04,361,379,-18
2012-04-30 1:05,360,378,-18
2012-04-30 1:06,359,377,-18
2012-04-30 1:07,358,376,-18
2012-04-30 1:08,357,374,-17
2012-04-30 1:09,356,373,-17
2012-04-30 1:10,355,372,-17
2012-04-30 1:11,354,371,-17
2012-04-30 1:12,353,370,-17
2012-04-30 1:13,351,368,-17
2012-04-30 1:14,350,367,-17
2012-04-30 1:15,349,366,-17
2012-04-30 1:16,348,365,-17
2012-04-30 1:17,347,364,-17
2012-04-30 1:18,346,362,-16
2012-04-30 1:19,344,361,-17
2012-04-30 1:20,343,360,-17
2012-04-30 1:21,342,359,-17
2012-04-30 1:22,341,357,-16
2012-04-30 1:23,340,356,-16
2012-04-30 1:24,338,355,-17
2012-04-30 1:25,337,354,-17
2012-04-30 1:26,336,353,-17
2012-04-30 1:27,335,351,-16
2012-04-30 1:28,334,350,-16
2012-04-30 1:29,333,349,-16
2012-04-30 1:30,331,348,-17
2012-04-30 1:31,330,346,-16
2012-04-30 1:32,329,345,-16
2012-04-30 1:33,328,344,-16
2012-04-30 1:34,327,343,-16
2012-04-30 1:35,325,341,-16
2012-04-30 1:36,324,340,-16
2012-04-30 1:37,323,339,-16
2012-04-30 1:38,322,337,-15
2012-04-30 1:39,321,336,-15
2012-04-30 1:40,319,335,-16
2012-04-30 1:41,318,334,-16
2012-04-30 1:42,317,332,-15
2012-04-30 1:43,316,331,-15
2012-04-30 1:44,315,330,-15
2012-04-30 1:45,314,328,-14
2012-04-30 1:46,312,327,-15
2012-04-30 1:47,311,326,-15
2012-04-30 1:48,310,325,-15
2012-04-30 1:49,309,323,-14
2012-04-30 1:50,307,322,-15
2012-04-30 1:51,306,321,-15
2012-04-30 1:52,305,320,-15
2012-04-30 1:53,304,318,-14
2012-04-30 1:54,-,317,-
2012-04-30 1:55,-,316,-
2012-04-30 1:56,302,314,-12
2012-04-30 1:57,301,313,-12
2012-04-30 1:58,299,312,-13
2012-04-30 1:59,298,310,-12
2012-04-30 2:00,297,309,-12
2012-04-30 2:01,296,308,-12
2012-04-30 2:02,295,307,-12
2012-04-30 2:03,294,305,-11
2012-04-30 2:04,293,304,-11
2012-04-30 2:05,291,303,-12
2012-04-30 2:06,290,301,-11
2012-04-30 2:07,289,300,-11
2012-04-30 2:08,288,299,-11
2012-04-30 2:09,287,298,-11
2012-04-30 2:10,286,296,-10
2012-04-30 2:11,285,295,-10
2012-04-30 2:12,283,294,-11
2012-04-30 2:13,282,292,-10
2012-04-30 2:14,281,291,-10
2012-04-30 2:15,280,290,-10
2012-04-30 2:16,279,289,-10
2012-04-30 2:17,278,287,-9
2012-04-30 2:18,277,286,-9
2012-04-30 2:19,276,285,-9
2012-04-30 2:20,275,283,-8
2012-04-30 2:21,274,282,-8
2012-04-30 2:22,273,281,-8
2012-04-30 2:23,272,279,-7
2012-04-30 2:24,271,278,-7
2012-04-30 2:25,269,277,-8
2012-04-30 2:26,268,276,-8
2012-04-30 2:27,267,274,-7
2012-04-30 2:28,266,273,-7
2012-04-30 2:29,265,272,-7
2012-04-30 2:30,264,271,-7
2012-04-30 2:31,263,269,-6
2012-04-30 2:32,262,268,-6
2012-04-30 2:33,261,267,-6
2012-04-30 2:34,260,265,-5
2012-04-30 2:35,259,264,-5
2012-04-30 2:36,258,263,-5
2012-04-30 2:37,257,262,-5
2012-04-30 2:38,256,260,-4
2012-04-30 2:39,255,259,-4
2012-04-30 2:40,254,258,-4
2012-04-30 2:41,253,257,-4
2012-04-30 2:42,252,255,-3
2012-04-30 2:43,251,254,-3
2012-04-30 2:44,250,253,-3
2012-04-30 2:45,249,252,-3
2012-04-30 2:46,248,250,-2
2012-04-30 2:47,247,249,-2
2012-04-30 2:48,246,248,-2
2012-04-30 2:49,245,247,-2
2012-04-30 2:50,244,245,-1
2012-04-30 2:51,243,244,-1
2012-04-30 2:52,242,243,-1
2012-04-30 2:53,241,242,-1
2012-04-30 2:54,240,240,0
2012-04-30 2:55,239,239,0
2012-04-30 2:56,238,238,0
2012-04-30 2:57,237,237,0
2012-04-30 2:58,236,235,1
2012-04-30 2:59,235,234,1
2012-04-30 3:00,234,233,1
2012-04-30 3:01,233,232,1
2012-04-30 3:02,232,231,1
2012-04-30 3:03,231,229,2
2012-04-30 3:04,230,228,2
2012-04-30 3:05,229,227,2
2012-04-30 3:06,228,226,2
2012-04-30 3:07,227,225,2
2012-04-30 3:08,226,223,3
2012-04-30 3:09,225,222,3
2012-04-30 3:10,224,221,3
2012-04-30 3:11,223,220,3
2012-04-30 3:12,223,219,4
2012-04-30 3:13,222,217,5
2012-04-30 3:14,221,216,5
2012-04-30 3:15,220,215,5
2012-04-30 3:16,219,214,5
2012-04-30 3:17,218,213,5
2012-04-30 3:18,217,211,6
2012-04-30 3:19,216,210,6
2012-04-30 3:20,215,209,6
2012-04-30 3:21,214,208,6
2012-04-30 3:22,213,207,6
2012-04-30 3:23,212,206,6
2012-04-30 3:24,211,205,6
2012-04-30 3:25,210,203,7
2012-04-30 3:26,209,202,7
2012-04-30 3:27,208,201,7
2012-04-30 3:28,207,200,7
2012-04-30 3:29,207,199,8
2012-04-30 3:30,205,198,7
2012-04-30 3:31,205,197,8
2012-04-30 3:32,204,195,9
2012-04-30 3:33,203,194,9
2012-04-30 3:34,202,193,9
2012-04-30 3:35,201,192,9
2012-04-30 3:36,200,191,9
2012-04-30 3:37,199,190,9
2012-04-30 3:38,198,189,9
2012-04-30 3:39,197,188,9
2012-04-30 3:40,196,187,9
2012-04-30 3:41,196,186,10
2012-04-30 3:42,195,185,10
2012-04-30 3:43,194,183,11
2012-04-30 3:44,193,182,11
2012-04-30 3:45,192,181,11
2012-04-30 3:46,191,180,11
2012-04-30 3:47,190,179,11
2012-04-30 3:48,189,178,11
2012-04-30 3:49,188,177,11
2012-04-30 3:50,187,176,11
2012-04-30 3:51,187,175,12
2012-04-30 3:52,186,174,12
2012-04-30 3:53,185,173,12
2012-04-30 3:54,184,172,12
2012-04-30 3:55,183,171,12
2012-04-30 3:56,183,170,13
2012-04-30 3:57,182,169,13
2012-04-30 3:58,181,168,13
2012-04-30 3:59,180,167,13
2012-04-30 4:00,179,166,13
2012-04-30 4:01,178,165,13
2012-04-30 4:02,177,164,13
2012-04-30 4:03,176,163,13
2012-04-30 4:04,176,162,14
2012-04-30 4:05,175,161,14
2012-04-30 4:06,174,160,14
2012-04-30 4:07,173,159,14
2012-04-30 4:08,172,158,14
2012-04-30 4:09,171,157,14
2012-04-30 4:10,171,157,14
2012-04-30 4:11,170,156,14
2012-04-30 4:12,169,155,14
2012-04-30 4:13,168,154,14
2012-04-30 4:14,167,153,14
2012-04-30 4:15,167,152,15
2012-04-30 4:16,166,151,15
2012-04-30 4:17,165,150,15
2012-04-30 4:18,164,149,15
2012-04-30 4:19,164,148,16
2012-04-30 4:20,163,148,15
2012-04-30 4:21,162,147,15
2012-04-30 4:22,161,146,15
2012-04-30 4:23,160,145,15
2012-04-30 4:24,159,144,15
2012-04-30 4:25,159,143,16
2012-04-30 4:26,158,143,15
2012-04-30 4:27,157,142,15
2012-04-30 4:28,156,141,15
2012-04-30 4:29,156,140,16
2012-04-30 4:30,155,139,16
2012-04-30 4:31,154,139,15
2012-04-30 4:32,153,138,15
2012-04-30 4:33,153,137,16
2012-04-30 4:34,152,136,16
2012-04-30 4:35,151,136,15
2012-04-30 4:36,150,135,15
2012-04-30 4:37,150,134,16
2012-04-30 4:38,149,133,16
2012-04-30 4:39,148,133,15
2012-04-30 4:40,147,132,15
2012-04-30 4:41,147,131,16
2012-04-30 4:42,146,131,15
2012-04-30 4:43,145,130,15
2012-04-30 4:44,144,129,15
2012-04-30 4:45,143,129,14
2012-04-30 4:46,143,128,15
2012-04-30 4:47,142,127,15
2012-04-30 4:48,141,127,14
2012-04-30 4:49,140,126,14
2012-04-30 4:50,140,125,15
2012-04-30 4:51,139,125,14
2012-04-30 4:52,138,124,14
2012-04-30 4:53,137,124,13
2012-04-30 4:54,137,123,14
2012-04-30 4:55,136,122,14
2012-04-30 4:56,135,122,13
2012-04-30 4:57,135,121,14
2012-04-30 4:58,134,121,13
2012-04-30 4:59,133,120,13
2012-04-30 5:00,132,120,12
2012-04-30 5:01,132,119,13
2012-04-30 5:02,131,119,12
2012-04-30 5:03,130,118,12
2012-04-30 5:04,130,118,12
2012-04-30 5:05,129,117,12
2012-04-30 5:06,129,117,12
2012-04-30 5:07,128,116,12
2012-04-30 5:08,127,116,11
2012-04-30 5:09,127,115,12
2012-04-30 5:10,126,115,11
2012-04-30 5:11,126,114,12
2012-04-30 5:12,125,114,11
2012-04-30 5:13,124,114,10
2012-04-30 5:14,124,113,11
2012-04-30 5:15,123,113,10
2012-04-30 5:16,122,112,10
2012-04-30 5:17,122,112,10
2012-04-30 5:18,121,112,9
2012-04-30 5:19,121,111,10
2012-04-30 5:20,120,111,9
2012-04-30 5:21,119,111,8
2012-04-30 5:22,119,110,9
2012-04-30 5:23,118,110,8
2012-04-30 5:24,118,110,8
2012-04-30 5:25,117,109,8
2012-04-30 5:26,117,109,8
2012-04-30 5:27,116,109,7
2012-04-30 5:28,116,109,7
2012-04-30 5:29,115,108,7
2012-04-30 5:30,115,108,7
2012-04-30 5:31,114,108,6
2012-04-30 5:32,114,108,6
2012-04-30 5:33,113,107,6
2012-04-30 5:34,113,107,6
2012-04-30 5:35,113,107,6
2012-04-30 5:36,112,107,5
2012-04-30 5:37,112,107,5
2012-04-30 5:38,111,107,4
2012-04-30 5:39,111,106,5
2012-04-30 5:40,111,106,5
2012-04-30 5:41,110,106,4
2012-04-30 5:42,110,106,4
2012-04-30 5:43,110,106,4
2012-04-30 5:44,110,106,4
2012-04-30 5:45,109,106,3
2012-04-30 5:46,109,106,3
2012-04-30 5:47,109,106,3
2012-04-30 5:48,109,106,3
2012-04-30 5:49,109,106,3
2012-04-30 5:50,109,106,3
2012-04-30 5:51,109,106,3
2012-04-30 5:52,109,106,3
2012-04-30 5:53,109,106,3
2012-04-30 5:54,109,106,3
2012-04-30 5:55,109,106,3
2012-04-30 5:56,109,106,3
2012-04-30 5:57,109,106,3
2012-04-30 5:58,109,106,3
2012-04-30 5:59,109,106,3
2012-04-30 6:00,109,106,3
2012-04-30 6:01,110,106,4
2012-04-30 6:02,110,106,4
2012-04-30 6:03,110,107,3
2012-04-30 6:04,111,107,4
2012-04-30 6:05,111,107,4
2012-04-30 6:06,112,107,5
2012-04-30 6:07,112,107,5
2012-04-30 6:08,112,107,5
2012-04-30 6:09,113,108,5
2012-04-30 6:10,113,108,5
2012-04-30 6:11,114,108,6
2012-04-30 6:12,115,108,7
2012-04-30 6:13,116,109,7
2012-04-30 6:14,116,109,7
2012-04-30 6:15,117,109,8
2012-04-30 6:16,118,109,9
2012-04-30 6:17,119,110,9
2012-04-30 6:18,120,110,10
2012-04-30 6:19,121,110,11
2012-04-30 6:20,122,111,11
2012-04-30 6:21,123,111,12
2012-04-30 6:22,124,111,13
2012-04-30 6:23,125,112,13
2012-04-30 6:24,126,112,14
2012-04-30 6:25,127,113,14
2012-04-30 6:26,128,113,15
2012-04-30 6:27,129,113,16
2012-04-30 6:28,130,114,16
2012-04-30 6:29,131,114,17
2012-04-30 6:30,131,115,16
2012-04-30 6:31,132,115,17
2012-04-30 6:32,133,116,17
2012-04-30 6:33,134,116,18
2012-04-30 6:34,135,117,18
2012-04-30 6:35,136,117,19
2012-04-30 6:36,137,118,19
2012-04-30 6:37,138,118,20
2012-04-30 6:38,140,119,21
2012-04-30 6:39,141,119,22
2012-04-30 6:40,142,120,22
2012-04-30 6:41,143,120,23
2012-04-30 6:42,144,121,23
2012-04-30 6:43,145,122,23
2012-04-30 6:44,146,122,24
2012-04-30 6:45,147,123,24
2012-04-30 6:46,148,124,24
2012-04-30 6:47,149,124,25
2012-04-30 6:48,150,125,25
2012-04-30 6:49,151,126,25
2012-04-30 6:50,151,126,25
2012-04-30 6:51,152,127,25
2012-04-30 6:52,153,128,25
2012-04-30 6:53,153,128,25
2012-04-30 6:54,154,129,25
2012-04-30 6:55,154,130,24
2012-04-30 6:56,155,131,24
2012-04-30 6:57,156,131,25
2012-04-30 6:58,156,132,24
2012-04-30 6:59,157,133,24
2012-04-30 7:00,158,134,24
2012-04-30 7:01,158,135,23
2012-04-30 7:02,159,135,24
2012-04-30 7:03,159,136,23
2012-04-30 7:04,159,137,22
2012-04-30 7:05,160,138,22
2012-04-30 7:06,161,139,22
2012-04-30 7:07,162,140,22
2012-04-30 7:08,162,141,21
2012-04-30 7:09,163,141,22
2012-04-30 7:10,164,142,22
2012-04-30 7:11,164,143,21
2012-04-30 7:12,165,144,21
2012-04-30 7:13,165,145,20
2012-04-30 7:14,166,146,20
2012-04-30 7:15,167,147,20
2012-04-30 7:16,167,148,19
2012-04-30 7:17,168,149,19
2012-04-30 7:18,169,150,19
2012-04-30 7:19,170,151,19
2012-04-30 7:20,170,152,18
2012-04-30 7:21,171,153,18
2012-04-30 7:22,172,154,18
2012-04-30 7:23,173,155,18
2012-04-30 7:24,174,156,18
2012-04-30 7:25,175,157,18
2012-04-30 7:26,176,159,17
2012-04-30 7:27,178,160,18
2012-04-30 7:28,179,161,18
2012-04-30 7:29,180,162,18
2012-04-30 7:30,181,163,18
2012-04-30 7:31,182,164,18
2012-04-30 7:32,184,165,19
2012-04-30 7:33,185,167,18
2012-04-30 7:34,186,168,18
2012-04-30 7:35,187,169,18
2012-04-30 7:36,188,170,18
2012-04-30 7:37,190,171,19
2012-04-30 7:38,191,173,18
2012-04-30 7:39,192,174,18
2012-04-30 7:40,194,175,19
2012-04-30 7:41,195,176,19
2012-04-30 7:42,197,177,20
2012-04-30 7:43,198,179,19
2012-04-30 7:44,200,180,20
2012-04-30 7:45,201,181,20
2012-04-30 7:46,202,183,19
2012-04-30 7:47,204,184,20
2012-04-30 7:48,206,185,21
2012-04-30 7:49,207,187,20
2012-04-30 7:50,209,188,21
2012-04-30 7:51,210,189,21
2012-04-30 7:52,-,191,-
2012-04-30 7:53,-,192,-
2012-04-30 7:54,-,193,-
2012-04-30 7:55,210,195,15
2012-04-30 7:56,-,196,-
2012-04-30 7:57,218,198,20
2012-04-30 7:58,220,199,21
2012-04-30 7:59,222,200,22
2012-04-30 8:00,223,202,21
2012-04-30 8:01,225,203,22
2012-04-30 8:02,226,205,21
2012-04-30 8:03,228,206,22
2012-04-30 8:04,229,208,21
2012-04-30 8:05,231,209,22
2012-04-30 8:06,233,211,22
2012-04-30 8:07,235,212,23
2012-04-30 8:08,236,214,22
2012-04-30 8:09,238,215,23
2012-04-30 8:10,240,217,23
2012-04-30 8:11,241,218,23
2012-04-30 8:12,243,220,23
2012-04-30 8:13,245,221,24
2012-04-30 8:14,246,223,23
2012-04-30 8:15,248,224,24
2012-04-30 8:16,250,226,24
2012-04-30 8:17,252,227,25
2012-04-30 8:18,253,229,24
2012-04-30 8:19,255,231,24
2012-04-30 8:20,257,232,25
2012-04-30 8:21,259,234,25
2012-04-30 8:22,260,235,25
2012-04-30 8:23,262,237,25
2012-04-30 8:24,264,239,25
2012-04-30 8:25,266,240,26
2012-04-30 8:26,267,242,25
2012-04-30 8:27,269,243,26
2012-04-30 8:28,271,245,26
2012-04-30 8:29,273,247,26
2012-04-30 8:30,274,248,26
2012-04-30 8:31,276,250,26
2012-04-30 8:32,278,252,26
2012-04-30 8:33,280,253,27
2012-04-30 8:34,282,255,27
2012-04-30 8:35,283,257,26
2012-04-30 8:36,285,258,27
2012-04-30 8:37,287,260,27
2012-04-30 8:38,288,262,26
2012-04-30 8:39,290,264,26
2012-04-30 8:40,292,265,27
2012-04-30 8:41,294,267,27
2012-04-30 8:42,296,269,27
2012-04-30 8:43,297,270,27
2012-04-30 8:44,299,272,27
2012-04-30 8:45,301,274,27
2012-04-30 8:46,302,276,26
2012-04-30 8:47,304,277,27
2012-04-30 8:48,306,279,27
2012-04-30 8:49,307,281,26
2012-04-30 8:50,309,283,26
2012-04-30 8:51,311,284,27
2012-04-30 8:52,313,286,27
2012-04-30 8:53,314,288,26
2012-04-30 8:54,316,290,26
2012-04-30 8:55,317,292,25
2012-04-30 8:56,319,293,26
2012-04-30 8:57,321,295,26
2012-04-30 8:58,322,297,25
2012-04-30 8:59,324,299,25
2012-04-30 9:00,325,301,24
2012-04-30 9:01,327,302,25
2012-04-30 9:02,329,304,25
2012-04-30 9:03,330,306,24
2012-04-30 9:04,332,308,24
2012-04-30 9:05,334,310,24
2012-04-30 9:06,335,311,24
2012-04-30 9:07,337,313,24
2012-04-30 9:08,339,315,24
2012-04-30 9:09,340,317,23
2012-04-30 9:10,342,319,23
2012-04-30 9:11,344,320,24
2012-04-30 9:12,346,322,24
2012-04-30 9:13,347,324,23
2012-04-30 9:14,349,326,23
2012-04-30 9:15,351,328,23
2012-04-30 9:16,353,329,24
2012-04-30 9:17,355,331,24
2012-04-30 9:18,356,333,23
2012-04-30 9:19,358,335,23
2012-04-30 9:20,360,337,23
2012-04-30 9:21,362,339,23
2012-04-30 9:22,363,340,23
2012-04-30 9:23,365,342,23
2012-04-30 9:24,367,344,23
2012-04-30 9:25,369,346,23
2012-04-30 9:26,371,348,23
2012-04-30 9:27,373,349,24
2012-04-30 9:28,374,351,23
2012-04-30 9:29,376,353,23
2012-04-30 9:30,378,355,23
2012-04-30 9:31,380,357,23
2012-04-30 9:32,381,358,23
2012-04-30 9:33,383,360,23
2012-04-30 9:34,385,362,23
2012-04-30 9:35,387,364,23
2012-04-30 9:36,389,366,23
2012-04-30 9:37,391,367,24
2012-04-30 9:38,392,369,23
2012-04-30 9:39,394,371,23
2012-04-30 9:40,396,373,23
2012-04-30 9:41,397,375,22
2012-04-30 9:42,399,376,23
2012-04-30 9:43,401,378,23
2012-04-30 9:44,403,380,23
2012-04-30 9:45,405,382,23
2012-04-30 9:46,407,383,24
2012-04-30 9:47,408,385,23
2012-04-30 9:48,410,387,23
2012-04-30 9:49,411,389,22
2012-04-30 9:50,413,390,23
2012-04-30 9:51,415,392,23
2012-04-30 9:52,416,394,22
2012-04-30 9:53,418,396,22
2012-04-30 9:54,420,397,23
2012-04-30 9:55,421,399,22
2012-04-30 9:56,423,401,22
2012-04-30 9:57,425,402,23
2012-04-30 9:58,426,404,22
2012-04-30 9:59,428,406,22
2012-04-30 10:00,429,407,22
2012-04-30 10:01,431,409,22
2012-04-30 10:02,432,411,21
2012-04-30 10:03,434,412,22
2012-04-30 10:04,435,414,21
2012-04-30 10:05,437,416,21
2012-04-30 10:06,438,417,21
2012-04-30 10:07,440,419,21
2012-04-30 10:08,441,421,20
2012-04-30 10:09,443,422,21
2012-04-30 10:10,445,424,21
2012-04-30 10:11,446,425,21
2012-04-30 10:12,447,427,20
2012-04-30 10:13,449,429,20
2012-04-30 10:14,450,430,20
2012-04-30 10:15,451,432,19
2012-04-30 10:16,453,433,20
2012-04-30 10:17,454,435,19
2012-04-30 10:18,455,436,19
2012-04-30 10:19,457,438,19
2012-04-30 10:20,458,439,19
2012-04-30 10:21,459,441,18
2012-04-30 10:22,460,442,18
2012-04-30 10:23,461,444,17
2012-04-30 10:24,462,445,17
2012-04-30 10:25,463,447,16
2012-04-30 10:26,464,448,16
2012-04-30 10:27,466,450,16
2012-04-30 10:28,467,451,16
2012-04-30 10:29,468,452,16
2012-04-30 10:30,469,454,15
2012-04-30 10:31,470,455,15
2012-04-30 10:32,471,457,14
2012-04-30 10:33,472,458,14
2012-04-30 10:34,473,459,14
2012-04-30 10:35,474,461,13
2012-04-30 10:36,476,462,14
2012-04-30 10:37,476,463,13
2012-04-30 10:38,477,465,12
2012-04-30 10:39,478,466,12
2012-04-30 10:40,479,467,12
2012-04-30 10:41,480,468,12
2012-04-30 10:42,481,470,11
2012-04-30 10:43,482,471,11
2012-04-30 10:44,483,472,11
2012-04-30 10:45,484,473,11
2012-04-30 10:46,485,475,10
2012-04-30 10:47,485,476,9
2012-04-30 10:48,486,477,9
2012-04-30 10:49,487,478,9
2012-04-30 10:50,488,479,9
2012-04-30 10:51,489,480,9
2012-04-30 10:52,489,482,7
2012-04-30 10:53,491,483,8
2012-04-30 10:54,492,484,8
2012-04-30 10:55,492,485,7
2012-04-30 10:56,493,486,7
2012-04-30 10:57,494,487,7
2012-04-30 10:58,495,488,7
2012-04-30 10:59,496,489,7
2012-04-30 11:00,497,490,7
2012-04-30 11:01,498,491,7
2012-04-30 11:02,499,492,7
2012-04-30 11:03,501,493,8
2012-04-30 11:04,502,494,8
2012-04-30 11:05,502,495,7
2012-04-30 11:06,503,496,7
2012-04-30 11:07,504,497,7
2012-04-30 11:08,505,498,7
2012-04-30 11:09,506,498,8
2012-04-30 11:10,506,499,7
2012-04-30 11:11,506,500,6
2012-04-30 11:12,507,501,6
2012-04-30 11:13,508,502,6
2012-04-30 11:14,508,503,5
2012-04-30 11:15,509,503,6
2012-04-30 11:16,510,504,6
2012-04-30 11:17,510,505,5
2012-04-30 11:18,511,506,5
2012-04-30 11:19,512,506,6
2012-04-30 11:20,512,507,5
2012-04-30 11:21,512,508,4
2012-04-30 11:22,513,508,5
2012-04-30 11:23,514,509,5
2012-04-30 11:24,514,510,4
2012-04-30 11:25,515,510,5
2012-04-30 11:26,516,511,5
2012-04-30 11:27,516,511,5
2012-04-30 11:28,517,512,5
2012-04-30 11:29,517,513,4
2012-04-30 11:30,517,513,4
2012-04-30 11:31,517,514,3
2012-04-30 11:32,518,514,4
2012-04-30 11:33,518,515,3
2012-04-30 11:34,518,515,3
2012-04-30 11:35,518,515,3
2012-04-30 11:36,518,516,2
2012-04-30 11:37,519,516,3
2012-04-30 11:38,519,517,2
2012-04-30 11:39,519,517,2
2012-04-30 11:40,520,518,2
2012-04-30 11:41,520,518,2
2012-04-30 11:42,520,518,2
2012-04-30 11:43,520,519,1
2012-04-30 11:44,521,519,2
2012-04-30 11:45,521,519,2
2012-04-30 11:46,521,519,2
2012-04-30 11:47,521,520,1
2012-04-30 11:48,521,520,1
2012-04-30 11:49,521,520,1
2012-04-30 11:50,521,520,1
2012-04-30 11:51,521,520,1
2012-04-30 11:52,521,521,0
2012-04-30 11:53,521,521,0
2012-04-30 11:54,521,521,0
2012-04-30 11:55,520,521,-1
2012-04-30 11:56,520,521,-1
2012-04-30 11:57,520,521,-1
2012-04-30 11:58,520,521,-1
2012-04-30 11:59,520,521,-1
2012-04-30 12:00,519,521,-2
2012-04-30 12:01,519,521,-2
2012-04-30 12:02,519,521,-2
2012-04-30 12:03,519,521,-2
2012-04-30 12:04,518,521,-3
2012-04-30 12:05,518,521,-3
2012-04-30 12:06,518,521,-3
2012-04-30 12:07,517,521,-4
2012-04-30 12:08,517,521,-4
2012-04-30 12:09,517,521,-4
2012-04-30 12:10,516,521,-5
2012-04-30 12:11,516,521,-5
2012-04-30 12:12,515,521,-6
2012-04-30 12:13,515,520,-5
2012-04-30 12:14,514,520,-6
2012-04-30 12:15,514,520,-6
2012-04-30 12:16,514,520,-6
2012-04-30 12:17,513,520,-7
2012-04-30 12:18,512,519,-7
2012-04-30 12:19,512,519,-7
2012-04-30 12:20,511,519,-8
2012-04-30 12:21,511,518,-7
2012-04-30 12:22,510,518,-8
2012-04-30 12:23,510,518,-8
2012-04-30 12:24,509,517,-8
2012-04-30 12:25,509,517,-8
2012-04-30 12:26,508,517,-9
2012-04-30 12:27,508,516,-8
2012-04-30 12:28,507,516,-9
2012-04-30 12:29,506,515,-9
2012-04-30 12:30,506,515,-9
2012-04-30 12:31,505,515,-10
2012-04-30 12:32,504,514,-10
2012-04-30 12:33,503,514,-11
2012-04-30 12:34,502,513,-11
2012-04-30 12:35,502,513,-11
2012-04-30 12:36,501,512,-11
2012-04-30 12:37,500,512,-12
2012-04-30 12:38,499,511,-12
2012-04-30 12:39,498,511,-13
2012-04-30 12:40,498,510,-12
2012-04-30 12:41,496,509,-13
2012-04-30 12:42,495,509,-14
2012-04-30 12:43,494,508,-14
2012-04-30 12:44,493,508,-15
2012-04-30 12:45,493,507,-14
2012-04-30 12:46,492,506,-14
2012-04-30 12:47,491,506,-15
2012-04-30 12:48,490,505,-15
2012-04-30 12:49,489,504,-15
2012-04-30 12:50,488,503,-15
2012-04-30 12:51,487,503,-16
2012-04-30 12:52,486,502,-16
2012-04-30 12:53,485,501,-16
2012-04-30 12:54,484,501,-17
2012-04-30 12:55,483,500,-17
2012-04-30 12:56,483,499,-16
2012-04-30 12:57,482,498,-16
2012-04-30 12:58,481,497,-16
2012-04-30 12:59,480,497,-17
2012-04-30 13:00,479,496,-17
2012-04-30 13:01,478,495,-17
2012-04-30 13:02,477,494,-17
2012-04-30 13:03,476,493,-17
2012-04-30 13:04,475,492,-17
2012-04-30 13:05,474,491,-17
2012-04-30 13:06,473,491,-18
2012-04-30 13:07,472,490,-18
2012-04-30 13:08,471,489,-18
2012-04-30 13:09,469,488,-19
2012-04-30 13:10,469,487,-18
2012-04-30 13:11,467,486,-19
2012-04-30 13:12,466,485,-19
2012-04-30 13:13,465,484,-19
2012-04-30 13:14,465,483,-18
2012-04-30 13:15,463,482,-19
2012-04-30 13:16,462,481,-19
2012-04-30 13:17,462,480,-18
2012-04-30 13:18,460,479,-19
2012-04-30 13:19,459,478,-19
2012-04-30 13:20,458,477,-19
2012-04-30 13:21,457,476,-19
2012-04-30 13:22,456,475,-19
2012-04-30 13:23,455,474,-19
2012-04-30 13:24,454,473,-19
2012-04-30 13:25,453,472,-19
2012-04-30 13:26,451,470,-19
2012-04-30 13:27,450,469,-19
2012-04-30 13:28,449,468,-19
2012-04-30 13:29,448,467,-19
2012-04-30 13:30,447,466,-19
2012-04-30 13:31,446,465,-19
2012-04-30 13:32,445,464,-19
2012-04-30 13:33,444,463,-19
2012-04-30 13:34,442,461,-19
2012-04-30 13:35,441,460,-19
2012-04-30 13:36,440,459,-19
2012-04-30 13:37,439,458,-19
2012-04-30 13:38,437,457,-20
2012-04-30 13:39,436,456,-20
2012-04-30 13:40,435,454,-19
2012-04-30 13:41,434,453,-19
2012-04-30 13:42,433,452,-19
2012-04-30 13:43,432,451,-19
2012-04-30 13:44,431,449,-18
2012-04-30 13:45,430,448,-18
2012-04-30 13:46,429,447,-18
2012-04-30 13:47,427,446,-19
2012-04-30 13:48,426,444,-18
2012-04-30 13:49,425,443,-18
2012-04-30 13:50,423,442,-19
2012-04-30 13:51,422,441,-19
2012-04-30 13:52,422,439,-17
2012-04-30 13:53,420,438,-18
2012-04-30 13:54,419,437,-18
2012-04-30 13:55,418,436,-18
2012-04-30 13:56,417,434,-17
2012-04-30 13:57,416,433,-17
2012-04-30 13:58,415,432,-17
2012-04-30 13:59,413,430,-17
2012-04-30 14:00,412,429,-17
2012-04-30 14:01,411,428,-17
2012-04-30 14:02,410,426,-16
2012-04-30 14:03,409,425,-16
2012-04-30 14:04,408,424,-16
2012-04-30 14:05,407,422,-15
2012-04-30 14:06,405,421,-16
2012-04-30 14:07,404,420,-16
2012-04-30 14:08,403,418,-15
2012-04-30 14:09,402,417,-15
2012-04-30 14:10,401,416,-15
2012-04-30 14:11,400,414,-14
2012-04-30 14:12,399,413,-14
2012-04-30 14:13,398,411,-13
2012-04-30 14:14,396,410,-14
2012-04-30 14:15,395,409,-14
2012-04-30 14:16,394,407,-13
2012-04-30 14:17,393,406,-13
2012-04-30 14:18,392,405,-13
2012-04-30 14:19,390,403,-13
2012-04-30 14:20,390,402,-12
2012-04-30 14:21,389,400,-11
2012-04-30 14:22,387,399,-12
2012-04-30 14:23,386,398,-12
2012-04-30 14:24,385,396,-11
2012-04-30 14:25,383,395,-12
2012-04-30 14:26,382,393,-11
2012-04-30 14:27,381,392,-11
2012-04-30 14:28,380,391,-11
2012-04-30 14:29,379,389,-10
2012-04-30 14:30,377,388,-11
2012-04-30 14:31,376,386,-10
2012-04-30 14:32,375,385,-10
2012-04-30 14:33,374,383,-9
2012-04-30 14:34,373,382,-9
2012-04-30 14:35,372,381,-9
2012-04-30 14:36,370,379,-9
2012-04-30 14:37,369,378,-9
2012-04-30 14:38,367,376,-9
2012-04-30 14:39,366,375,-9
2012-04-30 14:40,365,373,-8
2012-04-30 14:41,364,372,-8
2012-04-30 14:42,363,371,-8
2012-04-30 14:43,362,369,-7
2012-04-30 14:44,361,368,-7
2012-04-30 14:45,359,366,-7
2012-04-30 14:46,358,365,-7
2012-04-30 14:47,357,363,-6
2012-04-30 14:48,356,362,-6
2012-04-30 14:49,355,361,-6
2012-04-30 14:50,354,359,-5
2012-04-30 14:51,353,358,-5
2012-04-30 14:52,352,356,-4
2012-04-30 14:53,351,355,-4
2012-04-30 14:54,350,353,-3
2012-04-30 14:55,349,352,-3
2012-04-30 14:56,347,351,-4
2012-04-30 14:57,346,349,-3
2012-04-30 14:58,345,348,-3
2012-04-30 14:59,344,346,-2
2012-04-30 15:00,343,345,-2
2012-04-30 15:01,342,343,-1
2012-04-30 15:02,341,342,-1
2012-04-30 15:03,340,341,-1
2012-04-30 15:04,339,339,0
2012-04-30 15:05,337,338,-1
2012-04-30 15:06,336,336,0
2012-04-30 15:07,336,335,1
2012-04-30 15:08,335,333,2
2012-04-30 15:09,333,332,1
2012-04-30 15:10,332,331,1
2012-04-30 15:11,331,329,2
2012-04-30 15:12,330,328,2
2012-04-30 15:13,329,326,3
2012-04-30 15:14,328,325,3
2012-04-30 15:15,327,324,3
2012-04-30 15:16,326,322,4
2012-04-30 15:17,324,321,3
2012-04-30 15:18,323,319,4
2012-04-30 15:19,322,318,4
2012-04-30 15:20,321,317,4
2012-04-30 15:21,320,315,5
2012-04-30 15:22,319,314,5
2012-04-30 15:23,318,312,6
2012-04-30 15:24,317,311,6
2012-04-30 15:25,315,310,5
2012-04-30 15:26,315,308,7
2012-04-30 15:27,313,307,6
2012-04-30 15:28,312,306,6
2012-04-30 15:29,311,304,7
2012-04-30 15:30,310,303,7
2012-04-30 15:31,309,301,8
2012-04-30 15:32,308,300,8
2012-04-30 15:33,307,299,8
2012-04-30 15:34,306,297,9
2012-04-30 15:35,304,296,8
2012-04-30 15:36,303,295,8
2012-04-30 15:37,302,293,9
2012-04-30 15:38,301,292,9
2012-04-30 15:39,300,291,9
2012-04-30 15:40,299,289,10
2012-04-30 15:41,298,288,10
2012-04-30 15:42,297,287,10
2012-04-30 15:43,296,285,11
2012-04-30 15:44,295,284,11
2012-04-30 15:45,294,283,11
2012-04-30 15:46,293,281,12
2012-04-30 15:47,292,280,12
2012-04-30 15:48,291,279,12
2012-04-30 15:49,290,278,12
2012-04-30 15:50,289,276,13
2012-04-30 15:51,288,275,13
2012-04-30 15:52,287,274,13
2012-04-30 15:53,286,272,14
2012-04-30 15:54,284,271,13
2012-04-30 15:55,284,270,14
2012-04-30 15:56,283,269,14
2012-04-30 15:57,282,267,15
2012-04-30 15:58,281,266,15
2012-04-30 15:59,280,265,15
2012-04-30 16:00,279,264,15
2012-04-30 16:01,278,262,16
2012-04-30 16:02,277,261,16
2012-04-30 16:03,276,260,16
2012-04-30 16:04,275,259,16
2012-04-30 16:05,274,257,17
2012-04-30 16:06,273,256,17
2012-04-30 16:07,271,255,16
2012-04-30 16:08,270,254,16
2012-04-30 16:09,269,253,16
2012-04-30 16:10,268,251,17
2012-04-30 16:11,267,250,17
2012-04-30 16:12,266,249,17
2012-04-30 16:13,265,248,17
2012-04-30 16:14,264,247,17
2012-04-30 16:15,264,245,19
2012-04-30 16:16,262,244,18
2012-04-30 16:17,261,243,18
2012-04-30 16:18,260,242,18
2012-04-30 16:19,259,241,18
2012-04-30 16:20,258,240,18
2012-04-30 16:21,256,239,17
2012-04-30 16:22,255,237,18
2012-04-30 16:23,254,236,18
2012-04-30 16:24,253,235,18
2012-04-30 16:25,252,234,18
2012-04-30 16:26,251,233,18
2012-04-30 16:27,250,232,18
2012-04-30 16:28,250,231,19
2012-04-30 16:29,248,230,18
2012-04-30 16:30,247,229,18
2012-04-30 16:31,246,228,18
2012-04-30 16:32,245,227,18
2012-04-30 16:33,245,226,19
2012-04-30 16:34,243,224,19
2012-04-30 16:35,243,223,20
2012-04-30 16:36,242,222,20
2012-04-30 16:37,241,221,20
2012-04-30 16:38,240,220,20
2012-04-30 16:39,239,219,20
2012-04-30 16:40,238,218,20
2012-04-30 16:41,238,217,21
2012-04-30 16:42,236,216,20
2012-04-30 16:43,235,215,20
2012-04-30 16:44,235,214,21
2012-04-30 16:45,233,213,20
2012-04-30 16:46,233,212,21
2012-04-30 16:47,232,211,21
2012-04-30 16:48,231,210,21
2012-04-30 16:49,230,210,20
2012-04-30 16:50,229,209,20
2012-04-30 16:51,229,208,21
2012-04-30 16:52,228,207,21
2012-04-30 16:53,227,206,21
2012-04-30 16:54,226,205,21
2012-04-30 16:55,225,204,21
2012-04-30 16:56,224,203,21
2012-04-30 16:57,223,202,21
2012-04-30 16:58,223,201,22
2012-04-30 16:59,222,200,22
2012-04-30 17:00,221,200,21
2012-04-30 17:01,220,199,21
2012-04-30 17:02,219,198,21
2012-04-30 17:03,218,197,21
2012-04-30 17:04,217,196,21
2012-04-30 17:05,216,195,21
2012-04-30 17:06,216,195,21
2012-04-30 17:07,215,194,21
2012-04-30 17:08,214,193,21
2012-04-30 17:09,213,192,21
2012-04-30 17:10,212,191,21
2012-04-30 17:11,212,191,21
2012-04-30 17:12,211,190,21
2012-04-30 17:13,210,189,21
2012-04-30 17:14,209,188,21
2012-04-30 17:15,208,187,21
2012-04-30 17:16,207,187,20
2012-04-30 17:17,207,186,21
2012-04-30 17:18,206,185,21
2012-04-30 17:19,205,185,20
2012-04-30 17:20,204,184,20
2012-04-30 17:21,203,183,20
2012-04-30 17:22,203,182,21
2012-04-30 17:23,202,182,20
2012-04-30 17:24,201,181,20
2012-04-30 17:25,200,180,20
2012-04-30 17:26,200,180,20
2012-04-30 17:27,199,179,20
2012-04-30 17:28,198,178,20
2012-04-30 17:29,197,178,19
2012-04-30 17:30,197,177,20
2012-04-30 17:31,196,177,19
2012-04-30 17:32,195,176,19
2012-04-30 17:33,194,175,19
2012-04-30 17:34,194,175,19
2012-04-30 17:35,193,174,19
2012-04-30 17:36,192,174,18
2012-04-30 17:37,191,173,18
2012-04-30 17:38,191,172,19
2012-04-30 17:39,190,172,18
2012-04-30 17:40,189,171,18
2012-04-30 17:41,189,171,18
2012-04-30 17:42,188,170,18
2012-04-30 17:43,187,170,17
2012-04-30 17:44,186,169,17
2012-04-30 17:45,186,169,17
2012-04-30 17:46,185,168,17
2012-04-30 17:47,185,168,17
2012-04-30 17:48,184,167,17
2012-04-30 17:49,183,167,16
2012-04-30 17:50,183,166,17
2012-04-30 17:51,182,166,16
2012-04-30 17:52,181,165,16
2012-04-30 17:53,181,165,16
2012-04-30 17:54,180,165,15
2012-04-30 17:55,179,164,15
2012-04-30 17:56,179,164,15
2012-04-30 17:57,178,163,15
2012-04-30 17:58,178,163,15
2012-04-30 17:59,177,163,14
2012-04-30 18:00,176,162,14
2012-04-30 18:01,176,162,14
2012-04-30 18:02,175,161,14
2012-04-30 18:03,174,161,13
2012-04-30 18:04,174,161,13
2012-04-30 18:05,173,160,13
2012-04-30 18:06,173,160,13
2012-04-30 18:07,172,160,12
2012-04-30 18:08,171,160,11
2012-04-30 18:09,171,159,12
2012-04-30 18:10,170,159,11
2012-04-30 18:11,170,159,11
2012-04-30 18:12,169,158,11
2012-04-30 18:13,169,158,11
2012-04-30 18:14,168,158,10
2012-04-30 18:15,168,158,10
2012-04-30 18:16,167,157,10
2012-04-30 18:17,167,157,10
2012-04-30 18:18,166,157,9
2012-04-30 18:19,166,157,9
2012-04-30 18:20,165,157,8
2012-04-30 18:21,165,156,9
2012-04-30 18:22,165,156,9
2012-04-30 18:23,164,156,8
2012-04-30 18:24,164,156,8
2012-04-30 18:25,163,156,7
2012-04-30 18:26,163,156,7
2012-04-30 18:27,162,155,7
2012-04-30 18:28,162,155,7
2012-04-30 18:29,162,155,7
2012-04-30 18:30,161,155,6
2012-04-30 18:31,160,155,5
2012-04-30 18:32,160,155,5
2012-04-30 18:33,160,155,5
2012-04-30 18:34,159,155,4
2012-04-30 18:35,159,155,4
2012-04-30 18:36,159,155,4
2012-04-30 18:37,158,154,4
2012-04-30 18:38,158,154,4
2012-04-30 18:39,157,154,3
2012-04-30 18:40,157,154,3
2012-04-30 18:41,157,154,3
2012-04-30 18:42,156,154,2
2012-04-30 18:43,156,154,2
2012-04-30 18:44,156,154,2
2012-04-30 18:45,155,154,1
2012-04-30 18:46,155,154,1
2012-04-30 18:47,155,154,1
2012-04-30 18:48,154,154,0
2012-04-30 18:49,154,155,-1
2012-04-30 18:50,154,155,-1
2012-04-30 18:51,153,155,-2
2012-04-30 18:52,153,155,-2
2012-04-30 18:53,153,155,-2
2012-04-30 18:54,152,155,-3
2012-04-30 18:55,152,155,-3
2012-04-30 18:56,152,155,-3
2012-04-30 18:57,152,155,-3
2012-04-30 18:58,151,155,-4
2012-04-30 18:59,151,156,-5
2012-04-30 19:00,151,156,-5
2012-04-30 19:01,151,156,-5
2012-04-30 19:02,151,156,-5
2012-04-30 19:03,151,156,-5
2012-04-30 19:04,151,156,-5
2012-04-30 19:05,151,157,-6
2012-04-30 19:06,151,157,-6
2012-04-30 19:07,151,157,-6
2012-04-30 19:08,151,157,-6
2012-04-30 19:09,151,157,-6
2012-04-30 19:10,151,158,-7
2012-04-30 19:11,152,158,-6
2012-04-30 19:12,152,158,-6
2012-04-30 19:13,152,158,-6
2012-04-30 19:14,153,159,-6
2012-04-30 19:15,153,159,-6
2012-04-30 19:16,153,159,-6
2012-04-30 19:17,154,160,-6
2012-04-30 19:18,154,160,-6
2012-04-30 19:19,155,160,-5
2012-04-30 19:20,155,161,-6
2012-04-30 19:21,156,161,-5
2012-04-30 19:22,156,161,-5
2012-04-30 19:23,156,162,-6
2012-04-30 19:24,157,162,-5
2012-04-30 19:25,157,162,-5
2012-04-30 19:26,158,163,-5
2012-04-30 19:27,159,163,-4
2012-04-30 19:28,159,164,-5
2012-04-30 19:29,160,164,-4
2012-04-30 19:30,161,164,-3
2012-04-30 19:31,162,165,-3
2012-04-30 19:32,162,165,-3
2012-04-30 19:33,163,166,-3
2012-04-30 19:34,164,166,-2
2012-04-30 19:35,165,167,-2
2012-04-30 19:36,166,167,-1
2012-04-30 19:37,166,168,-2
2012-04-30 19:38,167,168,-1
2012-04-30 19:39,168,169,-1
2012-04-30 19:40,169,169,0
2012-04-30 19:41,170,170,0
2012-04-30 19:42,170,170,0
2012-04-30 19:43,171,171,0
2012-04-30 19:44,172,171,1
2012-04-30 19:45,173,172,1
2012-04-30 19:46,174,172,2
2012-04-30 19:47,174,173,1
2012-04-30 19:48,175,173,2
2012-04-30 19:49,176,174,2
2012-04-30 19:50,177,175,2
2012-04-30 19:51,178,175,3
2012-04-30 19:52,178,176,2
2012-04-30 19:53,179,176,3
2012-04-30 19:54,180,177,3
2012-04-30 19:55,181,178,3
2012-04-30 19:56,182,178,4
2012-04-30 19:57,183,179,4
2012-04-30 19:58,183,180,3
2012-04-30 19:59,184,180,4
2012-04-30 20:00,185,181,4
2012-04-30 20:01,186,182,4
2012-04-30 20:02,187,182,5
2012-04-30 20:03,187,183,4
2012-04-30 20:04,188,184,4
2012-04-30 20:05,189,184,5
2012-04-30 20:06,190,185,5
2012-04-30 20:07,191,186,5
2012-04-30 20:08,191,187,4
2012-04-30 20:09,192,187,5
2012-04-30 20:10,193,188,5
2012-04-30 20:11,193,189,4
2012-04-30 20:12,194,190,4
2012-04-30 20:13,195,190,5
2012-04-30 20:14,196,191,5
2012-04-30 20:15,196,192,4
2012-04-30 20:16,197,193,4
2012-04-30 20:17,197,194,3
2012-04-30 20:18,198,194,4
2012-04-30 20:19,199,195,4
2012-04-30 20:20,199,196,3
2012-04-30 20:21,200,197,3
2012-04-30 20:22,200,198,2
2012-04-30 20:23,201,199,2
2012-04-30 20:24,202,200,2
2012-04-30 20:25,203,200,3
2012-04-30 20:26,203,201,2
2012-04-30 20:27,204,202,2
2012-04-30 20:28,205,203,2
2012-04-30 20:29,206,204,2
2012-04-30 20:30,207,205,2
2012-04-30 20:31,207,206,1
2012-04-30 20:32,208,207,1
2012-04-30 20:33,209,208,1
2012-04-30 20:34,210,209,1
2012-04-30 20:35,211,210,1
2012-04-30 20:36,211,211,0
2012-04-30 20:37,212,212,0
2012-04-30 20:38,213,213,0
2012-04-30 20:39,214,214,0
2012-04-30 20:40,215,215,0
2012-04-30 20:41,216,216,0
2012-04-30 20:42,216,217,-1
2012-04-30 20:43,218,218,0
2012-04-30 20:44,219,219,0
2012-04-30 20:45,220,220,0
2012-04-30 20:46,221,221,0
2012-04-30 20:47,222,222,0
2012-04-30 20:48,224,223,1
2012-04-30 20:49,225,224,1
2012-04-30 20:50,226,225,1
2012-04-30 20:51,227,226,1
2012-04-30 20:52,228,227,1
2012-04-30 20:53,230,228,2
2012-04-30 20:54,231,229,2
2012-04-30 20:55,232,230,2
2012-04-30 20:56,234,231,3
2012-04-30 20:57,235,232,3
2012-04-30 20:58,237,233,4
2012-04-30 20:59,238,235,3
2012-04-30 21:00,239,236,3
2012-04-30 21:01,240,237,3
2012-04-30 21:02,242,238,4
2012-04-30 21:03,243,239,4
2012-04-30 21:04,245,240,5
2012-04-30 21:05,246,241,5
2012-04-30 21:06,247,243,4
2012-04-30 21:07,248,244,4
2012-04-30 21:08,250,245,5
2012-04-30 21:09,251,246,5
2012-04-30 21:10,253,247,6
2012-04-30 21:11,254,248,6
2012-04-30 21:12,256,250,6
2012-04-30 21:13,257,251,6
2012-04-30 21:14,258,252,6
2012-04-30 21:15,260,253,7
2012-04-30 21:16,261,254,7
2012-04-30 21:17,263,256,7
2012-04-30 21:18,264,257,7
2012-04-30 21:19,265,258,7
2012-04-30 21:20,267,259,8
2012-04-30 21:21,268,261,7
2012-04-30 21:22,269,262,7
2012-04-30 21:23,271,263,8
2012-04-30 21:24,272,264,8
2012-04-30 21:25,274,266,8
2012-04-30 21:26,275,267,8
2012-04-30 21:27,276,268,8
2012-04-30 21:28,278,269,9
2012-04-30 21:29,279,271,8
2012-04-30 21:30,280,272,8
2012-04-30 21:31,281,273,8
2012-04-30 21:32,283,274,9
2012-04-30 21:33,284,276,8
2012-04-30 21:34,285,277,8
2012-04-30 21:35,287,278,9
2012-04-30 21:36,288,280,8
2012-04-30 21:37,289,281,8
2012-04-30 21:38,291,282,9
2012-04-30 21:39,292,283,9
2012-04-30 21:40,294,285,9
2012-04-30 21:41,295,286,9
2012-04-30 21:42,296,287,9
2012-04-30 21:43,298,289,9
2012-04-30 21:44,299,290,9
2012-04-30 21:45,301,291,10
2012-04-30 21:46,302,293,9
2012-04-30 21:47,304,294,10
2012-04-30 21:48,305,295,10
2012-04-30 21:49,306,297,9
2012-04-30 21:50,308,298,10
2012-04-30 21:51,310,299,11
2012-04-30 21:52,311,300,11
2012-04-30 21:53,312,302,10
2012-04-30 21:54,314,303,11
2012-04-30 21:55,315,304,11
2012-04-30 21:56,317,306,11
2012-04-30 21:57,318,307,11
2012-04-30 21:58,319,308,11
2012-04-30 21:59,321,310,11
2012-04-30 22:00,322,311,11
2012-04-30 22:01,324,312,12
2012-04-30 22:02,325,314,11
2012-04-30 22:03,327,315,12
2012-04-30 22:04,328,316,12
2012-04-30 22:05,330,318,12
2012-04-30 22:06,331,319,12
2012-04-30 22:07,333,320,13
2012-04-30 22:08,334,322,12
2012-04-30 22:09,335,323,12
2012-04-30 22:10,336,324,12
2012-04-30 22:11,338,326,12
2012-04-30 22:12,339,327,12
2012-04-30 22:13,340,328,12
2012-04-30 22:14,341,330,11
2012-04-30 22:15,343,331,12
2012-04-30 22:16,344,332,12
2012-04-30 22:17,345,334,11
2012-04-30 22:18,346,335,11
2012-04-30 22:19,348,336,12
2012-04-30 22:20,349,338,11
2012-04-30 22:21,350,339,11
2012-04-30 22:22,351,340,11
2012-04-30 22:23,352,342,10
2012-04-30 22:24,354,343,11
2012-04-30 22:25,355,344,11
2012-04-30 22:26,356,346,10
2012-04-30 22:27,357,347,10
2012-04-30 22:28,358,348,10
2012-04-30 22:29,360,349,11
2012-04-30 22:30,361,351,10
2012-04-30 22:31,362,352,10
2012-04-30 22:32,363,353,10
2012-04-30 22:33,365,355,10
2012-04-30 22:34,366,356,10
2012-04-30 22:35,367,357,10
2012-04-30 22:36,369,358,11
2012-04-30 22:37,370,360,10
2012-04-30 22:38,372,361,11
2012-04-30 22:39,373,362,11
2012-04-30 22:40,374,363,11
2012-04-30 22:41,375,365,10
2012-04-30 22:42,377,366,11
2012-04-30 22:43,378,367,11
2012-04-30 22:44,380,368,12
2012-04-30 22:45,381,370,11
2012-04-30 22:46,383,371,12
2012-04-30 22:47,385,372,13
2012-04-30 22:48,386,373,13
2012-04-30 22:49,388,375,13
2012-04-30 22:50,389,376,13
2012-04-30 22:51,391,377,14
2012-04-30 22:52,392,378,14
2012-04-30 22:53,394,379,15
2012-04-30 22:54,395,381,14
2012-04-30 22:55,396,382,14
2012-04-30 22:56,398,383,15
2012-04-30 22:57,399,384,15
2012-04-30 22:58,401,385,16
2012-04-30 22:59,402,386,16
2012-04-30 23:00,403,387,16
2012-04-30 23:01,404,389,15
2012-04-30 23:02,406,390,16
2012-04-30 23:03,407,391,16
2012-04-30 23:04,408,392,16
2012-04-30 23:05,409,393,16
2012-04-30 23:06,410,394,16
2012-04-30 23:07,411,395,16
2012-04-30 23:08,412,396,16
2012-04-30 23:09,413,397,16
2012-04-30 23:10,414,399,15
2012-04-30 23:11,414,400,14
2012-04-30 23:12,415,401,14
2012-04-30 23:13,416,402,14
2012-04-30 23:14,417,403,14
2012-04-30 23:15,418,404,14
2012-04-30 23:16,419,405,14
2012-04-30 23:17,419,406,13
2012-04-30 23:18,420,407,13
2012-04-30 23:19,421,408,13
2012-04-30 23:20,422,409,13
2012-04-30 23:21,422,410,12
2012-04-30 23:22,423,411,12
2012-04-30 23:23,424,412,12
2012-04-30 23:24,424,413,11
2012-04-30 23:25,425,414,11
2012-04-30 23:26,426,414,12
2012-04-30 23:27,427,415,12
2012-04-30 23:28,427,416,11
2012-04-30 23:29,428,417,11
2012-04-30 23:30,428,418,10
2012-04-30 23:31,429,419,10
2012-04-30 23:32,430,420,10
2012-04-30 23:33,431,421,10
2012-04-30 23:34,431,422,9
2012-04-30 23:35,432,422,10
2012-04-30 23:36,432,423,9
2012-04-30 23:37,433,424,9
2012-04-30 23:38,433,425,8
2012-04-30 23:39,434,426,8
2012-04-30 23:40,435,426,9
2012-04-30 23:41,435,427,8
2012-04-30 23:42,436,428,8
2012-04-30 23:43,436,429,7
2012-04-30 23:44,437,429,8
2012-04-30 23:45,438,430,8
2012-04-30 23:46,438,431,7
2012-04-30 23:47,439,432,7
2012-04-30 23:48,439,432,7
2012-04-30 23:49,440,433,7
2012-04-30 23:50,440,434,6
2012-04-30 23:51,441,434,7
2012-04-30 23:52,441,435,6
2012-04-30 23:53,442,436,6
2012-04-30 23:54,442,436,6
2012-04-30 23:55,442,437,5
2012-04-30 23:56,443,437,6
2012-04-30 23:57,444,438,6
2012-04-30 23:58,444,439,5
2012-04-30 23:59,445,439,6
2012-05-01 0:00,445,440,5
2012-05-01 0:01,445,440,5
2012-05-01 0:02,446,441,5
2012-05-01 0:03,446,441,5
2012-05-01 0:04,447,442,5
2012-05-01 0:05,447,442,5
2012-05-01 0:06,447,443,4
2012-05-01 0:07,448,443,5
2012-05-01 0:08,448,444,4
2012-05-01 0:09,449,444,5
2012-05-01 0:10,449,445,4
2012-05-01 0:11,449,445,4
2012-05-01 0:12,449,445,4
2012-05-01 0:13,450,446,4
2012-05-01 0:14,450,446,4
2012-05-01 0:15,450,447,3
2012-05-01 0:16,451,447,4
2012-05-01 0:17,451,447,4
2012-05-01 0:18,451,448,3
2012-05-01 0:19,451,448,3
2012-05-01 0:20,451,448,3
2012-05-01 0:21,451,448,3
2012-05-01 0:22,451,449,2
2012-05-01 0:23,451,449,2
2012-05-01 0:24,451,449,2
2012-05-01 0:25,452,449,3
2012-05-01 0:26,452,450,2
2012-05-01 0:27,452,450,2
2012-05-01 0:28,452,450,2
2012-05-01 0:29,452,450,2
2012-05-01 0:30,452,450,2
2012-05-01 0:31,451,451,0
2012-05-01 0:32,451,451,0
2012-05-01 0:33,451,451,0
2012-05-01 0:34,451,451,0
2012-05-01 0:35,451,451,0
2012-05-01 0:36,451,451,0
2012-05-01 0:37,451,451,0
2012-05-01 0:38,450,451,-1
2012-05-01 0:39,450,451,-1
2012-05-01 0:40,450,451,-1
2012-05-01 0:41,450,451,-1
2012-05-01 0:42,450,451,-1
2012-05-01 0:43,449,451,-2
2012-05-01 0:44,449,451,-2
2012-05-01 0:45,449,451,-2
2012-05-01 0:46,449,451,-2
2012-05-01 0:47,448,451,-3
2012-05-01 0:48,448,451,-3
2012-05-01 0:49,448,451,-3
2012-05-01 0:50,447,451,-4
2012-05-01 0:51,447,451,-4
2012-05-01 0:52,446,451,-5
2012-05-01 0:53,446,451,-5
2012-05-01 0:54,445,451,-6
2012-05-01 0:55,445,450,-5
2012-05-01 0:56,444,450,-6
2012-05-01 0:57,443,450,-7
2012-05-01 0:58,443,450,-7
2012-05-01 0:59,443,450,-7
2012-05-01 1:00,442,449,-7
2012-05-01 1:01,442,449,-7
2012-05-01 1:02,441,449,-8
2012-05-01 1:03,440,449,-9
2012-05-01 1:04,440,448,-8
2012-05-01 1:05,439,448,-9
2012-05-01 1:06,438,448,-10
2012-05-01 1:07,437,447,-10
2012-05-01 1:08,437,447,-10
2012-05-01 1:09,436,447,-11
2012-05-01 1:10,436,446,-10
2012-05-01 1:11,435,446,-11
2012-05-01 1:12,435,446,-11
2012-05-01 1:13,434,445,-11
2012-05-01 1:14,433,445,-12
2012-05-01 1:15,432,444,-12
2012-05-01 1:16,431,444,-13
2012-05-01 1:17,431,444,-13
2012-05-01 1:18,430,443,-13
2012-05-01 1:19,429,443,-14
2012-05-01 1:20,428,442,-14
2012-05-01 1:21,428,442,-14
2012-05-01 1:22,427,441,-14
2012-05-01 1:23,426,441,-15
2012-05-01 1:24,425,440,-15
2012-05-01 1:25,425,440,-15
2012-05-01 1:26,424,439,-15
2012-05-01 1:27,422,439,-17
2012-05-01 1:28,422,438,-16
2012-05-01 1:29,421,437,-16
2012-05-01 1:30,420,437,-17
2012-05-01 1:31,419,436,-17
2012-05-01 1:32,418,436,-18
2012-05-01 1:33,417,435,-18
2012-05-01 1:34,417,434,-17
2012-05-01 1:35,416,434,-18
2012-05-01 1:36,415,433,-18
2012-05-01 1:37,414,432,-18
2012-05-01 1:38,413,432,-19
2012-05-01 1:39,412,431,-19
2012-05-01 1:40,411,430,-19
2012-05-01 1:41,410,429,-19
2012-05-01 1:42,409,429,-20
2012-05-01 1:43,409,428,-19
2012-05-01 1:44,408,427,-19
2012-05-01 1:45,407,426,-19
2012-05-01 1:46,406,426,-20
2012-05-01 1:47,405,425,-20
2012-05-01 1:48,404,424,-20
2012-05-01 1:49,403,423,-20
2012-05-01 1:50,403,423,-20
2012-05-01 1:51,401,422,-21
2012-05-01 1:52,401,421,-20
2012-05-01 1:53,400,420,-20
2012-05-01 1:54,399,419,-20
2012-05-01 1:55,398,418,-20
2012-05-01 1:56,397,417,-20
2012-05-01 1:57,396,417,-21
2012-05-01 1:58,395,416,-21
2012-05-01 1:59,395,415,-20
2012-05-01 2:00,394,414,-20
2012-05-01 2:01,393,413,-20
2012-05-01 2:02,392,412,-20
2012-05-01 2:03,391,411,-20
2012-05-01 2:04,390,410,-20
2012-05-01 2:05,389,409,-20
2012-05-01 2:06,388,408,-20
2012-05-01 2:07,387,407,-20
2012-05-01 2:08,386,406,-20
2012-05-01 2:09,385,405,-20
2012-05-01 2:10,384,404,-20
2012-05-01 2:11,383,403,-20
2012-05-01 2:12,382,402,-20
2012-05-01 2:13,381,401,-20
2012-05-01 2:14,380,400,-20
2012-05-01 2:15,379,399,-20
2012-05-01 2:16,378,398,-20
2012-05-01 2:17,377,397,-20
2012-05-01 2:18,376,396,-20
2012-05-01 2:19,375,395,-20
2012-05-01 2:20,374,394,-20
2012-05-01 2:21,373,393,-20
2012-05-01 2:22,372,391,-19
2012-05-01 2:23,371,390,-19
2012-05-01 2:24,370,389,-19
2012-05-01 2:25,369,388,-19
2012-05-01 2:26,368,387,-19
2012-05-01 2:27,367,386,-19
2012-05-01 2:28,366,385,-19
2012-05-01 2:29,364,384,-20
2012-05-01 2:30,363,382,-19
2012-05-01 2:31,362,381,-19
2012-05-01 2:32,361,380,-19
2012-05-01 2:33,360,379,-19
2012-05-01 2:34,359,378,-19
2012-05-01 2:35,358,377,-19
2012-05-01 2:36,357,375,-18
2012-05-01 2:37,356,374,-18
2012-05-01 2:38,355,373,-18
2012-05-01 2:39,354,372,-18
2012-05-01 2:40,353,371,-18
2012-05-01 2:41,352,369,-17
2012-05-01 2:42,351,368,-17
2012-05-01 2:43,350,367,-17
2012-05-01 2:44,349,366,-17
2012-05-01 2:45,348,364,-16
2012-05-01 2:46,346,363,-17
2012-05-01 2:47,345,362,-17
2012-05-01 2:48,344,361,-17
2012-05-01 2:49,343,359,-16
2012-05-01 2:50,342,358,-16
2012-05-01 2:51,341,357,-16
2012-05-01 2:52,340,355,-15
2012-05-01 2:53,339,354,-15
2012-05-01 2:54,-,353,-
2012-05-01 2:55,-,352,-
2012-05-01 2:56,337,350,-13
2012-05-01 2:57,336,349,-13
2012-05-01 2:58,334,348,-14
2012-05-01 2:59,333,346,-13
2012-05-01 3:00,332,345,-13
2012-05-01 3:01,331,344,-13
2012-05-01 3:02,330,343,-13
2012-05-01 3:03,328,341,-13
2012-05-01 3:04,328,340,-12
2012-05-01 3:05,326,339,-13
2012-05-01 3:06,325,337,-12
2012-05-01 3:07,324,336,-12
2012-05-01 3:08,323,335,-12
2012-05-01 3:09,322,333,-11
2012-05-01 3:10,321,332,-11
2012-05-01 3:11,319,331,-12
2012-05-01 3:12,318,329,-11
2012-05-01 3:13,317,328,-11
2012-05-01 3:14,316,326,-10
2012-05-01 3:15,315,325,-10
2012-05-01 3:16,314,324,-10
2012-05-01 3:17,313,322,-9
2012-05-01 3:18,311,321,-10
2012-05-01 3:19,310,320,-10
2012-05-01 3:20,309,318,-9
2012-05-01 3:21,308,317,-9
2012-05-01 3:22,307,316,-9
2012-05-01 3:23,306,314,-8
2012-05-01 3:24,305,313,-8
2012-05-01 3:25,304,312,-8
2012-05-01 3:26,303,310,-7
2012-05-01 3:27,301,309,-8
2012-05-01 3:28,301,307,-6
2012-05-01 3:29,299,306,-7
2012-05-01 3:30,298,305,-7
2012-05-01 3:31,297,303,-6
2012-05-01 3:32,296,302,-6
2012-05-01 3:33,295,301,-6
2012-05-01 3:34,294,299,-5
2012-05-01 3:35,293,298,-5
2012-05-01 3:36,292,297,-5
2012-05-01 3:37,291,295,-4
2012-05-01 3:38,290,294,-4
2012-05-01 3:39,289,292,-3
2012-05-01 3:40,288,291,-3
2012-05-01 3:41,287,290,-3
2012-05-01 3:42,285,288,-3
2012-05-01 3:43,284,287,-3
2012-05-01 3:44,283,286,-3
2012-05-01 3:45,282,284,-2
2012-05-01 3:46,281,283,-2
2012-05-01 3:47,280,282,-2
2012-05-01 3:48,279,280,-1
2012-05-01 3:49,278,279,-1
2012-05-01 3:50,277,277,0
2012-05-01 3:51,276,276,0
2012-05-01 3:52,275,275,0
2012-05-01 3:53,274,273,1
2012-05-01 3:54,273,272,1
2012-05-01 3:55,272,271,1
2012-05-01 3:56,271,269,2
2012-05-01 3:57,270,268,2
2012-05-01 3:58,269,267,2
2012-05-01 3:59,268,265,3
2012-05-01 4:00,267,264,3
2012-05-01 4:01,266,263,3
2012-05-01 4:02,265,261,4
2012-05-01 4:03,264,260,4
2012-05-01 4:04,263,259,4
2012-05-01 4:05,262,257,5
2012-05-01 4:06,261,256,5
2012-05-01 4:07,260,255,5
2012-05-01 4:08,258,253,5
2012-05-01 4:09,257,252,5
2012-05-01 4:10,256,251,5
2012-05-01 4:11,255,250,5
2012-05-01 4:12,254,248,6
2012-05-01 4:13,253,247,6
2012-05-01 4:14,252,246,6
2012-05-01 4:15,251,244,7
2012-05-01 4:16,250,243,7
2012-05-01 4:17,249,242,7
2012-05-01 4:18,248,240,8
2012-05-01 4:19,247,239,8
2012-05-01 4:20,246,238,8
2012-05-01 4:21,245,237,8
2012-05-01 4:22,244,235,9
2012-05-01 4:23,243,234,9
2012-05-01 4:24,242,233,9
2012-05-01 4:25,241,232,9
2012-05-01 4:26,240,230,10
2012-05-01 4:27,239,229,10
2012-05-01 4:28,238,228,10
2012-05-01 4:29,237,227,10
2012-05-01 4:30,236,226,10
2012-05-01 4:31,235,224,11
2012-05-01 4:32,234,223,11
2012-05-01 4:33,233,222,11
2012-05-01 4:34,232,221,11
2012-05-01 4:35,231,219,12
2012-05-01 4:36,230,218,12
2012-05-01 4:37,229,217,12
2012-05-01 4:38,228,216,12
2012-05-01 4:39,227,215,12
2012-05-01 4:40,226,214,12
2012-05-01 4:41,225,212,13
2012-05-01 4:42,224,211,13
2012-05-01 4:43,223,210,13
2012-05-01 4:44,222,209,13
2012-05-01 4:45,221,208,13
2012-05-01 4:46,220,207,13
2012-05-01 4:47,219,205,14
2012-05-01 4:48,218,204,14
2012-05-01 4:49,217,203,14
2012-05-01 4:50,216,202,14
2012-05-01 4:51,215,201,14
2012-05-01 4:52,214,200,14
2012-05-01 4:53,213,199,14
2012-05-01 4:54,213,198,15
2012-05-01 4:55,212,197,15
2012-05-01 4:56,211,196,15
2012-05-01 4:57,210,194,16
2012-05-01 4:58,209,193,16
2012-05-01 4:59,208,192,16
2012-05-01 5:00,207,191,16
2012-05-01 5:01,206,190,16
2012-05-01 5:02,205,189,16
2012-05-01 5:03,205,188,17
2012-05-01 5:04,204,187,17
2012-05-01 5:05,203,186,17
2012-05-01 5:06,202,185,17
2012-05-01 5:07,201,184,17
2012-05-01 5:08,200,183,17
2012-05-01 5:09,199,182,17
2012-05-01 5:10,198,181,17
2012-05-01 5:11,197,180,17
2012-05-01 5:12,196,179,17
2012-05-01 5:13,196,178,18
2012-05-01 5:14,195,177,18
2012-05-01 5:15,194,176,18
2012-05-01 5:16,193,175,18
2012-05-01 5:17,192,174,18
2012-05-01 5:18,191,174,17
2012-05-01 5:19,190,173,17
2012-05-01 5:20,189,172,17
2012-05-01 5:21,189,171,18
2012-05-01 5:22,188,170,18
2012-05-01 5:23,187,169,18
2012-05-01 5:24,186,168,18
2012-05-01 5:25,185,167,18
2012-05-01 5:26,184,166,18
2012-05-01 5:27,184,166,18
2012-05-01 5:28,183,165,18
2012-05-01 5:29,182,164,18
2012-05-01 5:30,181,163,18
2012-05-01 5:31,180,162,18
2012-05-01 5:32,179,161,18
2012-05-01 5:33,178,161,17
2012-05-01 5:34,178,160,18
2012-05-01 5:35,177,159,18
2012-05-01 5:36,176,158,18
2012-05-01 5:37,175,157,18
2012-05-01 5:38,174,157,17
2012-05-01 5:39,174,156,18
2012-05-01 5:40,173,155,18
2012-05-01 5:41,172,154,18
2012-05-01 5:42,171,154,17
2012-05-01 5:43,170,153,17
2012-05-01 5:44,170,152,18
2012-05-01 5:45,169,152,17
2012-05-01 5:46,168,151,17
2012-05-01 5:47,167,150,17
2012-05-01 5:48,167,149,18
2012-05-01 5:49,166,149,17
2012-05-01 5:50,165,148,17
2012-05-01 5:51,164,147,17
2012-05-01 5:52,164,147,17
2012-05-01 5:53,163,146,17
2012-05-01 5:54,162,146,16
2012-05-01 5:55,162,145,17
2012-05-01 5:56,161,144,17
2012-05-01 5:57,160,144,16
2012-05-01 5:58,159,143,16
2012-05-01 5:59,159,142,17
2012-05-01 6:00,158,142,16
2012-05-01 6:01,157,141,16
2012-05-01 6:02,156,141,15
2012-05-01 6:03,156,140,16
2012-05-01 6:04,155,140,15
2012-05-01 6:05,155,139,16
2012-05-01 6:06,154,139,15
2012-05-01 6:07,153,138,15
2012-05-01 6:08,153,138,15
2012-05-01 6:09,152,137,15
2012-05-01 6:10,151,137,14
2012-05-01 6:11,151,136,15
2012-05-01 6:12,150,136,14
2012-05-01 6:13,150,135,15
2012-05-01 6:14,149,135,14
2012-05-01 6:15,148,134,14
2012-05-01 6:16,148,134,14
2012-05-01 6:17,147,133,14
2012-05-01 6:18,146,133,13
2012-05-01 6:19,146,132,14
2012-05-01 6:20,145,132,13
2012-05-01 6:21,144,132,12
2012-05-01 6:22,144,131,13
2012-05-01 6:23,143,131,12
2012-05-01 6:24,142,131,11
2012-05-01 6:25,141,130,11
2012-05-01 6:26,141,130,11
2012-05-01 6:27,140,129,11
2012-05-01 6:28,139,129,10
2012-05-01 6:29,139,129,10
2012-05-01 6:30,138,129,9
2012-05-01 6:31,138,128,10
2012-05-01 6:32,137,128,9
2012-05-01 6:33,136,128,8
2012-05-01 6:34,136,127,9
2012-05-01 6:35,135,127,8
2012-05-01 6:36,134,127,7
2012-05-01 6:37,134,127,7
2012-05-01 6:38,133,126,7
2012-05-01 6:39,132,126,6
2012-05-01 6:40,132,126,6
2012-05-01 6:41,131,126,5
2012-05-01 6:42,131,126,5
2012-05-01 6:43,130,125,5
2012-05-01 6:44,130,125,5
2012-05-01 6:45,129,125,4
2012-05-01 6:46,129,125,4
2012-05-01 6:47,128,125,3
2012-05-01 6:48,127,125,2
2012-05-01 6:49,127,124,3
2012-05-01 6:50,126,124,2
2012-05-01 6:51,126,124,2
2012-05-01 6:52,125,124,1
2012-05-01 6:53,124,124,0
2012-05-01 6:54,124,124,0
2012-05-01 6:55,124,124,0
2012-05-01 6:56,123,124,-1
2012-05-01 6:57,123,124,-1
2012-05-01 6:58,122,124,-2
2012-05-01 6:59,121,124,-3
2012-05-01 7:00,121,124,-3
2012-05-01 7:01,121,124,-3
2012-05-01 7:02,121,124,-3
2012-05-01 7:03,120,124,-4
2012-05-01 7:04,120,124,-4
2012-05-01 7:05,119,124,-5
2012-05-01 7:06,119,124,-5
2012-05-01 7:07,119,124,-5
2012-05-01 7:08,118,124,-6
2012-05-01 7:09,118,124,-6
2012-05-01 7:10,118,124,-6
2012-05-01 7:11,118,124,-6
2012-05-01 7:12,118,124,-6
2012-05-01 7:13,117,124,-7
2012-05-01 7:14,117,124,-7
2012-05-01 7:15,117,124,-7
2012-05-01 7:16,117,125,-8
2012-05-01 7:17,117,125,-8
2012-05-01 7:18,117,125,-8
2012-05-01 7:19,117,125,-8
2012-05-01 7:20,116,125,-9
2012-05-01 7:21,116,125,-9
2012-05-01 7:22,117,126,-9
2012-05-01 7:23,117,126,-9
2012-05-01 7:24,117,126,-9
2012-05-01 7:25,117,126,-9
2012-05-01 7:26,117,126,-9
2012-05-01 7:27,117,127,-10
2012-05-01 7:28,117,127,-10
2012-05-01 7:29,118,127,-9
2012-05-01 7:30,118,128,-10
2012-05-01 7:31,118,128,-10
2012-05-01 7:32,118,128,-10
2012-05-01 7:33,119,128,-9
2012-05-01 7:34,119,129,-10
2012-05-01 7:35,120,129,-9
2012-05-01 7:36,120,129,-9
2012-05-01 7:37,121,130,-9
2012-05-01 7:38,121,130,-9
2012-05-01 7:39,122,130,-8
2012-05-01 7:40,123,131,-8
2012-05-01 7:41,124,131,-7
2012-05-01 7:42,124,132,-8
2012-05-01 7:43,125,132,-7
2012-05-01 7:44,126,132,-6
2012-05-01 7:45,127,133,-6
2012-05-01 7:46,128,133,-5
2012-05-01 7:47,129,134,-5
2012-05-01 7:48,130,134,-4
2012-05-01 7:49,131,135,-4
2012-05-01 7:50,132,135,-3
2012-05-01 7:51,134,136,-2
2012-05-01 7:52,-,136,-
2012-05-01 7:53,-,137,-
2012-05-01 7:54,-,137,-
2012-05-01 7:55,135,138,-3
2012-05-01 7:56,-,138,-
2012-05-01 7:57,140,139,1
2012-05-01 7:58,141,139,2
2012-05-01 7:59,142,140,2
2012-05-01 8:00,143,141,2
2012-05-01 8:01,144,141,3
2012-05-01 8:02,146,142,4
2012-05-01 8:03,147,142,5
2012-05-01 8:04,147,143,4
2012-05-01 8:05,149,144,5
2012-05-01 8:06,150,144,6
2012-05-01 8:07,151,145,6
2012-05-01 8:08,152,146,6
2012-05-01 8:09,153,146,7
2012-05-01 8:10,154,147,7
2012-05-01 8:11,155,148,7
2012-05-01 8:12,155,148,7
2012-05-01 8:13,156,149,7
2012-05-01 8:14,157,150,7
2012-05-01 8:15,158,151,7
2012-05-01 8:16,158,151,7
2012-05-01 8:17,159,152,7
2012-05-01 8:18,159,153,6
2012-05-01 8:19,160,154,6
2012-05-01 8:20,161,155,6
2012-05-01 8:21,161,155,6
2012-05-01 8:22,162,156,6
2012-05-01 8:23,163,157,6
2012-05-01 8:24,164,158,6
2012-05-01 8:25,164,159,5
2012-05-01 8:26,165,159,6
2012-05-01 8:27,165,160,5
2012-05-01 8:28,165,161,4
2012-05-01 8:29,166,162,4
2012-05-01 8:30,167,163,4
2012-05-01 8:31,167,164,3
2012-05-01 8:32,168,165,3
2012-05-01 8:33,168,166,2
2012-05-01 8:34,168,167,1
2012-05-01 8:35,169,168,1
2012-05-01 8:36,170,169,1
2012-05-01 8:37,170,170,0
2012-05-01 8:38,171,171,0
2012-05-01 8:39,172,172,0
2012-05-01 8:40,172,173,-1
2012-05-01 8:41,173,174,-1
2012-05-01 8:42,174,175,-1
2012-05-01 8:43,175,176,-1
2012-05-01 8:44,175,177,-2
2012-05-01 8:45,176,178,-2
2012-05-01 8:46,177,179,-2
2012-05-01 8:47,178,180,-2
2012-05-01 8:48,179,181,-2
2012-05-01 8:49,180,182,-2
2012-05-01 8:50,181,183,-2
2012-05-01 8:51,182,184,-2
2012-05-01 8:52,183,185,-2
2012-05-01 8:53,184,186,-2
2012-05-01 8:54,185,187,-2
2012-05-01 8:55,186,189,-3
2012-05-01 8:56,187,190,-3
2012-05-01 8:57,188,191,-3
2012-05-01 8:58,189,192,-3
2012-05-01 8:59,191,193,-2
2012-05-01 9:00,192,194,-2
2012-05-01 9:01,193,196,-3
2012-05-01 9:02,194,197,-3
2012-05-01 9:03,196,198,-2
2012-05-01 9:04,197,199,-2
2012-05-01 9:05,199,200,-1
2012-05-01 9:06,200,202,-2
2012-05-01 9:07,202,203,-1
2012-05-01 9:08,203,204,-1
2012-05-01 9:09,205,205,0
2012-05-01 9:10,206,207,-1
2012-05-01 9:11,208,208,0
2012-05-01 9:12,209,209,0
2012-05-01 9:13,211,211,0
2012-05-01 9:14,213,212,1
2012-05-01 9:15,214,213,1
2012-05-01 9:16,216,215,1
2012-05-01 9:17,218,216,2
2012-05-01 9:18,219,217,2
2012-05-01 9:19,221,219,2
2012-05-01 9:20,223,220,3
2012-05-01 9:21,224,221,3
2012-05-01 9:22,226,223,3
2012-05-01 9:23,227,224,3
2012-05-01 9:24,229,225,4
2012-05-01 9:25,230,227,3
2012-05-01 9:26,232,228,4
2012-05-01 9:27,234,230,4
2012-05-01 9:28,235,231,4
2012-05-01 9:29,237,232,5
2012-05-01 9:30,238,234,4
2012-05-01 9:31,240,235,5
2012-05-01 9:32,241,237,4
2012-05-01 9:33,243,238,5
2012-05-01 9:34,245,240,5
2012-05-01 9:35,246,241,5
2012-05-01 9:36,248,243,5
2012-05-01 9:37,249,244,5
2012-05-01 9:38,251,246,5
2012-05-01 9:39,253,247,6
2012-05-01 9:40,255,248,7
2012-05-01 9:41,256,250,6
2012-05-01 9:42,258,251,7
2012-05-01 9:43,260,253,7
2012-05-01 9:44,262,255,7
2012-05-01 9:45,263,256,7
2012-05-01 9:46,264,258,6
2012-05-01 9:47,266,259,7
2012-05-01 9:48,268,261,7
2012-05-01 9:49,270,262,8
2012-05-01 9:50,271,264,7
2012-05-01 9:51,273,265,8
2012-05-01 9:52,275,267,8
2012-05-01 9:53,277,268,9
2012-05-01 9:54,278,270,8
2012-05-01 9:55,280,272,8
2012-05-01 9:56,282,273,9
2012-05-01 9:57,284,275,9
2012-05-01 9:58,285,276,9
2012-05-01 9:59,287,278,9
2012-05-01 10:00,289,280,9
2012-05-01 10:01,290,281,9
2012-05-01 10:02,292,283,9
2012-05-01 10:03,294,284,10
2012-05-01 10:04,296,286,10
2012-05-01 10:05,297,288,9
2012-05-01 10:06,299,289,10
2012-05-01 10:07,301,291,10
2012-05-01 10:08,302,292,10
2012-05-01 10:09,304,294,10
2012-05-01 10:10,306,296,10
2012-05-01 10:11,308,297,11
2012-05-01 10:12,309,299,10
2012-05-01 10:13,311,301,10
2012-05-01 10:14,313,302,11
2012-05-01 10:15,315,304,11
2012-05-01 10:16,316,306,10
2012-05-01 10:17,318,307,11
2012-05-01 10:18,319,309,10
2012-05-01 10:19,320,311,9
2012-05-01 10:20,322,312,10
2012-05-01 10:21,323,314,9
2012-05-01 10:22,325,316,9
2012-05-01 10:23,327,317,10
2012-05-01 10:24,328,319,9
2012-05-01 10:25,330,321,9
2012-05-01 10:26,332,322,10
2012-05-01 10:27,333,324,9
2012-05-01 10:28,335,326,9
2012-05-01 10:29,337,327,10
2012-05-01 10:30,338,329,9
2012-05-01 10:31,340,331,9
2012-05-01 10:32,341,332,9
2012-05-01 10:33,343,334,9
2012-05-01 10:34,344,336,8
2012-05-01 10:35,346,337,9
2012-05-01 10:36,348,339,9
2012-05-01 10:37,349,341,8
2012-05-01 10:38,351,342,9
2012-05-01 10:39,353,344,9
2012-05-01 10:40,354,346,8
2012-05-01 10:41,356,347,9
2012-05-01 10:42,358,349,9
2012-05-01 10:43,359,351,8
2012-05-01 10:44,361,352,9
2012-05-01 10:45,363,354,9
2012-05-01 10:46,365,356,9
2012-05-01 10:47,366,358,8
2012-05-01 10:48,368,359,9
2012-05-01 10:49,370,361,9
2012-05-01 10:50,371,363,8
2012-05-01 10:51,373,364,9
2012-05-01 10:52,374,366,8
2012-05-01 10:53,376,368,8
2012-05-01 10:54,377,369,8
2012-05-01 10:55,379,371,8
2012-05-01 10:56,380,372,8
2012-05-01 10:57,382,374,8
2012-05-01 10:58,383,376,7
2012-05-01 10:59,385,377,8
2012-05-01 11:00,387,379,8
2012-05-01 11:01,388,381,7
2012-05-01 11:02,390,382,8
2012-05-01 11:03,391,384,7
2012-05-01 11:04,393,386,7
2012-05-01 11:05,394,387,7
2012-05-01 11:06,395,389,6
2012-05-01 11:07,397,390,7
2012-05-01 11:08,398,392,6
2012-05-01 11:09,400,394,6
2012-05-01 11:10,401,395,6
2012-05-01 11:11,403,397,6
2012-05-01 11:12,404,398,6
2012-05-01 11:13,406,400,6
2012-05-01 11:14,407,402,5
2012-05-01 11:15,409,403,6
2012-05-01 11:16,410,405,5
2012-05-01 11:17,412,406,6
2012-05-01 11:18,414,408,6
2012-05-01 11:19,415,409,6
2012-05-01 11:20,416,411,5
2012-05-01 11:21,418,413,5
2012-05-01 11:22,420,414,6
2012-05-01 11:23,421,416,5
2012-05-01 11:24,423,417,6
2012-05-01 11:25,424,419,5
2012-05-01 11:26,426,420,6
2012-05-01 11:27,427,422,5
2012-05-01 11:28,428,423,5
2012-05-01 11:29,430,425,5
2012-05-01 11:30,431,426,5
2012-05-01 11:31,432,428,4
2012-05-01 11:32,434,429,5
2012-05-01 11:33,435,431,4
2012-05-01 11:34,437,432,5
2012-05-01 11:35,438,433,5
2012-05-01 11:36,440,435,5
2012-05-01 11:37,441,436,5
2012-05-01 11:38,443,438,5
2012-05-01 11:39,444,439,5
2012-05-01 11:40,445,441,4
2012-05-01 11:41,447,442,5
2012-05-01 11:42,448,443,5
2012-05-01 11:43,449,445,4
2012-05-01 11:44,451,446,5
2012-05-01 11:45,452,448,4
2012-05-01 11:46,453,449,4
2012-05-01 11:47,454,450,4
2012-05-01 11:48,456,452,4
2012-05-01 11:49,457,453,4
2012-05-01 11:50,458,454,4
2012-05-01 11:51,459,456,3
2012-05-01 11:52,460,457,3
2012-05-01 11:53,461,458,3
2012-05-01 11:54,463,459,4
2012-05-01 11:55,464,461,3
2012-05-01 11:56,465,462,3
2012-05-01 11:57,466,463,3
2012-05-01 11:58,467,464,3
2012-05-01 11:59,468,466,2
2012-05-01 12:00,469,467,2
2012-05-01 12:01,471,468,3
2012-05-01 12:02,471,469,2
2012-05-01 12:03,473,470,3
2012-05-01 12:04,473,472,1
2012-05-01 12:05,474,473,1
2012-05-01 12:06,475,474,1
2012-05-01 12:07,476,475,1
2012-05-01 12:08,478,476,2
2012-05-01 12:09,479,477,2
2012-05-01 12:10,480,478,2
2012-05-01 12:11,481,479,2
2012-05-01 12:12,482,481,1
2012-05-01 12:13,483,482,1
2012-05-01 12:14,484,483,1
2012-05-01 12:15,485,484,1
2012-05-01 12:16,486,485,1
2012-05-01 12:17,487,486,1
2012-05-01 12:18,487,487,0
2012-05-01 12:19,488,488,0
2012-05-01 12:20,489,489,0
2012-05-01 12:21,490,490,0
2012-05-01 12:22,491,491,0
2012-05-01 12:23,492,492,0
2012-05-01 12:24,493,492,1
2012-05-01 12:25,494,493,1
2012-05-01 12:26,495,494,1
2012-05-01 12:27,495,495,0
2012-05-01 12:28,496,496,0
2012-05-01 12:29,497,497,0
2012-05-01 12:30,498,498,0
2012-05-01 12:31,498,499,-1
2012-05-01 12:32,499,499,0
2012-05-01 12:33,500,500,0
2012-05-01 12:34,501,501,0
2012-05-01 12:35,501,502,-1
2012-05-01 12:36,502,503,-1
2012-05-01 12:37,502,503,-1
2012-05-01 12:38,503,504,-1
2012-05-01 12:39,504,505,-1
2012-05-01 12:40,504,505,-1
2012-05-01 12:41,505,506,-1
2012-05-01 12:42,505,507,-2
2012-05-01 12:43,506,507,-1
2012-05-01 12:44,506,508,-2
2012-05-01 12:45,507,509,-2
2012-05-01 12:46,507,509,-2
2012-05-01 12:47,507,510,-3
2012-05-01 12:48,507,511,-4
2012-05-01 12:49,508,511,-3
2012-05-01 12:50,508,512,-4
2012-05-01 12:51,508,512,-4
2012-05-01 12:52,509,513,-4
2012-05-01 12:53,509,513,-4
2012-05-01 12:54,510,514,-4
2012-05-01 12:55,510,514,-4
2012-05-01 12:56,510,515,-5
2012-05-01 12:57,511,515,-4
2012-05-01 12:58,511,516,-5
2012-05-01 12:59,511,516,-5
2012-05-01 13:00,511,516,-5
2012-05-01 13:01,511,517,-6
2012-05-01 13:02,512,517,-5
2012-05-01 13:03,512,517,-5
2012-05-01 13:04,512,518,-6
2012-05-01 13:05,512,518,-6
2012-05-01 13:06,512,518,-6
2012-05-01 13:07,512,519,-7
2012-05-01 13:08,512,519,-7
2012-05-01 13:09,512,519,-7
2012-05-01 13:10,513,520,-7
2012-05-01 13:11,513,520,-7
2012-05-01 13:12,513,520,-7
2012-05-01 13:13,512,520,-8
2012-05-01 13:14,512,520,-8
2012-05-01 13:15,512,521,-9
2012-05-01 13:16,512,521,-9
2012-05-01 13:17,512,521,-9
2012-05-01 13:18,512,521,-9
2012-05-01 13:19,512,521,-9
2012-05-01 13:20,512,521,-9
2012-05-01 13:21,512,521,-9
2012-05-01 13:22,512,521,-9
2012-05-01 13:23,511,521,-10
2012-05-01 13:24,511,521,-10
2012-05-01 13:25,510,521,-11
2012-05-01 13:26,510,521,-11
2012-05-01 13:27,509,521,-12
2012-05-01 13:28,509,521,-12
2012-05-01 13:29,509,521,-12
2012-05-01 13:30,508,521,-13
2012-05-01 13:31,508,521,-13
2012-05-01 13:32,507,521,-14
2012-05-01 13:33,506,521,-15
2012-05-01 13:34,506,521,-15
2012-05-01 13:35,505,521,-16
2012-05-01 13:36,505,520,-15
2012-05-01 13:37,504,520,-16
2012-05-01 13:38,504,520,-16
2012-05-01 13:39,504,520,-16
2012-05-01 13:40,503,520,-17
2012-05-01 13:41,503,519,-16
2012-05-01 13:42,503,519,-16
2012-05-01 13:43,502,519,-17
2012-05-01 13:44,502,518,-16
2012-05-01 13:45,502,518,-16
2012-05-01 13:46,501,518,-17
2012-05-01 13:47,501,517,-16
2012-05-01 13:48,501,517,-16
2012-05-01 13:49,500,517,-17
2012-05-01 13:50,500,516,-16
2012-05-01 13:51,500,516,-16
2012-05-01 13:52,500,516,-16
2012-05-01 13:53,499,515,-16
2012-05-01 13:54,499,515,-16
2012-05-01 13:55,498,514,-16
2012-05-01 13:56,498,514,-16
2012-05-01 13:57,497,513,-16
2012-05-01 13:58,497,513,-16
2012-05-01 13:59,496,512,-16
2012-05-01 14:00,496,512,-16
2012-05-01 14:01,495,511,-16
2012-05-01 14:02,494,511,-17
2012-05-01 14:03,494,510,-16
2012-05-01 14:04,493,509,-16
2012-05-01 14:05,492,509,-17
2012-05-01 14:06,491,508,-17
2012-05-01 14:07,490,507,-17
2012-05-01 14:08,489,507,-18
2012-05-01 14:09,488,506,-18
2012-05-01 14:10,487,505,-18
2012-05-01 14:11,487,505,-18
2012-05-01 14:12,486,504,-18
2012-05-01 14:13,485,503,-18
2012-05-01 14:14,484,503,-19
2012-05-01 14:15,483,502,-19
2012-05-01 14:16,482,501,-19
2012-05-01 14:17,481,500,-19
2012-05-01 14:18,480,499,-19
2012-05-01 14:19,480,499,-19
2012-05-01 14:20,479,498,-19
2012-05-01 14:21,478,497,-19
2012-05-01 14:22,477,496,-19
2012-05-01 14:23,476,495,-19
2012-05-01 14:24,475,494,-19
2012-05-01 14:25,474,494,-20
2012-05-01 14:26,473,493,-20
2012-05-01 14:27,473,492,-19
2012-05-01 14:28,472,491,-19
2012-05-01 14:29,471,490,-19
2012-05-01 14:30,470,489,-19
2012-05-01 14:31,469,488,-19
2012-05-01 14:32,468,487,-19
2012-05-01 14:33,467,486,-19
2012-05-01 14:34,466,485,-19
2012-05-01 14:35,465,484,-19
2012-05-01 14:36,464,483,-19
2012-05-01 14:37,463,482,-19
2012-05-01 14:38,462,481,-19
2012-05-01 14:39,460,480,-20
2012-05-01 14:40,459,479,-20
2012-05-01 14:41,458,478,-20
2012-05-01 14:42,456,477,-21
2012-05-01 14:43,455,475,-20
2012-05-01 14:44,454,474,-20
2012-05-01 14:45,453,473,-20
2012-05-01 14:46,452,472,-20
2012-05-01 14:47,451,471,-20
2012-05-01 14:48,450,470,-20
2012-05-01 14:49,449,469,-20
2012-05-01 14:50,448,467,-19
2012-05-01 14:51,447,466,-19
2012-05-01 14:52,445,465,-20
2012-05-01 14:53,444,464,-20
2012-05-01 14:54,443,463,-20
2012-05-01 14:55,442,461,-19
2012-05-01 14:56,440,460,-20
2012-05-01 14:57,439,459,-20
2012-05-01 14:58,438,458,-20
2012-05-01 14:59,437,456,-19
2012-05-01 15:00,436,455,-19
2012-05-01 15:01,435,454,-19
2012-05-01 15:02,434,453,-19
2012-05-01 15:03,433,451,-18
2012-05-01 15:04,432,450,-18
2012-05-01 15:05,431,449,-18
2012-05-01 15:06,430,447,-17
2012-05-01 15:07,429,446,-17
2012-05-01 15:08,428,445,-17
2012-05-01 15:09,426,443,-17
2012-05-01 15:10,425,442,-17
2012-05-01 15:11,424,441,-17
2012-05-01 15:12,423,439,-16
2012-05-01 15:13,422,438,-16
2012-05-01 15:14,421,436,-15
2012-05-01 15:15,419,435,-16
2012-05-01 15:16,418,434,-16
2012-05-01 15:17,417,432,-15
2012-05-01 15:18,416,431,-15
2012-05-01 15:19,415,429,-14
2012-05-01 15:20,413,428,-15
2012-05-01 15:21,412,427,-15
2012-05-01 15:22,411,425,-14
2012-05-01 15:23,410,424,-14
2012-05-01 15:24,408,422,-14
2012-05-01 15:25,407,421,-14
2012-05-01 15:26,406,419,-13
2012-05-01 15:27,405,418,-13
2012-05-01 15:28,403,417,-14
2012-05-01 15:29,402,415,-13
2012-05-01 15:30,401,414,-13
2012-05-01 15:31,400,412,-12
2012-05-01 15:32,399,411,-12
2012-05-01 15:33,397,409,-12
2012-05-01 15:34,396,408,-12
2012-05-01 15:35,395,406,-11
2012-05-01 15:36,394,405,-11
2012-05-01 15:37,392,403,-11
2012-05-01 15:38,391,402,-11
2012-05-01 15:39,390,400,-10
2012-05-01 15:40,389,399,-10
2012-05-01 15:41,388,397,-9
2012-05-01 15:42,386,396,-10
2012-05-01 15:43,385,394,-9
2012-05-01 15:44,384,393,-9
2012-05-01 15:45,383,391,-8
2012-05-01 15:46,382,390,-8
2012-05-01 15:47,380,388,-8
2012-05-01 15:48,379,387,-8
2012-05-01 15:49,378,385,-7
2012-05-01 15:50,377,384,-7
2012-05-01 15:51,376,382,-6
2012-05-01 15:52,375,380,-5
2012-05-01 15:53,373,379,-6
2012-05-01 15:54,372,377,-5
2012-05-01 15:55,371,376,-5
2012-05-01 15:56,370,374,-4
2012-05-01 15:57,369,373,-4
2012-05-01 15:58,367,371,-4
2012-05-01 15:59,366,370,-4
2012-05-01 16:00,365,368,-3
2012-05-01 16:01,364,367,-3
2012-05-01 16:02,362,365,-3
2012-05-01 16:03,361,364,-3
2012-05-01 16:04,360,362,-2
2012-05-01 16:05,359,360,-1
2012-05-01 16:06,358,359,-1
2012-05-01 16:07,356,357,-1
2012-05-01 16:08,355,356,-1
2012-05-01 16:09,354,354,0
2012-05-01 16:10,353,353,0
2012-05-01 16:11,352,351,1
2012-05-01 16:12,350,350,0
2012-05-01 16:13,350,348,2
2012-05-01 16:14,348,347,1
2012-05-01 16:15,347,345,2
2012-05-01 16:16,346,344,2
2012-05-01 16:17,345,342,3
2012-05-01 16:18,344,341,3
2012-05-01 16:19,342,339,3
2012-05-01 16:20,341,338,3
2012-05-01 16:21,340,336,4
2012-05-01 16:22,339,335,4
2012-05-01 16:23,338,333,5
2012-05-01 16:24,337,331,6
2012-05-01 16:25,336,330,6
2012-05-01 16:26,335,328,7
2012-05-01 16:27,334,327,7
2012-05-01 16:28,332,325,7
2012-05-01 16:29,331,324,7
2012-05-01 16:30,330,323,7
2012-05-01 16:31,329,321,8
2012-05-01 16:32,328,320,8
2012-05-01 16:33,326,318,8
2012-05-01 16:34,326,317,9
2012-05-01 16:35,324,315,9
2012-05-01 16:36,323,314,9
2012-05-01 16:37,322,312,10
2012-05-01 16:38,321,311,10
2012-05-01 16:39,320,309,11
2012-05-01 16:40,319,308,11
2012-05-01 16:41,318,306,12
2012-05-01 16:42,317,305,12
2012-05-01 16:43,315,303,12
2012-05-01 16:44,314,302,12
2012-05-01 16:45,313,301,12
2012-05-01 16:46,312,299,13
2012-05-01 16:47,311,298,13
2012-05-01 16:48,310,296,14
2012-05-01 16:49,309,295,14
2012-05-01 16:50,308,294,14
2012-05-01 16:51,307,292,15
2012-05-01 16:52,305,291,14
2012-05-01 16:53,304,289,15
2012-05-01 16:54,303,288,15
2012-05-01 16:55,302,287,15
2012-05-01 16:56,301,285,16
2012-05-01 16:57,300,284,16
2012-05-01 16:58,299,282,17
2012-05-01 16:59,298,281,17
2012-05-01 17:00,296,280,16
2012-05-01 17:01,295,278,17
2012-05-01 17:02,294,277,17
2012-05-01 17:03,293,276,17
2012-05-01 17:04,292,274,18
2012-05-01 17:05,291,273,18
2012-05-01 17:06,290,272,18
2012-05-01 17:07,288,270,18
2012-05-01 17:08,287,269,18
2012-05-01 17:09,286,268,18
2012-05-01 17:10,285,266,19
2012-05-01 17:11,284,265,19
2012-05-01 17:12,283,264,19
2012-05-01 17:13,282,263,19
2012-05-01 17:14,281,261,20
2012-05-01 17:15,280,260,20
2012-05-01 17:16,279,259,20
2012-05-01 17:17,277,258,19
2012-05-01 17:18,276,256,20
2012-05-01 17:19,275,255,20
2012-05-01 17:20,274,254,20
2012-05-01 17:21,273,253,20
2012-05-01 17:22,272,251,21
2012-05-01 17:23,271,250,21
2012-05-01 17:24,270,249,21
2012-05-01 17:25,269,248,21
2012-05-01 17:26,267,247,20
2012-05-01 17:27,266,245,21
2012-05-01 17:28,265,244,21
2012-05-01 17:29,264,243,21
2012-05-01 17:30,263,242,21
2012-05-01 17:31,262,241,21
2012-05-01 17:32,261,240,21
2012-05-01 17:33,260,238,22
2012-05-01 17:34,259,237,22
2012-05-01 17:35,258,236,22
2012-05-01 17:36,257,235,22
2012-05-01 17:37,256,234,22
2012-05-01 17:38,255,233,22
2012-05-01 17:39,254,232,22
2012-05-01 17:40,253,231,22
2012-05-01 17:41,252,230,22
2012-05-01 17:42,251,228,23
2012-05-01 17:43,249,227,22
2012-05-01 17:44,248,226,22
2012-05-01 17:45,247,225,22
2012-05-01 17:46,246,224,22
2012-05-01 17:47,245,223,22
2012-05-01 17:48,245,222,23
2012-05-01 17:49,243,221,22
2012-05-01 17:50,242,220,22
2012-05-01 17:51,241,219,22
2012-05-01 17:52,240,218,22
2012-05-01 17:53,240,217,23
2012-05-01 17:54,239,216,23
2012-05-01 17:55,237,215,22
2012-05-01 17:56,236,214,22
2012-05-01 17:57,235,213,22
2012-05-01 17:58,234,212,22
2012-05-01 17:59,233,211,22
2012-05-01 18:00,232,210,22
2012-05-01 18:01,231,209,22
2012-05-01 18:02,230,208,22
2012-05-01 18:03,229,207,22
2012-05-01 18:04,228,206,22
2012-05-01 18:05,227,205,22
2012-05-01 18:06,226,205,21
2012-05-01 18:07,225,204,21
2012-05-01 18:08,225,203,22
2012-05-01 18:09,223,202,21
2012-05-01 18:10,223,201,22
2012-05-01 18:11,222,200,22
2012-05-01 18:12,221,199,22
2012-05-01 18:13,220,198,22
2012-05-01 18:14,219,197,22
2012-05-01 18:15,218,197,21
2012-05-01 18:16,217,196,21
2012-05-01 18:17,216,195,21
2012-05-01 18:18,215,194,21
2012-05-01 18:19,214,193,21
2012-05-01 18:20,213,192,21
2012-05-01 18:21,212,192,20
2012-05-01 18:22,211,191,20
2012-05-01 18:23,210,190,20
2012-05-01 18:24,209,189,20
2012-05-01 18:25,208,188,20
2012-05-01 18:26,207,188,19
2012-05-01 18:27,206,187,19
2012-05-01 18:28,205,186,19
2012-05-01 18:29,204,185,19
2012-05-01 18:30,204,185,19
2012-05-01 18:31,203,184,19
2012-05-01 18:32,202,183,19
2012-05-01 18:33,201,182,19
2012-05-01 18:34,200,182,18
2012-05-01 18:35,199,181,18
2012-05-01 18:36,198,180,18
2012-05-01 18:37,197,180,17
2012-05-01 18:38,196,179,17
2012-05-01 18:39,195,178,17
2012-05-01 18:40,195,178,17
2012-05-01 18:41,194,177,17
2012-05-01 18:42,193,176,17
2012-05-01 18:43,192,176,16
2012-05-01 18:44,191,175,16
2012-05-01 18:45,190,174,16
2012-05-01 18:46,189,174,15
2012-05-01 18:47,188,173,15
2012-05-01 18:48,187,172,15
2012-05-01 18:49,187,172,15
2012-05-01 18:50,186,171,15
2012-05-01 18:51,185,171,14
2012-05-01 18:52,185,170,15
2012-05-01 18:53,184,169,15
2012-05-01 18:54,183,169,14
2012-05-01 18:55,182,168,14
2012-05-01 18:56,181,168,13
2012-05-01 18:57,181,167,14
2012-05-01 18:58,180,167,13
2012-05-01 18:59,179,166,13
2012-05-01 19:00,178,166,12
2012-05-01 19:01,178,165,13
2012-05-01 19:02,177,165,12
2012-05-01 19:03,176,164,12
2012-05-01 19:04,175,164,11
2012-05-01 19:05,174,163,11
2012-05-01 19:06,173,163,10
2012-05-01 19:07,173,162,11
2012-05-01 19:08,172,162,10
2012-05-01 19:09,171,161,10
2012-05-01 19:10,170,161,9
2012-05-01 19:11,170,160,10
2012-05-01 19:12,169,160,9
2012-05-01 19:13,168,159,9
2012-05-01 19:14,167,159,8
2012-05-01 19:15,167,158,9
2012-05-01 19:16,166,158,8
2012-05-01 19:17,165,158,7
2012-05-01 19:18,164,157,7
2012-05-01 19:19,164,157,7
2012-05-01 19:20,163,156,7
2012-05-01 19:21,162,156,6
2012-05-01 19:22,161,156,5
2012-05-01 19:23,161,155,6
2012-05-01 19:24,160,155,5
2012-05-01 19:25,159,155,4
2012-05-01 19:26,158,154,4
2012-05-01 19:27,158,154,4
2012-05-01 19:28,157,154,3
2012-05-01 19:29,156,153,3
2012-05-01 19:30,156,153,3
2012-05-01 19:31,155,153,2
2012-05-01 19:32,154,152,2
2012-05-01 19:33,153,152,1
2012-05-01 19:34,153,152,1
2012-05-01 19:35,152,152,0
2012-05-01 19:36,151,151,0
2012-05-01 19:37,151,151,0
2012-05-01 19:38,150,151,-1
2012-05-01 19:39,149,151,-2
2012-05-01 19:40,149,150,-1
2012-05-01 19:41,148,150,-2
2012-05-01 19:42,147,150,-3
2012-05-01 19:43,147,150,-3
2012-05-01 19:44,146,149,-3
2012-05-01 19:45,145,149,-4
2012-05-01 19:46,145,149,-4
2012-05-01 19:47,144,149,-5
2012-05-01 19:48,144,149,-5
2012-05-01 19:49,143,149,-6
2012-05-01 19:50,142,148,-6
2012-05-01 19:51,142,148,-6
2012-05-01 19:52,141,148,-7
2012-05-01 19:53,140,148,-8
2012-05-01 19:54,140,148,-8
2012-05-01 19:55,139,148,-9
2012-05-01 19:56,139,148,-9
2012-05-01 19:57,138,148,-10
2012-05-01 19:58,137,147,-10
2012-05-01 19:59,137,147,-10
2012-05-01 20:00,136,147,-11
2012-05-01 20:01,136,147,-11
2012-05-01 20:02,135,147,-12
2012-05-01 20:03,135,147,-12
2012-05-01 20:04,134,147,-13
2012-05-01 20:05,134,147,-13
2012-05-01 20:06,133,147,-14
2012-05-01 20:07,132,147,-15
2012-05-01 20:08,132,147,-15
2012-05-01 20:09,131,147,-16
2012-05-01 20:10,131,147,-16
2012-05-01 20:11,130,147,-17
2012-05-01 20:12,130,147,-17
2012-05-01 20:13,129,147,-18
2012-05-01 20:14,129,147,-18
2012-05-01 20:15,129,147,-18
2012-05-01 20:16,128,147,-19
2012-05-01 20:17,128,147,-19
2012-05-01 20:18,128,148,-20
2012-05-01 20:19,128,148,-20
2012-05-01 20:20,127,148,-21
2012-05-01 20:21,127,148,-21
2012-05-01 20:22,127,148,-21
2012-05-01 20:23,126,148,-22
2012-05-01 20:24,126,148,-22
2012-05-01 20:25,125,148,-23
2012-05-01 20:26,125,149,-24
2012-05-01 20:27,126,149,-23
2012-05-01 20:28,125,149,-24
2012-05-01 20:29,125,149,-24
2012-05-01 20:30,124,149,-25
2012-05-01 20:31,124,149,-25
2012-05-01 20:32,124,150,-26
2012-05-01 20:33,124,150,-26
2012-05-01 20:34,124,150,-26
2012-05-01 20:35,124,150,-26
2012-05-01 20:36,124,151,-27
2012-05-01 20:37,124,151,-27
2012-05-01 20:38,124,151,-27
2012-05-01 20:39,124,151,-27
2012-05-01 20:40,124,152,-28
2012-05-01 20:41,124,152,-28
2012-05-01 20:42,124,152,-28
2012-05-01 20:43,124,153,-29
2012-05-01 20:44,125,153,-28
2012-05-01 20:45,125,153,-28
2012-05-01 20:46,126,154,-28
2012-05-01 20:47,126,154,-28
2012-05-01 20:48,127,154,-27
2012-05-01 20:49,127,155,-28
2012-05-01 20:50,128,155,-27
2012-05-01 20:51,128,156,-28
2012-05-01 20:52,129,156,-27
2012-05-01 20:53,130,156,-26
2012-05-01 20:54,130,157,-27
2012-05-01 20:55,131,157,-26
2012-05-01 20:56,132,158,-26
2012-05-01 20:57,133,158,-25
2012-05-01 20:58,134,159,-25
2012-05-01 20:59,135,159,-24
2012-05-01 21:00,136,159,-23
2012-05-01 21:01,137,160,-23
2012-05-01 21:02,138,160,-22
2012-05-01 21:03,139,161,-22
2012-05-01 21:04,141,162,-21
2012-05-01 21:05,142,162,-20
2012-05-01 21:06,143,163,-20
2012-05-01 21:07,145,163,-18
2012-05-01 21:08,146,164,-18
2012-05-01 21:09,147,164,-17
2012-05-01 21:10,148,165,-17
2012-05-01 21:11,149,165,-16
2012-05-01 21:12,150,166,-16
2012-05-01 21:13,150,167,-17
2012-05-01 21:14,152,167,-15
2012-05-01 21:15,153,168,-15
2012-05-01 21:16,154,169,-15
2012-05-01 21:17,155,169,-14
2012-05-01 21:18,156,170,-14
2012-05-01 21:19,157,171,-14
2012-05-01 21:20,158,171,-13
2012-05-01 21:21,159,172,-13
2012-05-01 21:22,160,173,-13
2012-05-01 21:23,160,173,-13
2012-05-01 21:24,161,174,-13
2012-05-01 21:25,162,175,-13
2012-05-01 21:26,163,175,-12
2012-05-01 21:27,164,176,-12
2012-05-01 21:28,165,177,-12
2012-05-01 21:29,165,178,-13
2012-05-01 21:30,166,179,-13
2012-05-01 21:31,167,179,-12
2012-05-01 21:32,167,180,-13
2012-05-01 21:33,168,181,-13
2012-05-01 21:34,169,182,-13
2012-05-01 21:35,169,183,-14
2012-05-01 21:36,170,183,-13
2012-05-01 21:37,170,184,-14
2012-05-01 21:38,171,185,-14
2012-05-01 21:39,171,186,-15
2012-05-01 21:40,172,187,-15
2012-05-01 21:41,172,188,-16
2012-05-01 21:42,173,189,-16
2012-05-01 21:43,173,190,-17
2012-05-01 21:44,174,190,-16
2012-05-01 21:45,174,191,-17
2012-05-01 21:46,175,192,-17
2012-05-01 21:47,176,193,-17
2012-05-01 21:48,176,194,-18
2012-05-01 21:49,177,195,-18
2012-05-01 21:50,177,196,-19
2012-05-01 21:51,178,197,-19
2012-05-01 21:52,179,198,-19
2012-05-01 21:53,179,199,-20
2012-05-01 21:54,180,200,-20
2012-05-01 21:55,181,201,-20
2012-05-01 21:56,181,202,-21
2012-05-01 21:57,182,203,-21
2012-05-01 21:58,183,204,-21
2012-05-01 21:59,184,205,-21
2012-05-01 22:00,184,206,-22
2012-05-01 22:01,185,207,-22
2012-05-01 22:02,186,208,-22
2012-05-01 22:03,187,209,-22
2012-05-01 22:04,187,211,-24
2012-05-01 22:05,189,212,-23
2012-05-01 22:06,189,213,-24
2012-05-01 22:07,190,214,-24
2012-05-01 22:08,191,215,-24
2012-05-01 22:09,192,216,-24
2012-05-01 22:10,193,217,-24
2012-05-01 22:11,195,218,-23
2012-05-01 22:12,196,220,-24
2012-05-01 22:13,197,221,-24
2012-05-01 22:14,198,222,-24
2012-05-01 22:15,199,223,-24
2012-05-01 22:16,200,224,-24
2012-05-01 22:17,201,225,-24
2012-05-01 22:18,203,227,-24
2012-05-01 22:19,204,228,-24
2012-05-01 22:20,205,229,-24
2012-05-01 22:21,206,230,-24
2012-05-01 22:22,207,232,-25
2012-05-01 22:23,209,233,-24
2012-05-01 22:24,210,234,-24
2012-05-01 22:25,212,235,-23
2012-05-01 22:26,213,237,-24
2012-05-01 22:27,214,238,-24
2012-05-01 22:28,216,239,-23
2012-05-01 22:29,217,240,-23
2012-05-01 22:30,219,242,-23
2012-05-01 22:31,221,243,-22
2012-05-01 22:32,222,244,-22
2012-05-01 22:33,224,246,-22
2012-05-01 22:34,225,247,-22
2012-05-01 22:35,226,248,-22
2012-05-01 22:36,228,250,-22
2012-05-01 22:37,230,251,-21
2012-05-01 22:38,231,252,-21
2012-05-01 22:39,233,254,-21
2012-05-01 22:40,234,255,-21
2012-05-01 22:41,236,256,-20
2012-05-01 22:42,238,258,-20
2012-05-01 22:43,239,259,-20
2012-05-01 22:44,241,260,-19
2012-05-01 22:45,242,262,-20
2012-05-01 22:46,244,263,-19
2012-05-01 22:47,246,265,-19
2012-05-01 22:48,247,266,-19
2012-05-01 22:49,248,267,-19
2012-05-01 22:50,250,269,-19
2012-05-01 22:51,252,270,-18
2012-05-01 22:52,253,272,-19
2012-05-01 22:53,255,273,-18
2012-05-01 22:54,257,274,-17
2012-05-01 22:55,258,276,-18
2012-05-01 22:56,260,277,-17
2012-05-01 22:57,261,279,-18
2012-05-01 22:58,263,280,-17
2012-05-01 22:59,264,282,-18
2012-05-01 23:00,266,283,-17
2012-05-01 23:01,267,285,-18
2012-05-01 23:02,269,286,-17
2012-05-01 23:03,271,288,-17
2012-05-01 23:04,272,289,-17
2012-05-01 23:05,274,290,-16
2012-05-01 23:06,276,292,-16
2012-05-01 23:07,277,293,-16
2012-05-01 23:08,279,295,-16
2012-05-01 23:09,281,296,-15
2012-05-01 23:10,282,298,-16
2012-05-01 23:11,284,299,-15
2012-05-01 23:12,286,301,-15
2012-05-01 23:13,287,302,-15
2012-05-01 23:14,289,304,-15
2012-05-01 23:15,291,305,-14
2012-05-01 23:16,292,307,-15
2012-05-01 23:17,294,308,-14
2012-05-01 23:18,295,310,-15
2012-05-01 23:19,297,311,-14
2012-05-01 23:20,299,313,-14
2012-05-01 23:21,301,315,-14
2012-05-01 23:22,302,316,-14
2012-05-01 23:23,304,318,-14
2012-05-01 23:24,306,319,-13
2012-05-01 23:25,308,321,-13
2012-05-01 23:26,309,322,-13
2012-05-01 23:27,311,324,-13
2012-05-01 23:28,313,325,-12
2012-05-01 23:29,314,327,-13
2012-05-01 23:30,316,328,-12
2012-05-01 23:31,317,330,-13
2012-05-01 23:32,319,331,-12
2012-05-01 23:33,321,333,-12
2012-05-01 23:34,322,334,-12
2012-05-01 23:35,324,336,-12
2012-05-01 23:36,326,338,-12
2012-05-01 23:37,327,339,-12
2012-05-01 23:38,329,341,-12
2012-05-01 23:39,331,342,-11
2012-05-01 23:40,332,344,-12
2012-05-01 23:41,334,345,-11
2012-05-01 23:42,336,347,-11
2012-05-01 23:43,337,348,-11
2012-05-01 23:44,339,350,-11
2012-05-01 23:45,341,351,-10
2012-05-01 23:46,342,353,-11
2012-05-01 23:47,344,354,-10
2012-05-01 23:48,346,356,-10
2012-05-01 23:49,347,358,-11
2012-05-01 23:50,349,359,-10
2012-05-01 23:51,351,361,-10
2012-05-01 23:52,352,362,-10
2012-05-01 23:53,354,364,-10
2012-05-01 23:54,356,365,-9
2012-05-01 23:55,358,367,-9
2012-05-01 23:56,359,368,-9
2012-05-01 23:57,361,370,-9
2012-05-01 23:58,363,371,-8
2012-05-01 23:59,364,373,-9
2012-05-02 0:00,-,374,-
