관측시간,실측조위(Cm),예측조위(Cm),잔차(Cm)
2013-04-30 0:00,320,314,6
2013-04-30 0:01,319,313,6
2013-04-30 0:02,317,312,5
2013-04-30 0:03,316,311,5
2013-04-30 0:04,314,310,4
2013-04-30 0:05,313,309,4
2013-04-30 0:06,311,307,4
2013-04-30 0:07,310,306,4
2013-04-30 0:08,308,305,3
2013-04-30 0:09,307,304,3
2013-04-30 0:10,305,303,2
2013-04-30 0:11,304,302,2
2013-04-30 0:12,302,300,2
2013-04-30 0:13,301,299,2
2013-04-30 0:14,300,298,2
2013-04-30 0:15,298,297,1
2013-04-30 0:16,297,296,1
2013-04-30 0:17,295,295,0
2013-04-30 0:18,294,294,0
2013-04-30 0:19,292,292,0
2013-04-30 0:20,291,291,0
2013-04-30 0:21,289,290,-1
2013-04-30 0:22,288,289,-1
2013-04-30 0:23,286,288,-2
2013-04-30 0:24,285,287,-2
2013-04-30 0:25,283,286,-3
2013-04-30 0:26,282,285,-3
2013-04-30 0:27,281,283,-2
2013-04-30 0:28,280,282,-2
2013-04-30 0:29,278,281,-3
2013-04-30 0:30,277,280,-3
2013-04-30 0:31,275,279,-4
2013-04-30 0:32,275,278,-3
2013-04-30 0:33,273,277,-4
2013-04-30 0:34,271,275,-4
2013-04-30 0:35,270,274,-4
2013-04-30 0:36,269,273,-4
2013-04-30 0:37,267,272,-5
2013-04-30 0:38,266,271,-5
2013-04-30 0:39,265,270,-5
2013-04-30 0:40,263,269,-6
2013-04-30 0:41,262,267,-5
2013-04-30 0:42,261,266,-5
2013-04-30 0:43,260,265,-5
2013-04-30 0:44,258,264,-6
2013-04-30 0:45,257,263,-6
2013-04-30 0:46,256,262,-6
2013-04-30 0:47,254,261,-7
2013-04-30 0:48,253,259,-6
2013-04-30 0:49,252,258,-6
2013-04-30 0:50,250,257,-7
2013-04-30 0:51,249,256,-7
2013-04-30 0:52,248,255,-7
2013-04-30 0:53,247,254,-7
2013-04-30 0:54,245,252,-7
2013-04-30 0:55,244,251,-7
2013-04-30 0:56,243,250,-7
2013-04-30 0:57,242,249,-7
2013-04-30 0:58,241,248,-7
2013-04-30 0:59,240,247,-7
2013-04-30 1:00,238,245,-7
2013-04-30 1:01,237,244,-7
2013-04-30 1:02,235,243,-8
2013-04-30 1:03,234,242,-8
2013-04-30 1:04,233,241,-8
2013-04-30 1:05,232,239,-7
2013-04-30 1:06,231,238,-7
2013-04-30 1:07,229,237,-8
2013-04-30 1:08,229,236,-7
2013-04-30 1:09,227,234,-7
2013-04-30 1:10,226,233,-7
2013-04-30 1:11,225,232,-7
2013-04-30 1:12,224,231,-7
2013-04-30 1:13,223,229,-6
2013-04-30 1:14,221,228,-7
2013-04-30 1:15,221,227,-6
2013-04-30 1:16,219,226,-7
2013-04-30 1:17,218,224,-6
2013-04-30 1:18,217,223,-6
2013-04-30 1:19,216,222,-6
2013-04-30 1:20,215,221,-6
2013-04-30 1:21,214,219,-5
2013-04-30 1:22,212,218,-6
2013-04-30 1:23,211,217,-6
2013-04-30 1:24,210,216,-6
2013-04-30 1:25,209,214,-5
2013-04-30 1:26,208,213,-5
2013-04-30 1:27,207,212,-5
2013-04-30 1:28,206,211,-5
2013-04-30 1:29,204,209,-5
2013-04-30 1:30,203,208,-5
2013-04-30 1:31,202,207,-5
2013-04-30 1:32,201,205,-4
2013-04-30 1:33,200,204,-4
2013-04-30 1:34,199,203,-4
2013-04-30 1:35,197,201,-4
2013-04-30 1:36,196,200,-4
2013-04-30 1:37,195,199,-4
2013-04-30 1:38,194,198,-4
2013-04-30 1:39,193,196,-3
2013-04-30 1:40,192,195,-3
2013-04-30 1:41,191,194,-3
2013-04-30 1:42,190,192,-2
2013-04-30 1:43,189,191,-2
2013-04-30 1:44,188,190,-2
2013-04-30 1:45,187,188,-1
2013-04-30 1:46,186,187,-1
2013-04-30 1:47,185,186,-1
2013-04-30 1:48,184,184,0
2013-04-30 1:49,183,183,0
2013-04-30 1:50,181,182,-1
2013-04-30 1:51,180,180,0
2013-04-30 1:52,179,179,0
2013-04-30 1:53,178,178,0
2013-04-30 1:54,177,177,0
2013-04-30 1:55,176,175,1
2013-04-30 1:56,175,174,1
2013-04-30 1:57,174,173,1
2013-04-30 1:58,173,171,2
2013-04-30 1:59,172,170,2
2013-04-30 2:00,171,169,2
2013-04-30 2:01,170,167,3
2013-04-30 2:02,169,166,3
2013-04-30 2:03,168,165,3
2013-04-30 2:04,167,164,3
2013-04-30 2:05,166,162,4
2013-04-30 2:06,165,161,4
2013-04-30 2:07,164,160,4
2013-04-30 2:08,163,158,5
2013-04-30 2:09,162,157,5
2013-04-30 2:10,161,156,5
2013-04-30 2:11,159,155,4
2013-04-30 2:12,158,153,5
2013-04-30 2:13,157,152,5
2013-04-30 2:14,156,151,5
2013-04-30 2:15,155,149,6
2013-04-30 2:16,154,148,6
2013-04-30 2:17,153,147,6
2013-04-30 2:18,152,146,6
2013-04-30 2:19,151,144,7
2013-04-30 2:20,150,143,7
2013-04-30 2:21,150,142,8
2013-04-30 2:22,148,141,7
2013-04-30 2:23,147,140,7
2013-04-30 2:24,147,138,9
2013-04-30 2:25,146,137,9
2013-04-30 2:26,145,136,9
2013-04-30 2:27,143,135,8
2013-04-30 2:28,143,134,9
2013-04-30 2:29,141,132,9
2013-04-30 2:30,140,131,9
2013-04-30 2:31,140,130,10
2013-04-30 2:32,139,129,10
2013-04-30 2:33,138,128,10
2013-04-30 2:34,137,127,10
2013-04-30 2:35,136,126,10
2013-04-30 2:36,135,124,11
2013-04-30 2:37,134,123,11
2013-04-30 2:38,133,122,11
2013-04-30 2:39,132,121,11
2013-04-30 2:40,132,120,12
2013-04-30 2:41,130,119,11
2013-04-30 2:42,130,118,12
2013-04-30 2:43,129,117,12
2013-04-30 2:44,128,116,12
2013-04-30 2:45,127,115,12
2013-04-30 2:46,126,114,12
2013-04-30 2:47,126,113,13
2013-04-30 2:48,125,112,13
2013-04-30 2:49,124,111,13
2013-04-30 2:50,123,110,13
2013-04-30 2:51,122,109,13
2013-04-30 2:52,121,108,13
2013-04-30 2:53,120,107,13
2013-04-30 2:54,119,106,13
2013-04-30 2:55,118,105,13
2013-04-30 2:56,117,104,13
2013-04-30 2:57,116,103,13
2013-04-30 2:58,116,102,14
2013-04-30 2:59,115,102,13
2013-04-30 3:00,114,101,13
2013-04-30 3:01,113,100,13
2013-04-30 3:02,112,99,13
2013-04-30 3:03,112,98,14
2013-04-30 3:04,111,97,14
2013-04-30 3:05,110,97,13
2013-04-30 3:06,109,96,13
2013-04-30 3:07,108,95,13
2013-04-30 3:08,108,94,14
2013-04-30 3:09,107,94,13
2013-04-30 3:10,106,93,13
2013-04-30 3:11,104,92,12
2013-04-30 3:12,103,91,12
2013-04-30 3:13,103,91,12
2013-04-30 3:14,102,90,12
2013-04-30 3:15,101,89,12
2013-04-30 3:16,100,89,11
2013-04-30 3:17,99,88,11
2013-04-30 3:18,98,88,10
2013-04-30 3:19,97,87,10
2013-04-30 3:20,97,86,11
2013-04-30 3:21,96,86,10
2013-04-30 3:22,95,85,10
2013-04-30 3:23,94,85,9
2013-04-30 3:24,94,84,10
2013-04-30 3:25,93,84,9
2013-04-30 3:26,92,83,9
2013-04-30 3:27,91,83,8
2013-04-30 3:28,90,82,8
2013-04-30 3:29,89,82,7
2013-04-30 3:30,89,81,8
2013-04-30 3:31,88,81,7
2013-04-30 3:32,87,81,6
2013-04-30 3:33,86,80,6
2013-04-30 3:34,85,80,5
2013-04-30 3:35,84,80,4
2013-04-30 3:36,84,79,5
2013-04-30 3:37,83,79,4
2013-04-30 3:38,82,79,3
2013-04-30 3:39,81,79,2
2013-04-30 3:40,80,78,2
2013-04-30 3:41,79,78,1
2013-04-30 3:42,79,78,1
2013-04-30 3:43,78,78,0
2013-04-30 3:44,77,78,-1
2013-04-30 3:45,77,77,0
2013-04-30 3:46,76,77,-1
2013-04-30 3:47,76,77,-1
2013-04-30 3:48,75,77,-2
2013-04-30 3:49,74,77,-3
2013-04-30 3:50,74,77,-3
2013-04-30 3:51,73,77,-4
2013-04-30 3:52,73,77,-4
2013-04-30 3:53,72,77,-5
2013-04-30 3:54,72,77,-5
2013-04-30 3:55,71,77,-6
2013-04-30 3:56,70,77,-7
2013-04-30 3:57,70,77,-7
2013-04-30 3:58,69,77,-8
2013-04-30 3:59,69,77,-8
2013-04-30 4:00,69,78,-9
2013-04-30 4:01,68,78,-10
2013-04-30 4:02,68,78,-10
2013-04-30 4:03,68,78,-10
2013-04-30 4:04,68,78,-10
2013-04-30 4:05,68,79,-11
2013-04-30 4:06,68,79,-11
2013-04-30 4:07,68,79,-11
2013-04-30 4:08,68,79,-11
2013-04-30 4:09,68,80,-12
2013-04-30 4:10,69,80,-11
2013-04-30 4:11,69,80,-11
2013-04-30 4:12,70,81,-11
2013-04-30 4:13,71,81,-10
2013-04-30 4:14,72,82,-10
2013-04-30 4:15,73,82,-9
2013-04-30 4:16,75,83,-8
2013-04-30 4:17,77,83,-6
2013-04-30 4:18,79,84,-5
2013-04-30 4:19,82,84,-2
2013-04-30 4:20,84,85,-1
2013-04-30 4:21,87,85,2
2013-04-30 4:22,89,86,3
2013-04-30 4:23,92,86,6
2013-04-30 4:24,94,87,7
2013-04-30 4:25,96,88,8
2013-04-30 4:26,99,88,11
2013-04-30 4:27,101,89,12
2013-04-30 4:28,103,90,13
2013-04-30 4:29,105,91,14
2013-04-30 4:30,107,91,16
2013-04-30 4:31,109,92,17
2013-04-30 4:32,110,93,17
2013-04-30 4:33,112,94,18
2013-04-30 4:34,114,95,19
2013-04-30 4:35,116,96,20
2013-04-30 4:36,118,97,21
2013-04-30 4:37,120,98,22
2013-04-30 4:38,121,98,23
2013-04-30 4:39,123,99,24
2013-04-30 4:40,125,100,25
2013-04-30 4:41,127,101,26
2013-04-30 4:42,129,103,26
2013-04-30 4:43,131,104,27
2013-04-30 4:44,133,105,28
2013-04-30 4:45,135,106,29
2013-04-30 4:46,137,107,30
2013-04-30 4:47,139,108,31
2013-04-30 4:48,141,109,32
2013-04-30 4:49,143,110,33
2013-04-30 4:50,144,112,32
2013-04-30 4:51,145,113,32
2013-04-30 4:52,146,114,32
2013-04-30 4:53,148,116,32
2013-04-30 4:54,149,117,32
2013-04-30 4:55,151,118,33
2013-04-30 4:56,152,120,32
2013-04-30 4:57,153,121,32
2013-04-30 4:58,155,122,33
2013-04-30 4:59,156,124,32
2013-04-30 5:00,157,125,32
2013-04-30 5:01,158,127,31
2013-04-30 5:02,160,128,32
2013-04-30 5:03,161,130,31
2013-04-30 5:04,163,131,32
2013-04-30 5:05,164,133,31
2013-04-30 5:06,166,135,31
2013-04-30 5:07,167,136,31
2013-04-30 5:08,168,138,30
2013-04-30 5:09,169,140,29
2013-04-30 5:10,170,141,29
2013-04-30 5:11,172,143,29
2013-04-30 5:12,173,145,28
2013-04-30 5:13,174,147,27
2013-04-30 5:14,175,148,27
2013-04-30 5:15,177,150,27
2013-04-30 5:16,178,152,26
2013-04-30 5:17,179,154,25
2013-04-30 5:18,181,156,25
2013-04-30 5:19,182,158,24
2013-04-30 5:20,184,160,24
2013-04-30 5:21,185,162,23
2013-04-30 5:22,186,164,22
2013-04-30 5:23,188,166,22
2013-04-30 5:24,190,168,22
2013-04-30 5:25,191,170,21
2013-04-30 5:26,192,172,20
2013-04-30 5:27,194,174,20
2013-04-30 5:28,195,176,19
2013-04-30 5:29,197,178,19
2013-04-30 5:30,199,180,19
2013-04-30 5:31,200,183,17
2013-04-30 5:32,202,185,17
2013-04-30 5:33,204,187,17
2013-04-30 5:34,206,189,17
2013-04-30 5:35,208,192,16
2013-04-30 5:36,209,194,15
2013-04-30 5:37,211,196,15
2013-04-30 5:38,213,199,14
2013-04-30 5:39,215,201,14
2013-04-30 5:40,217,204,13
2013-04-30 5:41,219,206,13
2013-04-30 5:42,221,208,13
2013-04-30 5:43,223,211,12
2013-04-30 5:44,225,213,12
2013-04-30 5:45,227,216,11
2013-04-30 5:46,229,219,10
2013-04-30 5:47,231,221,10
2013-04-30 5:48,233,224,9
2013-04-30 5:49,235,226,9
2013-04-30 5:50,237,229,8
2013-04-30 5:51,239,232,7
2013-04-30 5:52,242,234,8
2013-04-30 5:53,244,237,7
2013-04-30 5:54,246,240,6
2013-04-30 5:55,248,242,6
2013-04-30 5:56,250,245,5
2013-04-30 5:57,253,248,5
2013-04-30 5:58,255,251,4
2013-04-30 5:59,258,254,4
2013-04-30 6:00,260,256,4
2013-04-30 6:01,263,259,4
2013-04-30 6:02,266,262,4
2013-04-30 6:03,268,265,3
2013-04-30 6:04,271,268,3
2013-04-30 6:05,274,271,3
2013-04-30 6:06,277,274,3
2013-04-30 6:07,279,277,2
2013-04-30 6:08,282,280,2
2013-04-30 6:09,285,283,2
2013-04-30 6:10,288,286,2
2013-04-30 6:11,291,289,2
2013-04-30 6:12,294,292,2
2013-04-30 6:13,297,295,2
2013-04-30 6:14,300,298,2
2013-04-30 6:15,303,301,2
2013-04-30 6:16,306,304,2
2013-04-30 6:17,309,307,2
2013-04-30 6:18,312,310,2
2013-04-30 6:19,315,314,1
2013-04-30 6:20,318,317,1
2013-04-30 6:21,322,320,2
2013-04-30 6:22,325,323,2
2013-04-30 6:23,328,326,2
2013-04-30 6:24,332,330,2
2013-04-30 6:25,335,333,2
2013-04-30 6:26,338,336,2
2013-04-30 6:27,342,339,3
2013-04-30 6:28,345,343,2
2013-04-30 6:29,349,346,3
2013-04-30 6:30,352,349,3
2013-04-30 6:31,356,352,4
2013-04-30 6:32,359,356,3
2013-04-30 6:33,362,359,3
2013-04-30 6:34,366,362,4
2013-04-30 6:35,369,366,3
2013-04-30 6:36,373,369,4
2013-04-30 6:37,375,372,3
2013-04-30 6:38,379,376,3
2013-04-30 6:39,382,379,3
2013-04-30 6:40,385,383,2
2013-04-30 6:41,388,386,2
2013-04-30 6:42,391,389,2
2013-04-30 6:43,394,393,1
2013-04-30 6:44,397,396,1
2013-04-30 6:45,400,400,0
2013-04-30 6:46,403,403,0
2013-04-30 6:47,407,406,1
2013-04-30 6:48,410,410,0
2013-04-30 6:49,413,413,0
2013-04-30 6:50,416,417,-1
2013-04-30 6:51,419,420,-1
2013-04-30 6:52,423,424,-1
2013-04-30 6:53,426,427,-1
2013-04-30 6:54,429,430,-1
2013-04-30 6:55,432,434,-2
2013-04-30 6:56,436,437,-1
2013-04-30 6:57,438,441,-3
2013-04-30 6:58,442,444,-2
2013-04-30 6:59,445,448,-3
2013-04-30 7:00,448,451,-3
2013-04-30 7:01,451,454,-3
2013-04-30 7:02,455,458,-3
2013-04-30 7:03,458,461,-3
2013-04-30 7:04,461,465,-4
2013-04-30 7:05,465,468,-3
2013-04-30 7:06,468,471,-3
2013-04-30 7:07,471,475,-4
2013-04-30 7:08,474,478,-4
2013-04-30 7:09,477,482,-5
2013-04-30 7:10,481,485,-4
2013-04-30 7:11,484,488,-4
2013-04-30 7:12,487,492,-5
2013-04-30 7:13,490,495,-5
2013-04-30 7:14,493,498,-5
2013-04-30 7:15,496,502,-6
2013-04-30 7:16,500,505,-5
2013-04-30 7:17,503,508,-5
2013-04-30 7:18,506,512,-6
2013-04-30 7:19,509,515,-6
2013-04-30 7:20,512,518,-6
2013-04-30 7:21,515,521,-6
2013-04-30 7:22,518,525,-7
2013-04-30 7:23,522,528,-6
2013-04-30 7:24,525,531,-6
2013-04-30 7:25,528,534,-6
2013-04-30 7:26,531,537,-6
2013-04-30 7:27,534,541,-7
2013-04-30 7:28,538,544,-6
2013-04-30 7:29,541,547,-6
2013-04-30 7:30,544,550,-6
2013-04-30 7:31,547,553,-6
2013-04-30 7:32,550,556,-6
2013-04-30 7:33,553,559,-6
2013-04-30 7:34,557,562,-5
2013-04-30 7:35,559,565,-6
2013-04-30 7:36,562,568,-6
2013-04-30 7:37,565,571,-6
2013-04-30 7:38,568,574,-6
2013-04-30 7:39,571,577,-6
2013-04-30 7:40,574,580,-6
2013-04-30 7:41,577,583,-6
2013-04-30 7:42,579,586,-7
2013-04-30 7:43,582,589,-7
2013-04-30 7:44,584,591,-7
2013-04-30 7:45,587,594,-7
2013-04-30 7:46,590,597,-7
2013-04-30 7:47,593,600,-7
2013-04-30 7:48,596,602,-6
2013-04-30 7:49,598,605,-7
2013-04-30 7:50,601,608,-7
2013-04-30 7:51,604,610,-6
2013-04-30 7:52,-,613,-
2013-04-30 7:53,-,616,-
2013-04-30 7:54,-,618,-
2013-04-30 7:55,-,621,-
2013-04-30 7:56,614,623,-9
2013-04-30 7:57,617,626,-9
2013-04-30 7:58,620,628,-8
2013-04-30 7:59,622,630,-8
2013-04-30 8:00,625,633,-8
2013-04-30 8:01,627,635,-8
2013-04-30 8:02,630,637,-7
2013-04-30 8:03,633,640,-7
2013-04-30 8:04,635,642,-7
2013-04-30 8:05,638,644,-6
2013-04-30 8:06,640,646,-6
2013-04-30 8:07,642,648,-6
2013-04-30 8:08,645,650,-5
2013-04-30 8:09,647,652,-5
2013-04-30 8:10,650,655,-5
2013-04-30 8:11,652,656,-4
2013-04-30 8:12,654,658,-4
2013-04-30 8:13,656,660,-4
2013-04-30 8:14,658,662,-4
2013-04-30 8:15,659,664,-5
2013-04-30 8:16,661,666,-5
2013-04-30 8:17,663,668,-5
2013-04-30 8:18,665,669,-4
2013-04-30 8:19,667,671,-4
2013-04-30 8:20,668,673,-5
2013-04-30 8:21,670,674,-4
2013-04-30 8:22,672,676,-4
2013-04-30 8:23,674,678,-4
2013-04-30 8:24,675,679,-4
2013-04-30 8:25,677,680,-3
2013-04-30 8:26,678,682,-4
2013-04-30 8:27,680,683,-3
2013-04-30 8:28,681,685,-4
2013-04-30 8:29,683,686,-3
2013-04-30 8:30,685,687,-2
2013-04-30 8:31,686,688,-2
2013-04-30 8:32,687,690,-3
2013-04-30 8:33,688,691,-3
2013-04-30 8:34,690,692,-2
2013-04-30 8:35,691,693,-2
2013-04-30 8:36,692,694,-2
2013-04-30 8:37,693,695,-2
2013-04-30 8:38,694,696,-2
2013-04-30 8:39,695,697,-2
2013-04-30 8:40,697,698,-1
2013-04-30 8:41,698,699,-1
2013-04-30 8:42,699,699,0
2013-04-30 8:43,700,700,0
2013-04-30 8:44,700,701,-1
2013-04-30 8:45,701,702,-1
2013-04-30 8:46,702,702,0
2013-04-30 8:47,702,703,-1
2013-04-30 8:48,703,703,0
2013-04-30 8:49,704,704,0
2013-04-30 8:50,704,704,0
2013-04-30 8:51,705,705,0
2013-04-30 8:52,706,705,1
2013-04-30 8:53,707,705,2
2013-04-30 8:54,707,706,1
2013-04-30 8:55,708,706,2
2013-04-30 8:56,708,706,2
2013-04-30 8:57,709,706,3
2013-04-30 8:58,709,707,2
2013-04-30 8:59,709,707,2
2013-04-30 9:00,709,707,2
2013-04-30 9:01,709,707,2
2013-04-30 9:02,709,707,2
2013-04-30 9:03,709,707,2
2013-04-30 9:04,709,707,2
2013-04-30 9:05,709,707,2
2013-04-30 9:06,709,706,3
2013-04-30 9:07,709,706,3
2013-04-30 9:08,709,706,3
2013-04-30 9:09,709,706,3
2013-04-30 9:10,709,705,4
2013-04-30 9:11,709,705,4
2013-04-30 9:12,709,705,4
2013-04-30 9:13,709,704,5
2013-04-30 9:14,709,704,5
2013-04-30 9:15,708,703,5
2013-04-30 9:16,708,703,5
2013-04-30 9:17,707,702,5
2013-04-30 9:18,707,702,5
2013-04-30 9:19,706,701,5
2013-04-30 9:20,705,700,5
2013-04-30 9:21,705,700,5
2013-04-30 9:22,704,699,5
2013-04-30 9:23,703,698,5
2013-04-30 9:24,703,697,6
2013-04-30 9:25,702,696,6
2013-04-30 9:26,701,696,5
2013-04-30 9:27,701,695,6
2013-04-30 9:28,700,694,6
2013-04-30 9:29,698,693,5
2013-04-30 9:30,697,692,5
2013-04-30 9:31,697,691,6
2013-04-30 9:32,696,690,6
2013-04-30 9:33,695,689,6
2013-04-30 9:34,693,687,6
2013-04-30 9:35,692,686,6
2013-04-30 9:36,691,685,6
2013-04-30 9:37,690,684,6
2013-04-30 9:38,688,683,5
2013-04-30 9:39,687,681,6
2013-04-30 9:40,686,680,6
2013-04-30 9:41,684,679,5
2013-04-30 9:42,683,677,6
2013-04-30 9:43,682,676,6
2013-04-30 9:44,680,675,5
2013-04-30 9:45,679,673,6
2013-04-30 9:46,678,672,6
2013-04-30 9:47,677,670,7
2013-04-30 9:48,676,669,7
2013-04-30 9:49,674,667,7
2013-04-30 9:50,673,666,7
2013-04-30 9:51,671,664,7
2013-04-30 9:52,670,663,7
2013-04-30 9:53,668,661,7
2013-04-30 9:54,667,660,7
2013-04-30 9:55,665,658,7
2013-04-30 9:56,664,656,8
2013-04-30 9:57,662,655,7
2013-04-30 9:58,660,653,7
2013-04-30 9:59,659,651,8
2013-04-30 10:00,657,649,8
2013-04-30 10:01,656,648,8
2013-04-30 10:02,654,646,8
2013-04-30 10:03,653,644,9
2013-04-30 10:04,651,642,9
2013-04-30 10:05,649,640,9
2013-04-30 10:06,648,639,9
2013-04-30 10:07,646,637,9
2013-04-30 10:08,645,635,10
2013-04-30 10:09,643,633,10
2013-04-30 10:10,641,631,10
2013-04-30 10:11,640,629,11
2013-04-30 10:12,638,627,11
2013-04-30 10:13,636,625,11
2013-04-30 10:14,635,623,12
2013-04-30 10:15,633,621,12
2013-04-30 10:16,631,620,11
2013-04-30 10:17,630,618,12
2013-04-30 10:18,628,616,12
2013-04-30 10:19,626,614,12
2013-04-30 10:20,625,612,13
2013-04-30 10:21,623,610,13
2013-04-30 10:22,622,608,14
2013-04-30 10:23,620,606,14
2013-04-30 10:24,618,603,15
2013-04-30 10:25,616,601,15
2013-04-30 10:26,614,599,15
2013-04-30 10:27,613,597,16
2013-04-30 10:28,611,595,16
2013-04-30 10:29,609,593,16
2013-04-30 10:30,607,591,16
2013-04-30 10:31,605,589,16
2013-04-30 10:32,604,587,17
2013-04-30 10:33,601,585,16
2013-04-30 10:34,600,583,17
2013-04-30 10:35,598,581,17
2013-04-30 10:36,596,579,17
2013-04-30 10:37,594,577,17
2013-04-30 10:38,592,574,18
2013-04-30 10:39,590,572,18
2013-04-30 10:40,588,570,18
2013-04-30 10:41,586,568,18
2013-04-30 10:42,584,566,18
2013-04-30 10:43,582,564,18
2013-04-30 10:44,580,562,18
2013-04-30 10:45,579,560,19
2013-04-30 10:46,576,558,18
2013-04-30 10:47,574,556,18
2013-04-30 10:48,572,554,18
2013-04-30 10:49,570,551,19
2013-04-30 10:50,568,549,19
2013-04-30 10:51,566,547,19
2013-04-30 10:52,564,545,19
2013-04-30 10:53,562,543,19
2013-04-30 10:54,560,541,19
2013-04-30 10:55,558,539,19
2013-04-30 10:56,556,537,19
2013-04-30 10:57,554,535,19
2013-04-30 10:58,552,533,19
2013-04-30 10:59,550,531,19
2013-04-30 11:00,548,529,19
2013-04-30 11:01,546,527,19
2013-04-30 11:02,545,525,20
2013-04-30 11:03,543,523,20
2013-04-30 11:04,541,521,20
2013-04-30 11:05,539,519,20
2013-04-30 11:06,538,517,21
2013-04-30 11:07,536,515,21
2013-04-30 11:08,533,513,20
2013-04-30 11:09,532,511,21
2013-04-30 11:10,530,509,21
2013-04-30 11:11,528,507,21
2013-04-30 11:12,526,505,21
2013-04-30 11:13,525,503,22
2013-04-30 11:14,523,501,22
2013-04-30 11:15,521,499,22
2013-04-30 11:16,520,497,23
2013-04-30 11:17,518,495,23
2013-04-30 11:18,516,493,23
2013-04-30 11:19,514,491,23
2013-04-30 11:20,512,489,23
2013-04-30 11:21,511,487,24
2013-04-30 11:22,509,486,23
2013-04-30 11:23,507,484,23
2013-04-30 11:24,505,482,23
2013-04-30 11:25,504,480,24
2013-04-30 11:26,502,478,24
2013-04-30 11:27,500,476,24
2013-04-30 11:28,498,474,24
2013-04-30 11:29,497,473,24
2013-04-30 11:30,495,471,24
2013-04-30 11:31,493,469,24
2013-04-30 11:32,491,467,24
2013-04-30 11:33,489,465,24
2013-04-30 11:34,487,464,23
2013-04-30 11:35,485,462,23
2013-04-30 11:36,484,460,24
2013-04-30 11:37,482,458,24
2013-04-30 11:38,480,457,23
2013-04-30 11:39,478,455,23
2013-04-30 11:40,476,453,23
2013-04-30 11:41,475,452,23
2013-04-30 11:42,473,450,23
2013-04-30 11:43,471,448,23
2013-04-30 11:44,470,446,24
2013-04-30 11:45,468,445,23
2013-04-30 11:46,466,443,23
2013-04-30 11:47,464,441,23
2013-04-30 11:48,462,440,22
2013-04-30 11:49,461,438,23
2013-04-30 11:50,459,437,22
2013-04-30 11:51,457,435,22
2013-04-30 11:52,454,433,21
2013-04-30 11:53,453,432,21
2013-04-30 11:54,451,430,21
2013-04-30 11:55,449,429,20
2013-04-30 11:56,447,427,20
2013-04-30 11:57,445,425,20
2013-04-30 11:58,444,424,20
2013-04-30 11:59,442,422,20
2013-04-30 12:00,440,421,19
2013-04-30 12:01,438,419,19
2013-04-30 12:02,436,418,18
2013-04-30 12:03,435,416,19
2013-04-30 12:04,433,415,18
2013-04-30 12:05,431,413,18
2013-04-30 12:06,429,412,17
2013-04-30 12:07,427,410,17
2013-04-30 12:08,425,409,16
2013-04-30 12:09,423,407,16
2013-04-30 12:10,422,406,16
2013-04-30 12:11,420,404,16
2013-04-30 12:12,418,403,15
2013-04-30 12:13,417,401,16
2013-04-30 12:14,415,400,15
2013-04-30 12:15,413,398,15
2013-04-30 12:16,412,397,15
2013-04-30 12:17,410,396,14
2013-04-30 12:18,408,394,14
2013-04-30 12:19,406,393,13
2013-04-30 12:20,404,391,13
2013-04-30 12:21,402,390,12
2013-04-30 12:22,401,389,12
2013-04-30 12:23,399,387,12
2013-04-30 12:24,397,386,11
2013-04-30 12:25,396,384,12
2013-04-30 12:26,394,383,11
2013-04-30 12:27,392,382,10
2013-04-30 12:28,391,380,11
2013-04-30 12:29,389,379,10
2013-04-30 12:30,387,377,10
2013-04-30 12:31,385,376,9
2013-04-30 12:32,384,375,9
2013-04-30 12:33,382,373,9
2013-04-30 12:34,380,372,8
2013-04-30 12:35,378,371,7
2013-04-30 12:36,377,369,8
2013-04-30 12:37,375,368,7
2013-04-30 12:38,373,367,6
2013-04-30 12:39,372,365,7
2013-04-30 12:40,370,364,6
2013-04-30 12:41,368,363,5
2013-04-30 12:42,367,361,6
2013-04-30 12:43,365,360,5
2013-04-30 12:44,363,359,4
2013-04-30 12:45,361,357,4
2013-04-30 12:46,360,356,4
2013-04-30 12:47,359,355,4
2013-04-30 12:48,357,353,4
2013-04-30 12:49,355,352,3
2013-04-30 12:50,354,351,3
2013-04-30 12:51,352,349,3
2013-04-30 12:52,351,348,3
2013-04-30 12:53,349,347,2
2013-04-30 12:54,347,345,2
2013-04-30 12:55,346,344,2
2013-04-30 12:56,344,343,1
2013-04-30 12:57,343,341,2
2013-04-30 12:58,341,340,1
2013-04-30 12:59,339,339,0
2013-04-30 13:00,338,337,1
2013-04-30 13:01,337,336,1
2013-04-30 13:02,335,335,0
2013-04-30 13:03,334,333,1
2013-04-30 13:04,332,332,0
2013-04-30 13:05,331,331,0
2013-04-30 13:06,329,329,0
2013-04-30 13:07,328,328,0
2013-04-30 13:08,326,327,-1
2013-04-30 13:09,325,325,0
2013-04-30 13:10,323,324,-1
2013-04-30 13:11,321,323,-2
2013-04-30 13:12,320,321,-1
2013-04-30 13:13,318,320,-2
2013-04-30 13:14,317,319,-2
2013-04-30 13:15,316,317,-1
2013-04-30 13:16,314,316,-2
2013-04-30 13:17,313,315,-2
2013-04-30 13:18,311,313,-2
2013-04-30 13:19,310,312,-2
2013-04-30 13:20,309,311,-2
2013-04-30 13:21,307,309,-2
2013-04-30 13:22,306,308,-2
2013-04-30 13:23,304,307,-3
2013-04-30 13:24,303,305,-2
2013-04-30 13:25,301,304,-3
2013-04-30 13:26,300,303,-3
2013-04-30 13:27,299,301,-2
2013-04-30 13:28,298,300,-2
2013-04-30 13:29,296,298,-2
2013-04-30 13:30,295,297,-2
2013-04-30 13:31,294,296,-2
2013-04-30 13:32,292,294,-2
2013-04-30 13:33,291,293,-2
2013-04-30 13:34,289,292,-3
2013-04-30 13:35,288,290,-2
2013-04-30 13:36,286,289,-3
2013-04-30 13:37,285,287,-2
2013-04-30 13:38,284,286,-2
2013-04-30 13:39,283,285,-2
2013-04-30 13:40,281,283,-2
2013-04-30 13:41,280,282,-2
2013-04-30 13:42,279,280,-1
2013-04-30 13:43,277,279,-2
2013-04-30 13:44,276,278,-2
2013-04-30 13:45,275,276,-1
2013-04-30 13:46,273,275,-2
2013-04-30 13:47,272,274,-2
2013-04-30 13:48,271,272,-1
2013-04-30 13:49,270,271,-1
2013-04-30 13:50,269,269,0
2013-04-30 13:51,267,268,-1
2013-04-30 13:52,266,267,-1
2013-04-30 13:53,265,265,0
2013-04-30 13:54,264,264,0
2013-04-30 13:55,262,262,0
2013-04-30 13:56,261,261,0
2013-04-30 13:57,260,260,0
2013-04-30 13:58,259,258,1
2013-04-30 13:59,258,257,1
2013-04-30 14:00,257,255,2
2013-04-30 14:01,256,254,2
2013-04-30 14:02,254,252,2
2013-04-30 14:03,253,251,2
2013-04-30 14:04,252,250,2
2013-04-30 14:05,250,248,2
2013-04-30 14:06,249,247,2
2013-04-30 14:07,248,245,3
2013-04-30 14:08,246,244,2
2013-04-30 14:09,246,243,3
2013-04-30 14:10,244,241,3
2013-04-30 14:11,243,240,3
2013-04-30 14:12,242,238,4
2013-04-30 14:13,241,237,4
2013-04-30 14:14,240,236,4
2013-04-30 14:15,238,234,4
2013-04-30 14:16,237,233,4
2013-04-30 14:17,235,231,4
2013-04-30 14:18,235,230,5
2013-04-30 14:19,233,229,4
2013-04-30 14:20,232,227,5
2013-04-30 14:21,231,226,5
2013-04-30 14:22,230,225,5
2013-04-30 14:23,228,223,5
2013-04-30 14:24,228,222,6
2013-04-30 14:25,226,220,6
2013-04-30 14:26,226,219,7
2013-04-30 14:27,225,218,7
2013-04-30 14:28,224,216,8
2013-04-30 14:29,223,215,8
2013-04-30 14:30,222,214,8
2013-04-30 14:31,221,212,9
2013-04-30 14:32,220,211,9
2013-04-30 14:33,219,210,9
2013-04-30 14:34,218,208,10
2013-04-30 14:35,217,207,10
2013-04-30 14:36,216,206,10
2013-04-30 14:37,215,204,11
2013-04-30 14:38,213,203,10
2013-04-30 14:39,212,202,10
2013-04-30 14:40,211,200,11
2013-04-30 14:41,208,199,9
2013-04-30 14:42,207,198,9
2013-04-30 14:43,207,196,11
2013-04-30 14:44,206,195,11
2013-04-30 14:45,204,194,10
2013-04-30 14:46,203,193,10
2013-04-30 14:47,202,191,11
2013-04-30 14:48,201,190,11
2013-04-30 14:49,200,189,11
2013-04-30 14:50,199,188,11
2013-04-30 14:51,198,186,12
2013-04-30 14:52,197,185,12
2013-04-30 14:53,196,184,12
2013-04-30 14:54,194,183,11
2013-04-30 14:55,193,181,12
2013-04-30 14:56,192,180,12
2013-04-30 14:57,191,179,12
2013-04-30 14:58,191,178,13
2013-04-30 14:59,189,177,12
2013-04-30 15:00,188,176,12
2013-04-30 15:01,187,174,13
2013-04-30 15:02,186,173,13
2013-04-30 15:03,185,172,13
2013-04-30 15:04,184,171,13
2013-04-30 15:05,183,170,13
2013-04-30 15:06,182,169,13
2013-04-30 15:07,181,168,13
2013-04-30 15:08,180,167,13
2013-04-30 15:09,179,165,14
2013-04-30 15:10,178,164,14
2013-04-30 15:11,177,163,14
2013-04-30 15:12,176,162,14
2013-04-30 15:13,175,161,14
2013-04-30 15:14,174,160,14
2013-04-30 15:15,173,159,14
2013-04-30 15:16,173,158,15
2013-04-30 15:17,171,157,14
2013-04-30 15:18,171,156,15
2013-04-30 15:19,170,155,15
2013-04-30 15:20,169,154,15
2013-04-30 15:21,168,153,15
2013-04-30 15:22,167,152,15
2013-04-30 15:23,166,151,15
2013-04-30 15:24,165,151,14
2013-04-30 15:25,164,150,14
2013-04-30 15:26,163,149,14
2013-04-30 15:27,162,148,14
2013-04-30 15:28,162,147,15
2013-04-30 15:29,160,146,14
2013-04-30 15:30,159,145,14
2013-04-30 15:31,158,144,14
2013-04-30 15:32,157,144,13
2013-04-30 15:33,156,143,13
2013-04-30 15:34,155,142,13
2013-04-30 15:35,155,141,14
2013-04-30 15:36,154,140,14
2013-04-30 15:37,153,140,13
2013-04-30 15:38,152,139,13
2013-04-30 15:39,152,138,14
2013-04-30 15:40,151,138,13
2013-04-30 15:41,150,137,13
2013-04-30 15:42,149,136,13
2013-04-30 15:43,148,135,13
2013-04-30 15:44,148,135,13
2013-04-30 15:45,147,134,13
2013-04-30 15:46,146,134,12
2013-04-30 15:47,145,133,12
2013-04-30 15:48,145,132,13
2013-04-30 15:49,144,132,12
2013-04-30 15:50,143,131,12
2013-04-30 15:51,142,131,11
2013-04-30 15:52,140,130,10
2013-04-30 15:53,140,130,10
2013-04-30 15:54,139,129,10
2013-04-30 15:55,138,128,10
2013-04-30 15:56,137,128,9
2013-04-30 15:57,137,128,9
2013-04-30 15:58,136,127,9
2013-04-30 15:59,135,127,8
2013-04-30 16:00,134,126,8
2013-04-30 16:01,133,126,7
2013-04-30 16:02,132,125,7
2013-04-30 16:03,131,125,6
2013-04-30 16:04,131,125,6
2013-04-30 16:05,130,124,6
2013-04-30 16:06,129,124,5
2013-04-30 16:07,128,124,4
2013-04-30 16:08,127,123,4
2013-04-30 16:09,127,123,4
2013-04-30 16:10,126,123,3
2013-04-30 16:11,125,123,2
2013-04-30 16:12,124,122,2
2013-04-30 16:13,123,122,1
2013-04-30 16:14,122,122,0
2013-04-30 16:15,121,122,-1
2013-04-30 16:16,120,122,-2
2013-04-30 16:17,119,121,-2
2013-04-30 16:18,119,121,-2
2013-04-30 16:19,118,121,-3
2013-04-30 16:20,118,121,-3
2013-04-30 16:21,118,121,-3
2013-04-30 16:22,118,121,-3
2013-04-30 16:23,117,121,-4
2013-04-30 16:24,116,121,-5
2013-04-30 16:25,116,121,-5
2013-04-30 16:26,116,121,-5
2013-04-30 16:27,115,121,-6
2013-04-30 16:28,115,121,-6
2013-04-30 16:29,114,121,-7
2013-04-30 16:30,114,121,-7
2013-04-30 16:31,113,121,-8
2013-04-30 16:32,113,121,-8
2013-04-30 16:33,113,121,-8
2013-04-30 16:34,112,122,-10
2013-04-30 16:35,113,122,-9
2013-04-30 16:36,113,122,-9
2013-04-30 16:37,113,122,-9
2013-04-30 16:38,113,122,-9
2013-04-30 16:39,113,123,-10
2013-04-30 16:40,113,123,-10
2013-04-30 16:41,112,123,-11
2013-04-30 16:42,113,123,-10
2013-04-30 16:43,113,124,-11
2013-04-30 16:44,114,124,-10
2013-04-30 16:45,114,124,-10
2013-04-30 16:46,115,125,-10
2013-04-30 16:47,116,125,-9
2013-04-30 16:48,117,126,-9
2013-04-30 16:49,118,126,-8
2013-04-30 16:50,119,126,-7
2013-04-30 16:51,120,127,-7
2013-04-30 16:52,122,127,-5
2013-04-30 16:53,123,128,-5
2013-04-30 16:54,126,128,-2
2013-04-30 16:55,128,129,-1
2013-04-30 16:56,130,129,1
2013-04-30 16:57,132,130,2
2013-04-30 16:58,134,131,3
2013-04-30 16:59,137,131,6
2013-04-30 17:00,139,132,7
2013-04-30 17:01,143,133,10
2013-04-30 17:02,145,133,12
2013-04-30 17:03,147,134,13
2013-04-30 17:04,150,135,15
2013-04-30 17:05,152,135,17
2013-04-30 17:06,154,136,18
2013-04-30 17:07,156,137,19
2013-04-30 17:08,158,138,20
2013-04-30 17:09,160,138,22
2013-04-30 17:10,162,139,23
2013-04-30 17:11,164,140,24
2013-04-30 17:12,166,141,25
2013-04-30 17:13,168,142,26
2013-04-30 17:14,170,143,27
2013-04-30 17:15,171,144,27
2013-04-30 17:16,173,145,28
2013-04-30 17:17,174,146,28
2013-04-30 17:18,175,147,28
2013-04-30 17:19,177,148,29
2013-04-30 17:20,178,149,29
2013-04-30 17:21,180,150,30
2013-04-30 17:22,181,151,30
2013-04-30 17:23,183,152,31
2013-04-30 17:24,184,153,31
2013-04-30 17:25,186,154,32
2013-04-30 17:26,187,155,32
2013-04-30 17:27,189,156,33
2013-04-30 17:28,190,158,32
2013-04-30 17:29,191,159,32
2013-04-30 17:30,192,160,32
2013-04-30 17:31,194,161,33
2013-04-30 17:32,195,163,32
2013-04-30 17:33,196,164,32
2013-04-30 17:34,197,165,32
2013-04-30 17:35,198,166,32
2013-04-30 17:36,199,168,31
2013-04-30 17:37,200,169,31
2013-04-30 17:38,201,171,30
2013-04-30 17:39,202,172,30
2013-04-30 17:40,203,173,30
2013-04-30 17:41,204,175,29
2013-04-30 17:42,206,176,30
2013-04-30 17:43,206,178,28
2013-04-30 17:44,208,179,29
2013-04-30 17:45,209,181,28
2013-04-30 17:46,210,182,28
2013-04-30 17:47,211,184,27
2013-04-30 17:48,212,186,26
2013-04-30 17:49,213,187,26
2013-04-30 17:50,214,189,25
2013-04-30 17:51,215,190,25
2013-04-30 17:52,216,192,24
2013-04-30 17:53,217,194,23
2013-04-30 17:54,218,196,22
2013-04-30 17:55,219,197,22
2013-04-30 17:56,220,199,21
2013-04-30 17:57,221,201,20
2013-04-30 17:58,222,203,19
2013-04-30 17:59,223,204,19
2013-04-30 18:00,224,206,18
2013-04-30 18:01,225,208,17
2013-04-30 18:02,226,210,16
2013-04-30 18:03,228,212,16
2013-04-30 18:04,229,214,15
2013-04-30 18:05,230,216,14
2013-04-30 18:06,231,218,13
2013-04-30 18:07,232,220,12
2013-04-30 18:08,234,221,13
2013-04-30 18:09,236,223,13
2013-04-30 18:10,237,225,12
2013-04-30 18:11,239,228,11
2013-04-30 18:12,240,230,10
2013-04-30 18:13,242,232,10
2013-04-30 18:14,243,234,9
2013-04-30 18:15,245,236,9
2013-04-30 18:16,246,238,8
2013-04-30 18:17,248,240,8
2013-04-30 18:18,250,242,8
2013-04-30 18:19,252,244,8
2013-04-30 18:20,254,247,7
2013-04-30 18:21,256,249,7
2013-04-30 18:22,258,251,7
2013-04-30 18:23,259,253,6
2013-04-30 18:24,261,256,5
2013-04-30 18:25,263,258,5
2013-04-30 18:26,265,260,5
2013-04-30 18:27,267,262,5
2013-04-30 18:28,268,265,3
2013-04-30 18:29,271,267,4
2013-04-30 18:30,273,269,4
2013-04-30 18:31,274,272,2
2013-04-30 18:32,277,274,3
2013-04-30 18:33,279,277,2
2013-04-30 18:34,281,279,2
2013-04-30 18:35,283,281,2
2013-04-30 18:36,285,284,1
2013-04-30 18:37,288,286,2
2013-04-30 18:38,290,289,1
2013-04-30 18:39,293,291,2
2013-04-30 18:40,296,294,2
2013-04-30 18:41,298,296,2
2013-04-30 18:42,301,299,2
2013-04-30 18:43,304,301,3
2013-04-30 18:44,306,304,2
2013-04-30 18:45,309,306,3
2013-04-30 18:46,311,309,2
2013-04-30 18:47,314,311,3
2013-04-30 18:48,317,314,3
2013-04-30 18:49,319,317,2
2013-04-30 18:50,321,319,2
2013-04-30 18:51,324,322,2
2013-04-30 18:52,327,324,3
2013-04-30 18:53,330,327,3
2013-04-30 18:54,333,330,3
2013-04-30 18:55,335,332,3
2013-04-30 18:56,338,335,3
2013-04-30 18:57,341,338,3
2013-04-30 18:58,343,340,3
2013-04-30 18:59,346,343,3
2013-04-30 19:00,348,346,2
2013-04-30 19:01,351,348,3
2013-04-30 19:02,354,351,3
2013-04-30 19:03,356,354,2
2013-04-30 19:04,359,356,3
2013-04-30 19:05,361,359,2
2013-04-30 19:06,364,362,2
2013-04-30 19:07,367,364,3
2013-04-30 19:08,369,367,2
2013-04-30 19:09,372,370,2
2013-04-30 19:10,375,373,2
2013-04-30 19:11,377,375,2
2013-04-30 19:12,380,378,2
2013-04-30 19:13,383,381,2
2013-04-30 19:14,385,383,2
2013-04-30 19:15,388,386,2
2013-04-30 19:16,391,389,2
2013-04-30 19:17,393,392,1
2013-04-30 19:18,396,394,2
2013-04-30 19:19,398,397,1
2013-04-30 19:20,401,400,1
2013-04-30 19:21,404,403,1
2013-04-30 19:22,407,405,2
2013-04-30 19:23,409,408,1
2013-04-30 19:24,412,411,1
2013-04-30 19:25,414,413,1
2013-04-30 19:26,417,416,1
2013-04-30 19:27,420,419,1
2013-04-30 19:28,422,422,0
2013-04-30 19:29,425,424,1
2013-04-30 19:30,427,427,0
2013-04-30 19:31,430,430,0
2013-04-30 19:32,432,432,0
2013-04-30 19:33,435,435,0
2013-04-30 19:34,437,438,-1
2013-04-30 19:35,440,440,0
2013-04-30 19:36,442,443,-1
2013-04-30 19:37,445,446,-1
2013-04-30 19:38,447,448,-1
2013-04-30 19:39,449,451,-2
2013-04-30 19:40,452,453,-1
2013-04-30 19:41,454,456,-2
2013-04-30 19:42,457,459,-2
2013-04-30 19:43,459,461,-2
2013-04-30 19:44,462,464,-2
2013-04-30 19:45,464,466,-2
2013-04-30 19:46,467,469,-2
2013-04-30 19:47,469,471,-2
2013-04-30 19:48,471,474,-3
2013-04-30 19:49,474,476,-2
2013-04-30 19:50,477,479,-2
2013-04-30 19:51,479,481,-2
2013-04-30 19:52,482,484,-2
2013-04-30 19:53,484,486,-2
2013-04-30 19:54,487,489,-2
2013-04-30 19:55,489,491,-2
2013-04-30 19:56,492,493,-1
2013-04-30 19:57,494,496,-2
2013-04-30 19:58,496,498,-2
2013-04-30 19:59,499,501,-2
2013-04-30 20:00,501,503,-2
2013-04-30 20:01,504,505,-1
2013-04-30 20:02,506,507,-1
2013-04-30 20:03,508,510,-2
2013-04-30 20:04,510,512,-2
2013-04-30 20:05,513,514,-1
2013-04-30 20:06,515,516,-1
2013-04-30 20:07,517,519,-2
2013-04-30 20:08,519,521,-2
2013-04-30 20:09,521,523,-2
2013-04-30 20:10,523,525,-2
2013-04-30 20:11,525,527,-2
2013-04-30 20:12,527,529,-2
2013-04-30 20:13,529,531,-2
2013-04-30 20:14,531,533,-2
2013-04-30 20:15,533,535,-2
2013-04-30 20:16,536,537,-1
2013-04-30 20:17,537,539,-2
2013-04-30 20:18,539,541,-2
2013-04-30 20:19,542,543,-1
2013-04-30 20:20,543,545,-2
2013-04-30 20:21,545,547,-2
2013-04-30 20:22,547,548,-1
2013-04-30 20:23,549,550,-1
2013-04-30 20:24,551,552,-1
2013-04-30 20:25,553,554,-1
2013-04-30 20:26,555,555,0
2013-04-30 20:27,557,557,0
2013-04-30 20:28,559,559,0
2013-04-30 20:29,561,560,1
2013-04-30 20:30,563,562,1
2013-04-30 20:31,565,563,2
2013-04-30 20:32,567,565,2
2013-04-30 20:33,568,566,2
2013-04-30 20:34,570,568,2
2013-04-30 20:35,571,569,2
2013-04-30 20:36,573,571,2
2013-04-30 20:37,575,572,3
2013-04-30 20:38,576,574,2
2013-04-30 20:39,578,575,3
2013-04-30 20:40,579,576,3
2013-04-30 20:41,581,577,4
2013-04-30 20:42,582,579,3
2013-04-30 20:43,584,580,4
2013-04-30 20:44,585,581,4
2013-04-30 20:45,587,582,5
2013-04-30 20:46,588,583,5
2013-04-30 20:47,589,584,5
2013-04-30 20:48,591,585,6
2013-04-30 20:49,592,586,6
2013-04-30 20:50,593,587,6
2013-04-30 20:51,594,588,6
2013-04-30 20:52,596,589,7
2013-04-30 20:53,596,590,6
2013-04-30 20:54,598,591,7
2013-04-30 20:55,598,591,7
2013-04-30 20:56,600,592,8
2013-04-30 20:57,600,593,7
2013-04-30 20:58,601,594,7
2013-04-30 20:59,602,594,8
2013-04-30 21:00,603,595,8
2013-04-30 21:01,604,596,8
2013-04-30 21:02,604,596,8
2013-04-30 21:03,605,597,8
2013-04-30 21:04,606,597,9
2013-04-30 21:05,607,598,9
2013-04-30 21:06,607,598,9
2013-04-30 21:07,608,598,10
2013-04-30 21:08,608,599,9
2013-04-30 21:09,609,599,10
2013-04-30 21:10,610,599,11
2013-04-30 21:11,610,600,10
2013-04-30 21:12,611,600,11
2013-04-30 21:13,611,600,11
2013-04-30 21:14,611,600,11
2013-04-30 21:15,612,600,12
2013-04-30 21:16,612,600,12
2013-04-30 21:17,612,600,12
2013-04-30 21:18,612,600,12
2013-04-30 21:19,612,600,12
2013-04-30 21:20,613,600,13
2013-04-30 21:21,613,600,13
2013-04-30 21:22,613,600,13
2013-04-30 21:23,613,600,13
2013-04-30 21:24,613,600,13
2013-04-30 21:25,613,600,13
2013-04-30 21:26,613,599,14
2013-04-30 21:27,613,599,14
2013-04-30 21:28,612,599,13
2013-04-30 21:29,612,598,14
2013-04-30 21:30,612,598,14
2013-04-30 21:31,612,598,14
2013-04-30 21:32,611,597,14
2013-04-30 21:33,610,597,13
2013-04-30 21:34,610,596,14
2013-04-30 21:35,610,596,14
2013-04-30 21:36,609,595,14
2013-04-30 21:37,608,594,14
2013-04-30 21:38,607,594,13
2013-04-30 21:39,606,593,13
2013-04-30 21:40,606,592,14
2013-04-30 21:41,605,592,13
2013-04-30 21:42,604,591,13
2013-04-30 21:43,603,590,13
2013-04-30 21:44,603,589,14
2013-04-30 21:45,601,589,12
2013-04-30 21:46,601,588,13
2013-04-30 21:47,600,587,13
2013-04-30 21:48,599,586,13
2013-04-30 21:49,598,585,13
2013-04-30 21:50,597,584,13
2013-04-30 21:51,596,583,13
2013-04-30 21:52,595,582,13
2013-04-30 21:53,594,581,13
2013-04-30 21:54,592,580,12
2013-04-30 21:55,591,579,12
2013-04-30 21:56,590,578,12
2013-04-30 21:57,589,577,12
2013-04-30 21:58,588,576,12
2013-04-30 21:59,586,574,12
2013-04-30 22:00,585,573,12
2013-04-30 22:01,584,572,12
2013-04-30 22:02,583,571,12
2013-04-30 22:03,582,569,13
2013-04-30 22:04,581,568,13
2013-04-30 22:05,579,567,12
2013-04-30 22:06,577,565,12
2013-04-30 22:07,576,564,12
2013-04-30 22:08,574,563,11
2013-04-30 22:09,573,561,12
2013-04-30 22:10,571,560,11
2013-04-30 22:11,570,558,12
2013-04-30 22:12,568,557,11
2013-04-30 22:13,567,556,11
2013-04-30 22:14,565,554,11
2013-04-30 22:15,564,553,11
2013-04-30 22:16,562,551,11
2013-04-30 22:17,561,549,12
2013-04-30 22:18,560,548,12
2013-04-30 22:19,558,546,12
2013-04-30 22:20,557,545,12
2013-04-30 22:21,555,543,12
2013-04-30 22:22,554,542,12
2013-04-30 22:23,552,540,12
2013-04-30 22:24,551,538,13
2013-04-30 22:25,549,537,12
2013-04-30 22:26,548,535,13
2013-04-30 22:27,546,533,13
2013-04-30 22:28,544,532,12
2013-04-30 22:29,543,530,13
2013-04-30 22:30,541,528,13
2013-04-30 22:31,540,526,14
2013-04-30 22:32,538,525,13
2013-04-30 22:33,536,523,13
2013-04-30 22:34,535,521,14
2013-04-30 22:35,533,519,14
2013-04-30 22:36,532,518,14
2013-04-30 22:37,530,516,14
2013-04-30 22:38,528,514,14
2013-04-30 22:39,527,512,15
2013-04-30 22:40,525,510,15
2013-04-30 22:41,524,509,15
2013-04-30 22:42,522,507,15
2013-04-30 22:43,520,505,15
2013-04-30 22:44,519,503,16
2013-04-30 22:45,517,501,16
2013-04-30 22:46,515,499,16
2013-04-30 22:47,513,497,16
2013-04-30 22:48,512,496,16
2013-04-30 22:49,510,494,16
2013-04-30 22:50,508,492,16
2013-04-30 22:51,506,490,16
2013-04-30 22:52,504,488,16
2013-04-30 22:53,502,486,16
2013-04-30 22:54,501,484,17
2013-04-30 22:55,499,482,17
2013-04-30 22:56,497,481,16
2013-04-30 22:57,495,479,16
2013-04-30 22:58,493,477,16
2013-04-30 22:59,491,475,16
2013-04-30 23:00,490,473,17
2013-04-30 23:01,488,471,17
2013-04-30 23:02,486,469,17
2013-04-30 23:03,485,467,18
2013-04-30 23:04,483,465,18
2013-04-30 23:05,481,464,17
2013-04-30 23:06,479,462,17
2013-04-30 23:07,477,460,17
2013-04-30 23:08,475,458,17
2013-04-30 23:09,474,456,18
2013-04-30 23:10,472,454,18
2013-04-30 23:11,470,452,18
2013-04-30 23:12,468,450,18
2013-04-30 23:13,467,449,18
2013-04-30 23:14,465,447,18
2013-04-30 23:15,463,445,18
2013-04-30 23:16,461,443,18
2013-04-30 23:17,459,441,18
2013-04-30 23:18,457,439,18
2013-04-30 23:19,455,437,18
2013-04-30 23:20,453,436,17
2013-04-30 23:21,451,434,17
2013-04-30 23:22,450,432,18
2013-04-30 23:23,448,430,18
2013-04-30 23:24,446,428,18
2013-04-30 23:25,445,427,18
2013-04-30 23:26,443,425,18
2013-04-30 23:27,441,423,18
2013-04-30 23:28,439,421,18
2013-04-30 23:29,437,419,18
2013-04-30 23:30,436,418,18
2013-04-30 23:31,434,416,18
2013-04-30 23:32,432,414,18
2013-04-30 23:33,430,412,18
2013-04-30 23:34,429,410,19
2013-04-30 23:35,427,409,18
2013-04-30 23:36,425,407,18
2013-04-30 23:37,423,405,18
2013-04-30 23:38,421,404,17
2013-04-30 23:39,420,402,18
2013-04-30 23:40,418,400,18
2013-04-30 23:41,416,398,18
2013-04-30 23:42,414,397,17
2013-04-30 23:43,412,395,17
2013-04-30 23:44,411,393,18
2013-04-30 23:45,409,392,17
2013-04-30 23:46,407,390,17
2013-04-30 23:47,406,388,18
2013-04-30 23:48,404,387,17
2013-04-30 23:49,402,385,17
2013-04-30 23:50,400,383,17
2013-04-30 23:51,399,382,17
2013-04-30 23:52,397,380,17
2013-04-30 23:53,395,379,16
2013-04-30 23:54,394,377,17
2013-04-30 23:55,392,375,17
2013-04-30 23:56,390,374,16
2013-04-30 23:57,389,372,17
2013-04-30 23:58,387,371,16
2013-04-30 23:59,386,369,17
2013-05-01 0:00,384,368,16
2013-05-01 0:01,383,366,17
2013-05-01 0:02,381,365,16
2013-05-01 0:03,380,363,17
2013-05-01 0:04,378,361,17
2013-05-01 0:05,377,360,17
2013-05-01 0:06,375,358,17
2013-05-01 0:07,374,357,17
2013-05-01 0:08,372,356,16
2013-05-01 0:09,371,354,17
2013-05-01 0:10,369,353,16
2013-05-01 0:11,368,351,17
2013-05-01 0:12,366,350,16
2013-05-01 0:13,364,348,16
2013-05-01 0:14,363,347,16
2013-05-01 0:15,361,345,16
2013-05-01 0:16,360,344,16
2013-05-01 0:17,358,343,15
2013-05-01 0:18,356,341,15
2013-05-01 0:19,355,340,15
2013-05-01 0:20,353,338,15
2013-05-01 0:21,352,337,15
2013-05-01 0:22,350,336,14
2013-05-01 0:23,349,334,15
2013-05-01 0:24,347,333,14
2013-05-01 0:25,345,331,14
2013-05-01 0:26,344,330,14
2013-05-01 0:27,342,329,13
2013-05-01 0:28,341,327,14
2013-05-01 0:29,339,326,13
2013-05-01 0:30,338,325,13
2013-05-01 0:31,336,323,13
2013-05-01 0:32,335,322,13
2013-05-01 0:33,333,321,12
2013-05-01 0:34,332,320,12
2013-05-01 0:35,330,318,12
2013-05-01 0:36,328,317,11
2013-05-01 0:37,327,316,11
2013-05-01 0:38,325,314,11
2013-05-01 0:39,324,313,11
2013-05-01 0:40,322,312,10
2013-05-01 0:41,321,311,10
2013-05-01 0:42,319,309,10
2013-05-01 0:43,318,308,10
2013-05-01 0:44,317,307,10
2013-05-01 0:45,315,306,9
2013-05-01 0:46,314,304,10
2013-05-01 0:47,312,303,9
2013-05-01 0:48,311,302,9
2013-05-01 0:49,309,301,8
2013-05-01 0:50,308,299,9
2013-05-01 0:51,306,298,8
2013-05-01 0:52,304,297,7
2013-05-01 0:53,303,296,7
2013-05-01 0:54,302,294,8
2013-05-01 0:55,300,293,7
2013-05-01 0:56,299,292,7
2013-05-01 0:57,297,291,6
2013-05-01 0:58,296,290,6
2013-05-01 0:59,295,288,7
2013-05-01 1:00,293,287,6
2013-05-01 1:01,292,286,6
2013-05-01 1:02,290,285,5
2013-05-01 1:03,289,284,5
2013-05-01 1:04,288,282,6
2013-05-01 1:05,286,281,5
2013-05-01 1:06,285,280,5
2013-05-01 1:07,283,279,4
2013-05-01 1:08,282,278,4
2013-05-01 1:09,280,276,4
2013-05-01 1:10,279,275,4
2013-05-01 1:11,278,274,4
2013-05-01 1:12,277,273,4
2013-05-01 1:13,275,272,3
2013-05-01 1:14,274,270,4
2013-05-01 1:15,272,269,3
2013-05-01 1:16,271,268,3
2013-05-01 1:17,269,267,2
2013-05-01 1:18,268,266,2
2013-05-01 1:19,267,264,3
2013-05-01 1:20,265,263,2
2013-05-01 1:21,264,262,2
2013-05-01 1:22,263,261,2
2013-05-01 1:23,262,260,2
2013-05-01 1:24,260,258,2
2013-05-01 1:25,259,257,2
2013-05-01 1:26,258,256,2
2013-05-01 1:27,256,255,1
2013-05-01 1:28,255,254,1
2013-05-01 1:29,254,252,2
2013-05-01 1:30,252,251,1
2013-05-01 1:31,251,250,1
2013-05-01 1:32,250,249,1
2013-05-01 1:33,248,248,0
2013-05-01 1:34,247,246,1
2013-05-01 1:35,246,245,1
2013-05-01 1:36,245,244,1
2013-05-01 1:37,243,243,0
2013-05-01 1:38,242,242,0
2013-05-01 1:39,241,240,1
2013-05-01 1:40,240,239,1
2013-05-01 1:41,239,238,1
2013-05-01 1:42,238,237,1
2013-05-01 1:43,236,236,0
2013-05-01 1:44,235,234,1
2013-05-01 1:45,234,233,1
2013-05-01 1:46,233,232,1
2013-05-01 1:47,231,231,0
2013-05-01 1:48,230,229,1
2013-05-01 1:49,229,228,1
2013-05-01 1:50,228,227,1
2013-05-01 1:51,227,226,1
2013-05-01 1:52,226,225,1
2013-05-01 1:53,224,223,1
2013-05-01 1:54,223,222,1
2013-05-01 1:55,222,221,1
2013-05-01 1:56,221,220,1
2013-05-01 1:57,219,218,1
2013-05-01 1:58,218,217,1
2013-05-01 1:59,217,216,1
2013-05-01 2:00,216,215,1
2013-05-01 2:01,215,213,2
2013-05-01 2:02,214,212,2
2013-05-01 2:03,213,211,2
2013-05-01 2:04,211,210,1
2013-05-01 2:05,210,208,2
2013-05-01 2:06,209,207,2
2013-05-01 2:07,208,206,2
2013-05-01 2:08,207,205,2
2013-05-01 2:09,206,203,3
2013-05-01 2:10,204,202,2
2013-05-01 2:11,203,201,2
2013-05-01 2:12,202,200,2
2013-05-01 2:13,201,198,3
2013-05-01 2:14,200,197,3
2013-05-01 2:15,199,196,3
2013-05-01 2:16,198,195,3
2013-05-01 2:17,196,193,3
2013-05-01 2:18,195,192,3
2013-05-01 2:19,194,191,3
2013-05-01 2:20,193,190,3
2013-05-01 2:21,192,188,4
2013-05-01 2:22,191,187,4
2013-05-01 2:23,190,186,4
2013-05-01 2:24,189,185,4
2013-05-01 2:25,188,183,5
2013-05-01 2:26,186,182,4
2013-05-01 2:27,185,181,4
2013-05-01 2:28,184,180,4
2013-05-01 2:29,183,178,5
2013-05-01 2:30,182,177,5
2013-05-01 2:31,181,176,5
2013-05-01 2:32,180,175,5
2013-05-01 2:33,179,174,5
2013-05-01 2:34,178,172,6
2013-05-01 2:35,177,171,6
2013-05-01 2:36,176,170,6
2013-05-01 2:37,175,169,6
2013-05-01 2:38,173,167,6
2013-05-01 2:39,173,166,7
2013-05-01 2:40,171,165,6
2013-05-01 2:41,171,164,7
2013-05-01 2:42,169,162,7
2013-05-01 2:43,168,161,7
2013-05-01 2:44,167,160,7
2013-05-01 2:45,166,159,7
2013-05-01 2:46,166,158,8
2013-05-01 2:47,165,156,9
2013-05-01 2:48,164,155,9
2013-05-01 2:49,163,154,9
2013-05-01 2:50,162,153,9
2013-05-01 2:51,161,152,9
2013-05-01 2:52,159,151,8
2013-05-01 2:53,158,149,9
2013-05-01 2:54,157,148,9
2013-05-01 2:55,156,147,9
2013-05-01 2:56,155,146,9
2013-05-01 2:57,154,145,9
2013-05-01 2:58,153,144,9
2013-05-01 2:59,152,142,10
2013-05-01 3:00,151,141,10
2013-05-01 3:01,150,140,10
2013-05-01 3:02,149,139,10
2013-05-01 3:03,148,138,10
2013-05-01 3:04,147,137,10
2013-05-01 3:05,146,136,10
2013-05-01 3:06,145,135,10
2013-05-01 3:07,144,133,11
2013-05-01 3:08,143,132,11
2013-05-01 3:09,142,131,11
2013-05-01 3:10,141,130,11
2013-05-01 3:11,140,129,11
2013-05-01 3:12,139,128,11
2013-05-01 3:13,138,127,11
2013-05-01 3:14,137,126,11
2013-05-01 3:15,136,125,11
2013-05-01 3:16,135,124,11
2013-05-01 3:17,134,123,11
2013-05-01 3:18,134,122,12
2013-05-01 3:19,132,121,11
2013-05-01 3:20,132,120,12
2013-05-01 3:21,131,119,12
2013-05-01 3:22,130,118,12
2013-05-01 3:23,129,117,12
2013-05-01 3:24,128,116,12
2013-05-01 3:25,127,115,12
2013-05-01 3:26,126,114,12
2013-05-01 3:27,125,113,12
2013-05-01 3:28,124,112,12
2013-05-01 3:29,123,112,11
2013-05-01 3:30,123,111,12
2013-05-01 3:31,121,110,11
2013-05-01 3:32,120,109,11
2013-05-01 3:33,119,108,11
2013-05-01 3:34,118,107,11
2013-05-01 3:35,118,106,12
2013-05-01 3:36,117,106,11
2013-05-01 3:37,116,105,11
2013-05-01 3:38,115,104,11
2013-05-01 3:39,114,103,11
2013-05-01 3:40,114,102,12
2013-05-01 3:41,112,102,10
2013-05-01 3:42,111,101,10
2013-05-01 3:43,111,100,11
2013-05-01 3:44,110,99,11
2013-05-01 3:45,109,99,10
2013-05-01 3:46,108,98,10
2013-05-01 3:47,107,97,10
2013-05-01 3:48,106,97,9
2013-05-01 3:49,105,96,9
2013-05-01 3:50,104,95,9
2013-05-01 3:51,103,95,8
2013-05-01 3:52,103,94,9
2013-05-01 3:53,102,93,9
2013-05-01 3:54,101,93,8
2013-05-01 3:55,100,92,8
2013-05-01 3:56,99,92,7
2013-05-01 3:57,98,91,7
2013-05-01 3:58,98,91,7
2013-05-01 3:59,97,90,7
2013-05-01 4:00,96,90,6
2013-05-01 4:01,95,89,6
2013-05-01 4:02,95,89,6
2013-05-01 4:03,94,88,6
2013-05-01 4:04,93,88,5
2013-05-01 4:05,92,87,5
2013-05-01 4:06,91,87,4
2013-05-01 4:07,91,86,5
2013-05-01 4:08,90,86,4
2013-05-01 4:09,89,86,3
2013-05-01 4:10,88,85,3
2013-05-01 4:11,87,85,2
2013-05-01 4:12,87,85,2
2013-05-01 4:13,86,84,2
2013-05-01 4:14,85,84,1
2013-05-01 4:15,84,84,0
2013-05-01 4:16,84,83,1
2013-05-01 4:17,83,83,0
2013-05-01 4:18,82,83,-1
2013-05-01 4:19,82,83,-1
2013-05-01 4:20,81,83,-2
2013-05-01 4:21,81,82,-1
2013-05-01 4:22,79,82,-3
2013-05-01 4:23,79,82,-3
2013-05-01 4:24,78,82,-4
2013-05-01 4:25,77,82,-5
2013-05-01 4:26,76,82,-6
2013-05-01 4:27,76,82,-6
2013-05-01 4:28,75,82,-7
2013-05-01 4:29,75,82,-7
2013-05-01 4:30,74,82,-8
2013-05-01 4:31,73,81,-8
2013-05-01 4:32,72,82,-10
2013-05-01 4:33,71,82,-11
2013-05-01 4:34,71,82,-11
2013-05-01 4:35,70,82,-12
2013-05-01 4:36,70,82,-12
2013-05-01 4:37,69,82,-13
2013-05-01 4:38,69,82,-13
2013-05-01 4:39,68,82,-14
2013-05-01 4:40,68,82,-14
2013-05-01 4:41,67,82,-15
2013-05-01 4:42,67,83,-16
2013-05-01 4:43,67,83,-16
2013-05-01 4:44,67,83,-16
2013-05-01 4:45,66,83,-17
2013-05-01 4:46,66,83,-17
2013-05-01 4:47,66,84,-18
2013-05-01 4:48,66,84,-18
2013-05-01 4:49,67,84,-17
2013-05-01 4:50,66,85,-19
2013-05-01 4:51,66,85,-19
2013-05-01 4:52,67,85,-18
2013-05-01 4:53,67,86,-19
2013-05-01 4:54,68,86,-18
2013-05-01 4:55,68,87,-19
2013-05-01 4:56,69,87,-18
2013-05-01 4:57,70,88,-18
2013-05-01 4:58,72,88,-16
2013-05-01 4:59,73,89,-16
2013-05-01 5:00,74,89,-15
2013-05-01 5:01,76,90,-14
2013-05-01 5:02,77,90,-13
2013-05-01 5:03,79,91,-12
2013-05-01 5:04,81,91,-10
2013-05-01 5:05,83,92,-9
2013-05-01 5:06,85,93,-8
2013-05-01 5:07,87,93,-6
2013-05-01 5:08,89,94,-5
2013-05-01 5:09,91,95,-4
2013-05-01 5:10,93,95,-2
2013-05-01 5:11,95,96,-1
2013-05-01 5:12,97,97,0
2013-05-01 5:13,99,98,1
2013-05-01 5:14,101,99,2
2013-05-01 5:15,103,99,4
2013-05-01 5:16,104,100,4
2013-05-01 5:17,107,101,6
2013-05-01 5:18,108,102,6
2013-05-01 5:19,110,103,7
2013-05-01 5:20,112,104,8
2013-05-01 5:21,113,105,8
2013-05-01 5:22,115,106,9
2013-05-01 5:23,116,107,9
2013-05-01 5:24,118,108,10
2013-05-01 5:25,120,109,11
2013-05-01 5:26,122,110,12
2013-05-01 5:27,124,111,13
2013-05-01 5:28,126,112,14
2013-05-01 5:29,127,113,14
2013-05-01 5:30,129,114,15
2013-05-01 5:31,130,115,15
2013-05-01 5:32,131,117,14
2013-05-01 5:33,133,118,15
2013-05-01 5:34,134,119,15
2013-05-01 5:35,135,120,15
2013-05-01 5:36,137,121,16
2013-05-01 5:37,138,123,15
2013-05-01 5:38,140,124,16
2013-05-01 5:39,141,125,16
2013-05-01 5:40,142,127,15
2013-05-01 5:41,143,128,15
2013-05-01 5:42,144,129,15
2013-05-01 5:43,146,131,15
2013-05-01 5:44,147,132,15
2013-05-01 5:45,148,134,14
2013-05-01 5:46,149,135,14
2013-05-01 5:47,150,137,13
2013-05-01 5:48,151,138,13
2013-05-01 5:49,152,140,12
2013-05-01 5:50,153,141,12
2013-05-01 5:51,154,143,11
2013-05-01 5:52,155,144,11
2013-05-01 5:53,156,146,10
2013-05-01 5:54,157,148,9
2013-05-01 5:55,158,149,9
2013-05-01 5:56,159,151,8
2013-05-01 5:57,161,153,8
2013-05-01 5:58,162,154,8
2013-05-01 5:59,163,156,7
2013-05-01 6:00,164,158,6
2013-05-01 6:01,166,160,6
2013-05-01 6:02,167,162,5
2013-05-01 6:03,168,163,5
2013-05-01 6:04,169,165,4
2013-05-01 6:05,170,167,3
2013-05-01 6:06,171,169,2
2013-05-01 6:07,172,171,1
2013-05-01 6:08,174,173,1
2013-05-01 6:09,175,175,0
2013-05-01 6:10,176,177,-1
2013-05-01 6:11,178,179,-1
2013-05-01 6:12,179,181,-2
2013-05-01 6:13,181,183,-2
2013-05-01 6:14,182,185,-3
2013-05-01 6:15,184,187,-3
2013-05-01 6:16,185,189,-4
2013-05-01 6:17,186,191,-5
2013-05-01 6:18,188,193,-5
2013-05-01 6:19,190,195,-5
2013-05-01 6:20,191,197,-6
2013-05-01 6:21,193,200,-7
2013-05-01 6:22,195,202,-7
2013-05-01 6:23,196,204,-8
2013-05-01 6:24,198,206,-8
2013-05-01 6:25,200,208,-8
2013-05-01 6:26,202,211,-9
2013-05-01 6:27,203,213,-10
2013-05-01 6:28,205,215,-10
2013-05-01 6:29,207,218,-11
2013-05-01 6:30,208,220,-12
2013-05-01 6:31,210,222,-12
2013-05-01 6:32,212,225,-13
2013-05-01 6:33,214,227,-13
2013-05-01 6:34,216,230,-14
2013-05-01 6:35,218,232,-14
2013-05-01 6:36,221,234,-13
2013-05-01 6:37,223,237,-14
2013-05-01 6:38,224,239,-15
2013-05-01 6:39,226,242,-16
2013-05-01 6:40,228,244,-16
2013-05-01 6:41,230,247,-17
2013-05-01 6:42,233,250,-17
2013-05-01 6:43,235,252,-17
2013-05-01 6:44,237,255,-18
2013-05-01 6:45,239,257,-18
2013-05-01 6:46,242,260,-18
2013-05-01 6:47,244,263,-19
2013-05-01 6:48,246,265,-19
2013-05-01 6:49,249,268,-19
2013-05-01 6:50,251,271,-20
2013-05-01 6:51,254,273,-19
2013-05-01 6:52,257,276,-19
2013-05-01 6:53,259,279,-20
2013-05-01 6:54,262,281,-19
2013-05-01 6:55,264,284,-20
2013-05-01 6:56,267,287,-20
2013-05-01 6:57,270,290,-20
2013-05-01 6:58,273,292,-19
2013-05-01 6:59,275,295,-20
2013-05-01 7:00,278,298,-20
2013-05-01 7:01,281,301,-20
2013-05-01 7:02,284,304,-20
2013-05-01 7:03,287,307,-20
2013-05-01 7:04,289,309,-20
2013-05-01 7:05,293,312,-19
2013-05-01 7:06,295,315,-20
2013-05-01 7:07,298,318,-20
2013-05-01 7:08,301,321,-20
2013-05-01 7:09,304,324,-20
2013-05-01 7:10,307,327,-20
2013-05-01 7:11,309,330,-21
2013-05-01 7:12,312,333,-21
2013-05-01 7:13,315,336,-21
2013-05-01 7:14,318,339,-21
2013-05-01 7:15,321,342,-21
2013-05-01 7:16,323,345,-22
2013-05-01 7:17,326,348,-22
2013-05-01 7:18,329,351,-22
2013-05-01 7:19,332,354,-22
2013-05-01 7:20,335,357,-22
2013-05-01 7:21,337,360,-23
2013-05-01 7:22,340,363,-23
2013-05-01 7:23,343,366,-23
2013-05-01 7:24,347,369,-22
2013-05-01 7:25,350,372,-22
2013-05-01 7:26,352,375,-23
2013-05-01 7:27,355,378,-23
2013-05-01 7:28,358,381,-23
2013-05-01 7:29,361,384,-23
2013-05-01 7:30,364,387,-23
2013-05-01 7:31,366,390,-24
2013-05-01 7:32,369,393,-24
2013-05-01 7:33,372,396,-24
2013-05-01 7:34,375,399,-24
2013-05-01 7:35,377,402,-25
2013-05-01 7:36,380,405,-25
2013-05-01 7:37,383,408,-25
2013-05-01 7:38,386,411,-25
2013-05-01 7:39,390,414,-24
2013-05-01 7:40,392,417,-25
2013-05-01 7:41,395,420,-25
2013-05-01 7:42,398,423,-25
2013-05-01 7:43,401,426,-25
2013-05-01 7:44,404,429,-25
2013-05-01 7:45,407,432,-25
2013-05-01 7:46,410,436,-26
2013-05-01 7:47,413,439,-26
2013-05-01 7:48,416,442,-26
2013-05-01 7:49,418,445,-27
2013-05-01 7:50,421,448,-27
2013-05-01 7:51,425,451,-26
2013-05-01 7:52,428,454,-26
2013-05-01 7:53,-,457,-
2013-05-01 7:54,-,460,-
2013-05-01 7:55,439,463,-24
2013-05-01 7:56,442,466,-24
2013-05-01 7:57,445,469,-24
2013-05-01 7:58,448,471,-23
2013-05-01 7:59,450,474,-24
2013-05-01 8:00,453,477,-24
2013-05-01 8:01,456,480,-24
2013-05-01 8:02,459,483,-24
2013-05-01 8:03,462,486,-24
2013-05-01 8:04,465,489,-24
2013-05-01 8:05,468,492,-24
2013-05-01 8:06,471,495,-24
2013-05-01 8:07,474,498,-24
2013-05-01 8:08,476,500,-24
2013-05-01 8:09,480,503,-23
2013-05-01 8:10,483,506,-23
2013-05-01 8:11,485,509,-24
2013-05-01 8:12,488,512,-24
2013-05-01 8:13,491,514,-23
2013-05-01 8:14,493,517,-24
2013-05-01 8:15,496,520,-24
2013-05-01 8:16,499,523,-24
2013-05-01 8:17,501,525,-24
2013-05-01 8:18,504,528,-24
2013-05-01 8:19,507,531,-24
2013-05-01 8:20,509,533,-24
2013-05-01 8:21,512,536,-24
2013-05-01 8:22,514,539,-25
2013-05-01 8:23,517,541,-24
2013-05-01 8:24,519,544,-25
2013-05-01 8:25,522,546,-24
2013-05-01 8:26,524,549,-25
2013-05-01 8:27,527,552,-25
2013-05-01 8:28,529,554,-25
2013-05-01 8:29,532,557,-25
2013-05-01 8:30,534,559,-25
2013-05-01 8:31,537,561,-24
2013-05-01 8:32,540,564,-24
2013-05-01 8:33,542,566,-24
2013-05-01 8:34,545,569,-24
2013-05-01 8:35,547,571,-24
2013-05-01 8:36,550,573,-23
2013-05-01 8:37,553,576,-23
2013-05-01 8:38,555,578,-23
2013-05-01 8:39,558,580,-22
2013-05-01 8:40,561,582,-21
2013-05-01 8:41,563,585,-22
2013-05-01 8:42,565,587,-22
2013-05-01 8:43,567,589,-22
2013-05-01 8:44,570,591,-21
2013-05-01 8:45,572,593,-21
2013-05-01 8:46,574,595,-21
2013-05-01 8:47,576,597,-21
2013-05-01 8:48,579,599,-20
2013-05-01 8:49,581,601,-20
2013-05-01 8:50,584,603,-19
2013-05-01 8:51,586,605,-19
2013-05-01 8:52,588,607,-19
2013-05-01 8:53,591,609,-18
2013-05-01 8:54,593,611,-18
2013-05-01 8:55,595,612,-17
2013-05-01 8:56,596,614,-18
2013-05-01 8:57,598,616,-18
2013-05-01 8:58,600,618,-18
2013-05-01 8:59,602,619,-17
2013-05-01 9:00,604,621,-17
2013-05-01 9:01,605,623,-18
2013-05-01 9:02,607,624,-17
2013-05-01 9:03,609,626,-17
2013-05-01 9:04,610,627,-17
2013-05-01 9:05,612,629,-17
2013-05-01 9:06,614,630,-16
2013-05-01 9:07,615,632,-17
2013-05-01 9:08,617,633,-16
2013-05-01 9:09,618,634,-16
2013-05-01 9:10,620,636,-16
2013-05-01 9:11,622,637,-15
2013-05-01 9:12,623,638,-15
2013-05-01 9:13,625,640,-15
2013-05-01 9:14,626,641,-15
2013-05-01 9:15,628,642,-14
2013-05-01 9:16,630,643,-13
2013-05-01 9:17,632,644,-12
2013-05-01 9:18,633,645,-12
2013-05-01 9:19,635,646,-11
2013-05-01 9:20,636,647,-11
2013-05-01 9:21,637,648,-11
2013-05-01 9:22,639,649,-10
2013-05-01 9:23,640,650,-10
2013-05-01 9:24,641,651,-10
2013-05-01 9:25,643,652,-9
2013-05-01 9:26,644,653,-9
2013-05-01 9:27,645,653,-8
2013-05-01 9:28,646,654,-8
2013-05-01 9:29,647,655,-8
2013-05-01 9:30,648,656,-8
2013-05-01 9:31,649,656,-7
2013-05-01 9:32,650,657,-7
2013-05-01 9:33,651,657,-6
2013-05-01 9:34,652,658,-6
2013-05-01 9:35,653,658,-5
2013-05-01 9:36,654,659,-5
2013-05-01 9:37,655,659,-4
2013-05-01 9:38,656,660,-4
2013-05-01 9:39,657,660,-3
2013-05-01 9:40,657,660,-3
2013-05-01 9:41,658,661,-3
2013-05-01 9:42,659,661,-2
2013-05-01 9:43,659,661,-2
2013-05-01 9:44,659,661,-2
2013-05-01 9:45,659,662,-3
2013-05-01 9:46,660,662,-2
2013-05-01 9:47,660,662,-2
2013-05-01 9:48,660,662,-2
2013-05-01 9:49,661,662,-1
2013-05-01 9:50,661,662,-1
2013-05-01 9:51,661,662,-1
2013-05-01 9:52,661,662,-1
2013-05-01 9:53,661,662,-1
2013-05-01 9:54,661,661,0
2013-05-01 9:55,660,661,-1
2013-05-01 9:56,660,661,-1
2013-05-01 9:57,660,661,-1
2013-05-01 9:58,660,661,-1
2013-05-01 9:59,660,660,0
2013-05-01 10:00,660,660,0
2013-05-01 10:01,660,660,0
2013-05-01 10:02,660,659,1
2013-05-01 10:03,659,659,0
2013-05-01 10:04,659,658,1
2013-05-01 10:05,658,658,0
2013-05-01 10:06,658,658,0
2013-05-01 10:07,658,657,1
2013-05-01 10:08,657,656,1
2013-05-01 10:09,657,656,1
2013-05-01 10:10,656,655,1
2013-05-01 10:11,656,655,1
2013-05-01 10:12,655,654,1
2013-05-01 10:13,655,653,2
2013-05-01 10:14,654,653,1
2013-05-01 10:15,654,652,2
2013-05-01 10:16,653,651,2
2013-05-01 10:17,652,650,2
2013-05-01 10:18,651,649,2
2013-05-01 10:19,650,648,2
2013-05-01 10:20,649,648,1
2013-05-01 10:21,648,647,1
2013-05-01 10:22,647,646,1
2013-05-01 10:23,646,645,1
2013-05-01 10:24,645,644,1
2013-05-01 10:25,644,643,1
2013-05-01 10:26,643,642,1
2013-05-01 10:27,642,641,1
2013-05-01 10:28,641,640,1
2013-05-01 10:29,640,639,1
2013-05-01 10:30,639,637,2
2013-05-01 10:31,638,636,2
2013-05-01 10:32,638,635,3
2013-05-01 10:33,636,634,2
2013-05-01 10:34,636,633,3
2013-05-01 10:35,634,632,2
2013-05-01 10:36,634,630,4
2013-05-01 10:37,633,629,4
2013-05-01 10:38,632,628,4
2013-05-01 10:39,631,626,5
2013-05-01 10:40,629,625,4
2013-05-01 10:41,628,624,4
2013-05-01 10:42,627,622,5
2013-05-01 10:43,625,621,4
2013-05-01 10:44,624,620,4
2013-05-01 10:45,623,618,5
2013-05-01 10:46,621,617,4
2013-05-01 10:47,620,615,5
2013-05-01 10:48,619,614,5
2013-05-01 10:49,618,613,5
2013-05-01 10:50,616,611,5
2013-05-01 10:51,615,610,5
2013-05-01 10:52,614,608,6
2013-05-01 10:53,612,606,6
2013-05-01 10:54,611,605,6
2013-05-01 10:55,609,603,6
2013-05-01 10:56,608,602,6
2013-05-01 10:57,607,600,7
2013-05-01 10:58,605,599,6
2013-05-01 10:59,604,597,7
2013-05-01 11:00,602,595,7
2013-05-01 11:01,601,594,7
2013-05-01 11:02,600,592,8
2013-05-01 11:03,598,590,8
2013-05-01 11:04,597,589,8
2013-05-01 11:05,595,587,8
2013-05-01 11:06,594,585,9
2013-05-01 11:07,592,584,8
2013-05-01 11:08,591,582,9
2013-05-01 11:09,589,580,9
2013-05-01 11:10,588,579,9
2013-05-01 11:11,586,577,9
2013-05-01 11:12,584,575,9
2013-05-01 11:13,582,573,9
2013-05-01 11:14,580,572,8
2013-05-01 11:15,579,570,9
2013-05-01 11:16,577,568,9
2013-05-01 11:17,575,566,9
2013-05-01 11:18,573,565,8
2013-05-01 11:19,571,563,8
2013-05-01 11:20,570,561,9
2013-05-01 11:21,568,559,9
2013-05-01 11:22,566,558,8
2013-05-01 11:23,564,556,8
2013-05-01 11:24,563,554,9
2013-05-01 11:25,561,552,9
2013-05-01 11:26,559,550,9
2013-05-01 11:27,558,549,9
2013-05-01 11:28,556,547,9
2013-05-01 11:29,554,545,9
2013-05-01 11:30,552,543,9
2013-05-01 11:31,551,541,10
2013-05-01 11:32,549,540,9
2013-05-01 11:33,547,538,9
2013-05-01 11:34,546,536,10
2013-05-01 11:35,544,534,10
2013-05-01 11:36,542,532,10
2013-05-01 11:37,541,531,10
2013-05-01 11:38,539,529,10
2013-05-01 11:39,537,527,10
2013-05-01 11:40,535,525,10
2013-05-01 11:41,533,523,10
2013-05-01 11:42,532,522,10
2013-05-01 11:43,530,520,10
2013-05-01 11:44,528,518,10
2013-05-01 11:45,526,516,10
2013-05-01 11:46,524,514,10
2013-05-01 11:47,523,513,10
2013-05-01 11:48,521,511,10
2013-05-01 11:49,520,509,11
2013-05-01 11:50,517,507,10
2013-05-01 11:51,516,505,11
2013-05-01 11:52,514,504,10
2013-05-01 11:53,512,502,10
2013-05-01 11:54,510,500,10
2013-05-01 11:55,508,498,10
2013-05-01 11:56,507,496,11
2013-05-01 11:57,505,495,10
2013-05-01 11:58,504,493,11
2013-05-01 11:59,502,491,11
2013-05-01 12:00,500,489,11
2013-05-01 12:01,498,488,10
2013-05-01 12:02,496,486,10
2013-05-01 12:03,495,484,11
2013-05-01 12:04,493,482,11
2013-05-01 12:05,491,481,10
2013-05-01 12:06,489,479,10
2013-05-01 12:07,488,477,11
2013-05-01 12:08,486,475,11
2013-05-01 12:09,484,474,10
2013-05-01 12:10,483,472,11
2013-05-01 12:11,481,470,11
2013-05-01 12:12,479,469,10
2013-05-01 12:13,478,467,11
2013-05-01 12:14,476,465,11
2013-05-01 12:15,474,464,10
2013-05-01 12:16,473,462,11
2013-05-01 12:17,471,460,11
2013-05-01 12:18,469,459,10
2013-05-01 12:19,468,457,11
2013-05-01 12:20,466,455,11
2013-05-01 12:21,465,454,11
2013-05-01 12:22,463,452,11
2013-05-01 12:23,461,450,11
2013-05-01 12:24,459,449,10
2013-05-01 12:25,458,447,11
2013-05-01 12:26,456,445,11
2013-05-01 12:27,455,444,11
2013-05-01 12:28,453,442,11
2013-05-01 12:29,451,441,10
2013-05-01 12:30,450,439,11
2013-05-01 12:31,448,437,11
2013-05-01 12:32,446,436,10
2013-05-01 12:33,445,434,11
2013-05-01 12:34,443,433,10
2013-05-01 12:35,442,431,11
2013-05-01 12:36,440,430,10
2013-05-01 12:37,438,428,10
2013-05-01 12:38,436,426,10
2013-05-01 12:39,435,425,10
2013-05-01 12:40,433,423,10
2013-05-01 12:41,432,422,10
2013-05-01 12:42,430,420,10
2013-05-01 12:43,429,419,10
2013-05-01 12:44,427,417,10
2013-05-01 12:45,425,416,9
2013-05-01 12:46,424,414,10
2013-05-01 12:47,422,413,9
2013-05-01 12:48,421,411,10
2013-05-01 12:49,419,410,9
2013-05-01 12:50,417,408,9
2013-05-01 12:51,416,407,9
2013-05-01 12:52,414,405,9
2013-05-01 12:53,412,404,8
2013-05-01 12:54,411,402,9
2013-05-01 12:55,409,401,8
2013-05-01 12:56,408,399,9
2013-05-01 12:57,406,398,8
2013-05-01 12:58,405,397,8
2013-05-01 12:59,403,395,8
2013-05-01 13:00,401,394,7
2013-05-01 13:01,399,392,7
2013-05-01 13:02,397,391,6
2013-05-01 13:03,396,389,7
2013-05-01 13:04,394,388,6
2013-05-01 13:05,393,386,7
2013-05-01 13:06,391,385,6
2013-05-01 13:07,390,384,6
2013-05-01 13:08,388,382,6
2013-05-01 13:09,387,381,6
2013-05-01 13:10,385,379,6
2013-05-01 13:11,383,378,5
2013-05-01 13:12,382,377,5
2013-05-01 13:13,380,375,5
2013-05-01 13:14,379,374,5
2013-05-01 13:15,377,372,5
2013-05-01 13:16,375,371,4
2013-05-01 13:17,374,370,4
2013-05-01 13:18,373,368,5
2013-05-01 13:19,371,367,4
2013-05-01 13:20,370,366,4
2013-05-01 13:21,368,364,4
2013-05-01 13:22,367,363,4
2013-05-01 13:23,365,361,4
2013-05-01 13:24,363,360,3
2013-05-01 13:25,362,359,3
2013-05-01 13:26,360,357,3
2013-05-01 13:27,359,356,3
2013-05-01 13:28,357,355,2
2013-05-01 13:29,355,353,2
2013-05-01 13:30,354,352,2
2013-05-01 13:31,353,351,2
2013-05-01 13:32,352,349,3
2013-05-01 13:33,350,348,2
2013-05-01 13:34,348,347,1
2013-05-01 13:35,347,345,2
2013-05-01 13:36,345,344,1
2013-05-01 13:37,344,343,1
2013-05-01 13:38,342,341,1
2013-05-01 13:39,341,340,1
2013-05-01 13:40,339,339,0
2013-05-01 13:41,338,337,1
2013-05-01 13:42,337,336,1
2013-05-01 13:43,335,335,0
2013-05-01 13:44,333,333,0
2013-05-01 13:45,332,332,0
2013-05-01 13:46,331,331,0
2013-05-01 13:47,329,329,0
2013-05-01 13:48,328,328,0
2013-05-01 13:49,326,327,-1
2013-05-01 13:50,325,325,0
2013-05-01 13:51,324,324,0
2013-05-01 13:52,322,323,-1
2013-05-01 13:53,321,321,0
2013-05-01 13:54,320,320,0
2013-05-01 13:55,318,319,-1
2013-05-01 13:56,317,317,0
2013-05-01 13:57,316,316,0
2013-05-01 13:58,314,315,-1
2013-05-01 13:59,313,313,0
2013-05-01 14:00,311,312,-1
2013-05-01 14:01,310,311,-1
2013-05-01 14:02,308,309,-1
2013-05-01 14:03,307,308,-1
2013-05-01 14:04,306,307,-1
2013-05-01 14:05,304,305,-1
2013-05-01 14:06,303,304,-1
2013-05-01 14:07,302,303,-1
2013-05-01 14:08,300,301,-1
2013-05-01 14:09,299,300,-1
2013-05-01 14:10,298,299,-1
2013-05-01 14:11,296,297,-1
2013-05-01 14:12,295,296,-1
2013-05-01 14:13,294,295,-1
2013-05-01 14:14,292,293,-1
2013-05-01 14:15,291,292,-1
2013-05-01 14:16,290,291,-1
2013-05-01 14:17,288,289,-1
2013-05-01 14:18,287,288,-1
2013-05-01 14:19,285,287,-2
2013-05-01 14:20,284,285,-1
2013-05-01 14:21,283,284,-1
2013-05-01 14:22,282,283,-1
2013-05-01 14:23,280,281,-1
2013-05-01 14:24,279,280,-1
2013-05-01 14:25,278,279,-1
2013-05-01 14:26,276,277,-1
2013-05-01 14:27,275,276,-1
2013-05-01 14:28,274,275,-1
2013-05-01 14:29,273,273,0
2013-05-01 14:30,271,272,-1
2013-05-01 14:31,270,271,-1
2013-05-01 14:32,269,269,0
2013-05-01 14:33,267,268,-1
2013-05-01 14:34,266,267,-1
2013-05-01 14:35,265,265,0
2013-05-01 14:36,263,264,-1
2013-05-01 14:37,262,263,-1
2013-05-01 14:38,261,261,0
2013-05-01 14:39,260,260,0
2013-05-01 14:40,259,259,0
2013-05-01 14:41,258,257,1
2013-05-01 14:42,256,256,0
2013-05-01 14:43,255,255,0
2013-05-01 14:44,254,253,1
2013-05-01 14:45,253,252,1
2013-05-01 14:46,252,251,1
2013-05-01 14:47,250,250,0
2013-05-01 14:48,249,248,1
2013-05-01 14:49,248,247,1
2013-05-01 14:50,247,246,1
2013-05-01 14:51,246,244,2
2013-05-01 14:52,245,243,2
2013-05-01 14:53,243,242,1
2013-05-01 14:54,242,240,2
2013-05-01 14:55,241,239,2
2013-05-01 14:56,240,238,2
2013-05-01 14:57,239,237,2
2013-05-01 14:58,238,235,3
2013-05-01 14:59,236,234,2
2013-05-01 15:00,235,233,2
2013-05-01 15:01,234,231,3
2013-05-01 15:02,233,230,3
2013-05-01 15:03,231,229,2
2013-05-01 15:04,231,228,3
2013-05-01 15:05,229,226,3
2013-05-01 15:06,228,225,3
2013-05-01 15:07,227,224,3
2013-05-01 15:08,226,223,3
2013-05-01 15:09,225,221,4
2013-05-01 15:10,225,220,5
2013-05-01 15:11,223,219,4
2013-05-01 15:12,222,218,4
2013-05-01 15:13,221,216,5
2013-05-01 15:14,220,215,5
2013-05-01 15:15,219,214,5
2013-05-01 15:16,218,213,5
2013-05-01 15:17,217,211,6
2013-05-01 15:18,215,210,5
2013-05-01 15:19,214,209,5
2013-05-01 15:20,213,208,5
2013-05-01 15:21,212,207,5
2013-05-01 15:22,211,205,6
2013-05-01 15:23,210,204,6
2013-05-01 15:24,209,203,6
2013-05-01 15:25,208,202,6
2013-05-01 15:26,207,201,6
2013-05-01 15:27,206,200,6
2013-05-01 15:28,205,198,7
2013-05-01 15:29,204,197,7
2013-05-01 15:30,203,196,7
2013-05-01 15:31,202,195,7
2013-05-01 15:32,201,194,7
2013-05-01 15:33,200,193,7
2013-05-01 15:34,200,192,8
2013-05-01 15:35,198,191,7
2013-05-01 15:36,197,189,8
2013-05-01 15:37,196,188,8
2013-05-01 15:38,195,187,8
2013-05-01 15:39,194,186,8
2013-05-01 15:40,192,185,7
2013-05-01 15:41,190,184,6
2013-05-01 15:42,190,183,7
2013-05-01 15:43,189,182,7
2013-05-01 15:44,188,181,7
2013-05-01 15:45,187,180,7
2013-05-01 15:46,187,179,8
2013-05-01 15:47,186,178,8
2013-05-01 15:48,185,177,8
2013-05-01 15:49,183,176,7
2013-05-01 15:50,182,175,7
2013-05-01 15:51,181,174,7
2013-05-01 15:52,179,173,6
2013-05-01 15:53,177,172,5
2013-05-01 15:54,177,171,6
2013-05-01 15:55,176,170,6
2013-05-01 15:56,175,169,6
2013-05-01 15:57,174,168,6
2013-05-01 15:58,173,167,6
2013-05-01 15:59,172,166,6
2013-05-01 16:00,171,165,6
2013-05-01 16:01,170,165,5
2013-05-01 16:02,169,164,5
2013-05-01 16:03,168,163,5
2013-05-01 16:04,167,162,5
2013-05-01 16:05,166,161,5
2013-05-01 16:06,165,160,5
2013-05-01 16:07,164,159,5
2013-05-01 16:08,163,159,4
2013-05-01 16:09,162,158,4
2013-05-01 16:10,161,157,4
2013-05-01 16:11,160,156,4
2013-05-01 16:12,159,155,4
2013-05-01 16:13,158,155,3
2013-05-01 16:14,157,154,3
2013-05-01 16:15,157,153,4
2013-05-01 16:16,156,153,3
2013-05-01 16:17,156,152,4
2013-05-01 16:18,154,151,3
2013-05-01 16:19,153,150,3
2013-05-01 16:20,153,150,3
2013-05-01 16:21,152,149,3
2013-05-01 16:22,151,148,3
2013-05-01 16:23,151,148,3
2013-05-01 16:24,150,147,3
2013-05-01 16:25,149,147,2
2013-05-01 16:26,149,146,3
2013-05-01 16:27,148,145,3
2013-05-01 16:28,147,145,2
2013-05-01 16:29,146,144,2
2013-05-01 16:30,146,144,2
2013-05-01 16:31,145,143,2
2013-05-01 16:32,144,143,1
2013-05-01 16:33,143,142,1
2013-05-01 16:34,142,142,0
2013-05-01 16:35,141,141,0
2013-05-01 16:36,140,141,-1
2013-05-01 16:37,139,140,-1
2013-05-01 16:38,139,140,-1
2013-05-01 16:39,138,139,-1
2013-05-01 16:40,137,139,-2
2013-05-01 16:41,136,138,-2
2013-05-01 16:42,135,138,-3
2013-05-01 16:43,135,138,-3
2013-05-01 16:44,134,137,-3
2013-05-01 16:45,133,137,-4
2013-05-01 16:46,133,136,-3
2013-05-01 16:47,132,136,-4
2013-05-01 16:48,131,136,-5
2013-05-01 16:49,130,136,-6
2013-05-01 16:50,130,135,-5
2013-05-01 16:51,129,135,-6
2013-05-01 16:52,128,135,-7
2013-05-01 16:53,128,134,-6
2013-05-01 16:54,127,134,-7
2013-05-01 16:55,126,134,-8
2013-05-01 16:56,126,134,-8
2013-05-01 16:57,125,134,-9
2013-05-01 16:58,125,133,-8
2013-05-01 16:59,124,133,-9
2013-05-01 17:00,123,133,-10
2013-05-01 17:01,123,133,-10
2013-05-01 17:02,122,133,-11
2013-05-01 17:03,121,133,-12
2013-05-01 17:04,121,133,-12
2013-05-01 17:05,120,133,-13
2013-05-01 17:06,119,133,-14
2013-05-01 17:07,119,132,-13
2013-05-01 17:08,118,132,-14
2013-05-01 17:09,118,132,-14
2013-05-01 17:10,117,132,-15
2013-05-01 17:11,117,132,-15
2013-05-01 17:12,116,132,-16
2013-05-01 17:13,116,133,-17
2013-05-01 17:14,116,133,-17
2013-05-01 17:15,115,133,-18
2013-05-01 17:16,115,133,-18
2013-05-01 17:17,115,133,-18
2013-05-01 17:18,115,133,-18
2013-05-01 17:19,115,133,-18
2013-05-01 17:20,114,133,-19
2013-05-01 17:21,114,133,-19
2013-05-01 17:22,114,134,-20
2013-05-01 17:23,114,134,-20
2013-05-01 17:24,114,134,-20
2013-05-01 17:25,114,134,-20
2013-05-01 17:26,114,135,-21
2013-05-01 17:27,114,135,-21
2013-05-01 17:28,114,135,-21
2013-05-01 17:29,115,135,-20
2013-05-01 17:30,115,136,-21
2013-05-01 17:31,116,136,-20
2013-05-01 17:32,116,136,-20
2013-05-01 17:33,117,137,-20
2013-05-01 17:34,117,137,-20
2013-05-01 17:35,119,138,-19
2013-05-01 17:36,119,138,-19
2013-05-01 17:37,120,138,-18
2013-05-01 17:38,122,139,-17
2013-05-01 17:39,123,139,-16
2013-05-01 17:40,125,140,-15
2013-05-01 17:41,126,140,-14
2013-05-01 17:42,128,141,-13
2013-05-01 17:43,131,141,-10
2013-05-01 17:44,132,142,-10
2013-05-01 17:45,134,142,-8
2013-05-01 17:46,136,143,-7
2013-05-01 17:47,139,144,-5
2013-05-01 17:48,141,144,-3
2013-05-01 17:49,143,145,-2
2013-05-01 17:50,145,145,0
2013-05-01 17:51,147,146,1
2013-05-01 17:52,149,147,2
2013-05-01 17:53,150,147,3
2013-05-01 17:54,152,148,4
2013-05-01 17:55,154,149,5
2013-05-01 17:56,155,150,5
2013-05-01 17:57,157,150,7
2013-05-01 17:58,158,151,7
2013-05-01 17:59,160,152,8
2013-05-01 18:00,162,153,9
2013-05-01 18:01,164,154,10
2013-05-01 18:02,165,154,11
2013-05-01 18:03,167,155,12
2013-05-01 18:04,169,156,13
2013-05-01 18:05,170,157,13
2013-05-01 18:06,171,158,13
2013-05-01 18:07,173,159,14
2013-05-01 18:08,174,160,14
2013-05-01 18:09,175,161,14
2013-05-01 18:10,176,162,14
2013-05-01 18:11,177,163,14
2013-05-01 18:12,178,164,14
2013-05-01 18:13,180,165,15
2013-05-01 18:14,181,166,15
2013-05-01 18:15,182,167,15
2013-05-01 18:16,184,168,16
2013-05-01 18:17,184,169,15
2013-05-01 18:18,185,170,15
2013-05-01 18:19,186,172,14
2013-05-01 18:20,187,173,14
2013-05-01 18:21,188,174,14
2013-05-01 18:22,189,175,14
2013-05-01 18:23,190,176,14
2013-05-01 18:24,190,177,13
2013-05-01 18:25,191,179,12
2013-05-01 18:26,192,180,12
2013-05-01 18:27,193,181,12
2013-05-01 18:28,194,183,11
2013-05-01 18:29,195,184,11
2013-05-01 18:30,195,185,10
2013-05-01 18:31,196,187,9
2013-05-01 18:32,197,188,9
2013-05-01 18:33,198,189,9
2013-05-01 18:34,199,191,8
2013-05-01 18:35,200,192,8
2013-05-01 18:36,200,193,7
2013-05-01 18:37,201,195,6
2013-05-01 18:38,202,196,6
2013-05-01 18:39,203,198,5
2013-05-01 18:40,204,199,5
2013-05-01 18:41,205,201,4
2013-05-01 18:42,206,202,4
2013-05-01 18:43,207,204,3
2013-05-01 18:44,208,205,3
2013-05-01 18:45,208,207,1
2013-05-01 18:46,209,209,0
2013-05-01 18:47,210,210,0
2013-05-01 18:48,211,212,-1
2013-05-01 18:49,213,214,-1
2013-05-01 18:50,214,215,-1
2013-05-01 18:51,215,217,-2
2013-05-01 18:52,216,219,-3
2013-05-01 18:53,218,220,-2
2013-05-01 18:54,219,222,-3
2013-05-01 18:55,221,224,-3
2013-05-01 18:56,222,225,-3
2013-05-01 18:57,223,227,-4
2013-05-01 18:58,225,229,-4
2013-05-01 18:59,226,231,-5
2013-05-01 19:00,227,233,-6
2013-05-01 19:01,229,234,-5
2013-05-01 19:02,231,236,-5
2013-05-01 19:03,232,238,-6
2013-05-01 19:04,234,240,-6
2013-05-01 19:05,235,242,-7
2013-05-01 19:06,238,244,-6
2013-05-01 19:07,239,246,-7
2013-05-01 19:08,241,247,-6
2013-05-01 19:09,243,249,-6
2013-05-01 19:10,245,251,-6
2013-05-01 19:11,246,253,-7
2013-05-01 19:12,248,255,-7
2013-05-01 19:13,250,257,-7
2013-05-01 19:14,252,259,-7
2013-05-01 19:15,255,261,-6
2013-05-01 19:16,257,263,-6
2013-05-01 19:17,259,265,-6
2013-05-01 19:18,261,267,-6
2013-05-01 19:19,263,269,-6
2013-05-01 19:20,265,271,-6
2013-05-01 19:21,267,273,-6
2013-05-01 19:22,270,276,-6
2013-05-01 19:23,272,278,-6
2013-05-01 19:24,274,280,-6
2013-05-01 19:25,276,282,-6
2013-05-01 19:26,278,284,-6
2013-05-01 19:27,280,286,-6
2013-05-01 19:28,283,288,-5
2013-05-01 19:29,285,290,-5
2013-05-01 19:30,287,293,-6
2013-05-01 19:31,290,295,-5
2013-05-01 19:32,293,297,-4
2013-05-01 19:33,296,299,-3
2013-05-01 19:34,298,301,-3
2013-05-01 19:35,300,303,-3
2013-05-01 19:36,303,306,-3
2013-05-01 19:37,305,308,-3
2013-05-01 19:38,307,310,-3
2013-05-01 19:39,310,312,-2
2013-05-01 19:40,312,315,-3
2013-05-01 19:41,314,317,-3
2013-05-01 19:42,316,319,-3
2013-05-01 19:43,318,321,-3
2013-05-01 19:44,321,324,-3
2013-05-01 19:45,323,326,-3
2013-05-01 19:46,325,328,-3
2013-05-01 19:47,328,330,-2
2013-05-01 19:48,330,333,-3
2013-05-01 19:49,332,335,-3
2013-05-01 19:50,335,337,-2
2013-05-01 19:51,337,340,-3
2013-05-01 19:52,339,342,-3
2013-05-01 19:53,341,344,-3
2013-05-01 19:54,343,346,-3
2013-05-01 19:55,346,349,-3
2013-05-01 19:56,348,351,-3
2013-05-01 19:57,350,353,-3
2013-05-01 19:58,352,356,-4
2013-05-01 19:59,355,358,-3
2013-05-01 20:00,357,360,-3
2013-05-01 20:01,359,363,-4
2013-05-01 20:02,361,365,-4
2013-05-01 20:03,363,367,-4
2013-05-01 20:04,366,370,-4
2013-05-01 20:05,368,372,-4
2013-05-01 20:06,370,374,-4
2013-05-01 20:07,373,377,-4
2013-05-01 20:08,375,379,-4
2013-05-01 20:09,377,381,-4
2013-05-01 20:10,379,383,-4
2013-05-01 20:11,381,386,-5
2013-05-01 20:12,383,388,-5
2013-05-01 20:13,385,390,-5
2013-05-01 20:14,387,393,-6
2013-05-01 20:15,390,395,-5
2013-05-01 20:16,392,397,-5
2013-05-01 20:17,394,399,-5
2013-05-01 20:18,396,402,-6
2013-05-01 20:19,398,404,-6
2013-05-01 20:20,400,406,-6
2013-05-01 20:21,402,408,-6
2013-05-01 20:22,405,411,-6
2013-05-01 20:23,407,413,-6
2013-05-01 20:24,409,415,-6
2013-05-01 20:25,412,417,-5
2013-05-01 20:26,414,420,-6
2013-05-01 20:27,416,422,-6
2013-05-01 20:28,418,424,-6
2013-05-01 20:29,421,426,-5
2013-05-01 20:30,423,428,-5
2013-05-01 20:31,425,431,-6
2013-05-01 20:32,428,433,-5
2013-05-01 20:33,430,435,-5
2013-05-01 20:34,432,437,-5
2013-05-01 20:35,434,439,-5
2013-05-01 20:36,436,441,-5
2013-05-01 20:37,438,443,-5
2013-05-01 20:38,440,445,-5
2013-05-01 20:39,442,448,-6
2013-05-01 20:40,445,450,-5
2013-05-01 20:41,447,452,-5
2013-05-01 20:42,449,454,-5
2013-05-01 20:43,451,456,-5
2013-05-01 20:44,453,458,-5
2013-05-01 20:45,455,460,-5
2013-05-01 20:46,457,462,-5
2013-05-01 20:47,459,464,-5
2013-05-01 20:48,461,466,-5
2013-05-01 20:49,463,468,-5
2013-05-01 20:50,466,470,-4
2013-05-01 20:51,467,471,-4
2013-05-01 20:52,469,473,-4
2013-05-01 20:53,471,475,-4
2013-05-01 20:54,473,477,-4
2013-05-01 20:55,475,479,-4
2013-05-01 20:56,477,481,-4
2013-05-01 20:57,479,482,-3
2013-05-01 20:58,481,484,-3
2013-05-01 20:59,483,486,-3
2013-05-01 21:00,484,488,-4
2013-05-01 21:01,486,490,-4
2013-05-01 21:02,488,491,-3
2013-05-01 21:03,489,493,-4
2013-05-01 21:04,491,495,-4
2013-05-01 21:05,493,496,-3
2013-05-01 21:06,495,498,-3
2013-05-01 21:07,496,499,-3
2013-05-01 21:08,498,501,-3
2013-05-01 21:09,500,503,-3
2013-05-01 21:10,501,504,-3
2013-05-01 21:11,503,506,-3
2013-05-01 21:12,505,507,-2
2013-05-01 21:13,506,509,-3
2013-05-01 21:14,508,510,-2
2013-05-01 21:15,509,512,-3
2013-05-01 21:16,511,513,-2
2013-05-01 21:17,512,514,-2
2013-05-01 21:18,514,516,-2
2013-05-01 21:19,516,517,-1
2013-05-01 21:20,517,518,-1
2013-05-01 21:21,519,520,-1
2013-05-01 21:22,520,521,-1
2013-05-01 21:23,522,522,0
2013-05-01 21:24,523,523,0
2013-05-01 21:25,525,525,0
2013-05-01 21:26,526,526,0
2013-05-01 21:27,527,527,0
2013-05-01 21:28,529,528,1
2013-05-01 21:29,530,529,1
2013-05-01 21:30,531,530,1
2013-05-01 21:31,533,531,2
2013-05-01 21:32,534,532,2
2013-05-01 21:33,535,533,2
2013-05-01 21:34,536,534,2
2013-05-01 21:35,538,535,3
2013-05-01 21:36,539,536,3
2013-05-01 21:37,540,537,3
2013-05-01 21:38,541,538,3
2013-05-01 21:39,542,539,3
2013-05-01 21:40,543,539,4
2013-05-01 21:41,544,540,4
2013-05-01 21:42,545,541,4
2013-05-01 21:43,546,542,4
2013-05-01 21:44,547,542,5
2013-05-01 21:45,547,543,4
2013-05-01 21:46,549,544,5
2013-05-01 21:47,550,544,6
2013-05-01 21:48,551,545,6
2013-05-01 21:49,551,545,6
2013-05-01 21:50,553,546,7
2013-05-01 21:51,553,546,7
2013-05-01 21:52,554,547,7
2013-05-01 21:53,555,547,8
2013-05-01 21:54,555,548,7
2013-05-01 21:55,557,548,9
2013-05-01 21:56,557,549,8
2013-05-01 21:57,558,549,9
2013-05-01 21:58,558,549,9
2013-05-01 21:59,559,549,10
2013-05-01 22:00,559,550,9
2013-05-01 22:01,559,550,9
2013-05-01 22:02,560,550,10
2013-05-01 22:03,561,550,11
2013-05-01 22:04,561,551,10
2013-05-01 22:05,561,551,10
2013-05-01 22:06,561,551,10
2013-05-01 22:07,561,551,10
2013-05-01 22:08,561,551,10
2013-05-01 22:09,561,551,10
2013-05-01 22:10,561,551,10
2013-05-01 22:11,562,551,11
2013-05-01 22:12,562,551,11
2013-05-01 22:13,563,551,12
2013-05-01 22:14,563,551,12
2013-05-01 22:15,563,551,12
2013-05-01 22:16,563,550,13
2013-05-01 22:17,563,550,13
2013-05-01 22:18,563,550,13
2013-05-01 22:19,563,550,13
2013-05-01 22:20,563,549,14
2013-05-01 22:21,562,549,13
2013-05-01 22:22,562,549,13
2013-05-01 22:23,562,549,13
2013-05-01 22:24,562,548,14
2013-05-01 22:25,562,548,14
2013-05-01 22:26,561,547,14
2013-05-01 22:27,561,547,14
2013-05-01 22:28,560,546,14
2013-05-01 22:29,560,546,14
2013-05-01 22:30,560,545,15
2013-05-01 22:31,559,545,14
2013-05-01 22:32,559,544,15
2013-05-01 22:33,558,544,14
2013-05-01 22:34,558,543,15
2013-05-01 22:35,557,543,14
2013-05-01 22:36,557,542,15
2013-05-01 22:37,556,541,15
2013-05-01 22:38,555,541,14
2013-05-01 22:39,554,540,14
2013-05-01 22:40,554,539,15
2013-05-01 22:41,553,538,15
2013-05-01 22:42,552,538,14
2013-05-01 22:43,551,537,14
2013-05-01 22:44,551,536,15
2013-05-01 22:45,550,535,15
2013-05-01 22:46,549,534,15
2013-05-01 22:47,548,534,14
2013-05-01 22:48,547,533,14
2013-05-01 22:49,547,532,15
2013-05-01 22:50,546,531,15
2013-05-01 22:51,545,530,15
2013-05-01 22:52,544,529,15
2013-05-01 22:53,543,528,15
2013-05-01 22:54,542,527,15
2013-05-01 22:55,541,526,15
2013-05-01 22:56,540,525,15
2013-05-01 22:57,539,524,15
2013-05-01 22:58,538,523,15
2013-05-01 22:59,537,522,15
2013-05-01 23:00,536,521,15
2013-05-01 23:01,535,519,16
2013-05-01 23:02,534,518,16
2013-05-01 23:03,532,517,15
2013-05-01 23:04,531,516,15
2013-05-01 23:05,530,515,15
2013-05-01 23:06,529,514,15
2013-05-01 23:07,528,512,16
2013-05-01 23:08,526,511,15
2013-05-01 23:09,525,510,15
2013-05-01 23:10,524,509,15
2013-05-01 23:11,522,507,15
2013-05-01 23:12,521,506,15
2013-05-01 23:13,520,505,15
2013-05-01 23:14,519,504,15
2013-05-01 23:15,518,502,16
2013-05-01 23:16,516,501,15
2013-05-01 23:17,515,500,15
2013-05-01 23:18,514,498,16
2013-05-01 23:19,513,497,16
2013-05-01 23:20,511,496,15
2013-05-01 23:21,511,494,17
2013-05-01 23:22,509,493,16
2013-05-01 23:23,508,491,17
2013-05-01 23:24,506,490,16
2013-05-01 23:25,505,489,16
2013-05-01 23:26,504,487,17
2013-05-01 23:27,503,486,17
2013-05-01 23:28,502,484,18
2013-05-01 23:29,500,483,17
2013-05-01 23:30,499,481,18
2013-05-01 23:31,497,480,17
2013-05-01 23:32,496,479,17
2013-05-01 23:33,494,477,17
2013-05-01 23:34,493,476,17
2013-05-01 23:35,491,474,17
2013-05-01 23:36,490,473,17
2013-05-01 23:37,488,471,17
2013-05-01 23:38,487,470,17
2013-05-01 23:39,485,468,17
2013-05-01 23:40,484,467,17
2013-05-01 23:41,482,465,17
2013-05-01 23:42,481,463,18
2013-05-01 23:43,479,462,17
2013-05-01 23:44,478,460,18
2013-05-01 23:45,476,459,17
2013-05-01 23:46,475,457,18
2013-05-01 23:47,473,456,17
2013-05-01 23:48,471,454,17
2013-05-01 23:49,470,453,17
2013-05-01 23:50,468,451,17
2013-05-01 23:51,467,450,17
2013-05-01 23:52,465,448,17
2013-05-01 23:53,463,446,17
2013-05-01 23:54,461,445,16
2013-05-01 23:55,460,443,17
2013-05-01 23:56,458,442,16
2013-05-01 23:57,456,440,16
2013-05-01 23:58,454,439,15
2013-05-01 23:59,453,437,16
2013-05-02 0:00,-,436,-
