관측시간,실측조위(Cm),예측조위(Cm),잔차(Cm)
2014-04-30 0:00,151,145,6
2014-04-30 0:01,150,144,6
2014-04-30 0:02,149,143,6
2014-04-30 0:03,149,141,8
2014-04-30 0:04,147,140,7
2014-04-30 0:05,147,139,8
2014-04-30 0:06,146,138,8
2014-04-30 0:07,145,136,9
2014-04-30 0:08,144,135,9
2014-04-30 0:09,143,134,9
2014-04-30 0:10,142,133,9
2014-04-30 0:11,141,131,10
2014-04-30 0:12,140,130,10
2014-04-30 0:13,139,129,10
2014-04-30 0:14,138,128,10
2014-04-30 0:15,137,127,10
2014-04-30 0:16,136,126,10
2014-04-30 0:17,135,124,11
2014-04-30 0:18,134,123,11
2014-04-30 0:19,133,122,11
2014-04-30 0:20,132,121,11
2014-04-30 0:21,131,120,11
2014-04-30 0:22,130,119,11
2014-04-30 0:23,129,118,11
2014-04-30 0:24,128,117,11
2014-04-30 0:25,127,116,11
2014-04-30 0:26,126,115,11
2014-04-30 0:27,125,114,11
2014-04-30 0:28,124,113,11
2014-04-30 0:29,124,112,12
2014-04-30 0:30,123,111,12
2014-04-30 0:31,122,110,12
2014-04-30 0:32,120,109,11
2014-04-30 0:33,119,108,11
2014-04-30 0:34,118,107,11
2014-04-30 0:35,117,106,11
2014-04-30 0:36,117,105,12
2014-04-30 0:37,116,104,12
2014-04-30 0:38,115,103,12
2014-04-30 0:39,114,102,12
2014-04-30 0:40,113,101,12
2014-04-30 0:41,112,101,11
2014-04-30 0:42,111,100,11
2014-04-30 0:43,110,99,11
2014-04-30 0:44,110,98,12
2014-04-30 0:45,109,97,12
2014-04-30 0:46,108,97,11
2014-04-30 0:47,107,96,11
2014-04-30 0:48,106,95,11
2014-04-30 0:49,106,94,12
2014-04-30 0:50,105,94,11
2014-04-30 0:51,103,93,10
2014-04-30 0:52,102,92,10
2014-04-30 0:53,102,92,10
2014-04-30 0:54,101,91,10
2014-04-30 0:55,100,91,9
2014-04-30 0:56,99,90,9
2014-04-30 0:57,98,89,9
2014-04-30 0:58,98,89,9
2014-04-30 0:59,97,88,9
2014-04-30 1:00,96,88,8
2014-04-30 1:01,95,87,8
2014-04-30 1:02,94,87,7
2014-04-30 1:03,94,86,8
2014-04-30 1:04,93,86,7
2014-04-30 1:05,92,85,7
2014-04-30 1:06,91,85,6
2014-04-30 1:07,91,84,7
2014-04-30 1:08,90,84,6
2014-04-30 1:09,89,84,5
2014-04-30 1:10,88,83,5
2014-04-30 1:11,87,83,4
2014-04-30 1:12,86,83,3
2014-04-30 1:13,86,82,4
2014-04-30 1:14,85,82,3
2014-04-30 1:15,84,82,2
2014-04-30 1:16,83,81,2
2014-04-30 1:17,83,81,2
2014-04-30 1:18,82,81,1
2014-04-30 1:19,81,81,0
2014-04-30 1:20,80,81,-1
2014-04-30 1:21,79,80,-1
2014-04-30 1:22,78,80,-2
2014-04-30 1:23,77,80,-3
2014-04-30 1:24,77,80,-3
2014-04-30 1:25,76,80,-4
2014-04-30 1:26,75,80,-5
2014-04-30 1:27,75,80,-5
2014-04-30 1:28,74,80,-6
2014-04-30 1:29,73,80,-7
2014-04-30 1:30,73,80,-7
2014-04-30 1:31,72,80,-8
2014-04-30 1:32,71,80,-9
2014-04-30 1:33,70,80,-10
2014-04-30 1:34,70,80,-10
2014-04-30 1:35,69,80,-11
2014-04-30 1:36,69,80,-11
2014-04-30 1:37,68,80,-12
2014-04-30 1:38,67,80,-13
2014-04-30 1:39,67,81,-14
2014-04-30 1:40,66,81,-15
2014-04-30 1:41,65,81,-16
2014-04-30 1:42,65,81,-16
2014-04-30 1:43,64,81,-17
2014-04-30 1:44,64,82,-18
2014-04-30 1:45,63,82,-19
2014-04-30 1:46,63,82,-19
2014-04-30 1:47,63,83,-20
2014-04-30 1:48,62,83,-21
2014-04-30 1:49,62,83,-21
2014-04-30 1:50,62,84,-22
2014-04-30 1:51,61,84,-23
2014-04-30 1:52,62,84,-22
2014-04-30 1:53,61,85,-24
2014-04-30 1:54,61,85,-24
2014-04-30 1:55,62,86,-24
2014-04-30 1:56,62,86,-24
2014-04-30 1:57,62,87,-25
2014-04-30 1:58,63,87,-24
2014-04-30 1:59,64,88,-24
2014-04-30 2:00,64,89,-25
2014-04-30 2:01,65,89,-24
2014-04-30 2:02,66,90,-24
2014-04-30 2:03,68,91,-23
2014-04-30 2:04,69,91,-22
2014-04-30 2:05,71,92,-21
2014-04-30 2:06,73,93,-20
2014-04-30 2:07,76,93,-17
2014-04-30 2:08,78,94,-16
2014-04-30 2:09,80,95,-15
2014-04-30 2:10,83,96,-13
2014-04-30 2:11,86,97,-11
2014-04-30 2:12,88,97,-9
2014-04-30 2:13,91,98,-7
2014-04-30 2:14,93,99,-6
2014-04-30 2:15,95,100,-5
2014-04-30 2:16,98,101,-3
2014-04-30 2:17,100,102,-2
2014-04-30 2:18,102,103,-1
2014-04-30 2:19,104,104,0
2014-04-30 2:20,105,105,0
2014-04-30 2:21,108,106,2
2014-04-30 2:22,109,107,2
2014-04-30 2:23,111,108,3
2014-04-30 2:24,113,109,4
2014-04-30 2:25,114,110,4
2014-04-30 2:26,116,112,4
2014-04-30 2:27,118,113,5
2014-04-30 2:28,120,114,6
2014-04-30 2:29,122,115,7
2014-04-30 2:30,124,117,7
2014-04-30 2:31,126,118,8
2014-04-30 2:32,128,119,9
2014-04-30 2:33,130,120,10
2014-04-30 2:34,131,122,9
2014-04-30 2:35,133,123,10
2014-04-30 2:36,134,125,9
2014-04-30 2:37,136,126,10
2014-04-30 2:38,137,127,10
2014-04-30 2:39,139,129,10
2014-04-30 2:40,141,130,11
2014-04-30 2:41,142,132,10
2014-04-30 2:42,144,133,11
2014-04-30 2:43,145,135,10
2014-04-30 2:44,147,137,10
2014-04-30 2:45,148,138,10
2014-04-30 2:46,150,140,10
2014-04-30 2:47,151,141,10
2014-04-30 2:48,153,143,10
2014-04-30 2:49,154,145,9
2014-04-30 2:50,156,147,9
2014-04-30 2:51,157,148,9
2014-04-30 2:52,159,150,9
2014-04-30 2:53,160,152,8
2014-04-30 2:54,161,154,7
2014-04-30 2:55,163,156,7
2014-04-30 2:56,164,158,6
2014-04-30 2:57,165,159,6
2014-04-30 2:58,167,161,6
2014-04-30 2:59,168,163,5
2014-04-30 3:00,169,165,4
2014-04-30 3:01,170,167,3
2014-04-30 3:02,172,169,3
2014-04-30 3:03,173,171,2
2014-04-30 3:04,175,173,2
2014-04-30 3:05,176,176,0
2014-04-30 3:06,178,178,0
2014-04-30 3:07,179,180,-1
2014-04-30 3:08,181,182,-1
2014-04-30 3:09,182,184,-2
2014-04-30 3:10,184,186,-2
2014-04-30 3:11,186,189,-3
2014-04-30 3:12,188,191,-3
2014-04-30 3:13,189,193,-4
2014-04-30 3:14,191,196,-5
2014-04-30 3:15,192,198,-6
2014-04-30 3:16,194,200,-6
2014-04-30 3:17,196,203,-7
2014-04-30 3:18,198,205,-7
2014-04-30 3:19,200,208,-8
2014-04-30 3:20,202,210,-8
2014-04-30 3:21,204,213,-9
2014-04-30 3:22,206,215,-9
2014-04-30 3:23,208,218,-10
2014-04-30 3:24,210,220,-10
2014-04-30 3:25,212,223,-11
2014-04-30 3:26,213,225,-12
2014-04-30 3:27,216,228,-12
2014-04-30 3:28,218,231,-13
2014-04-30 3:29,220,233,-13
2014-04-30 3:30,223,236,-13
2014-04-30 3:31,225,239,-14
2014-04-30 3:32,227,241,-14
2014-04-30 3:33,229,244,-15
2014-04-30 3:34,231,247,-16
2014-04-30 3:35,233,250,-17
2014-04-30 3:36,236,253,-17
2014-04-30 3:37,238,255,-17
2014-04-30 3:38,241,258,-17
2014-04-30 3:39,243,261,-18
2014-04-30 3:40,245,264,-19
2014-04-30 3:41,248,267,-19
2014-04-30 3:42,250,270,-20
2014-04-30 3:43,253,273,-20
2014-04-30 3:44,255,276,-21
2014-04-30 3:45,258,279,-21
2014-04-30 3:46,260,282,-22
2014-04-30 3:47,263,285,-22
2014-04-30 3:48,265,288,-23
2014-04-30 3:49,268,291,-23
2014-04-30 3:50,271,294,-23
2014-04-30 3:51,274,297,-23
2014-04-30 3:52,277,300,-23
2014-04-30 3:53,279,304,-25
2014-04-30 3:54,282,307,-25
2014-04-30 3:55,284,310,-26
2014-04-30 3:56,287,313,-26
2014-04-30 3:57,290,316,-26
2014-04-30 3:58,293,320,-27
2014-04-30 3:59,297,323,-26
2014-04-30 4:00,300,326,-26
2014-04-30 4:01,303,329,-26
2014-04-30 4:02,306,333,-27
2014-04-30 4:03,310,336,-26
2014-04-30 4:04,313,339,-26
2014-04-30 4:05,317,343,-26
2014-04-30 4:06,320,346,-26
2014-04-30 4:07,323,349,-26
2014-04-30 4:08,326,353,-27
2014-04-30 4:09,330,356,-26
2014-04-30 4:10,333,360,-27
2014-04-30 4:11,337,363,-26
2014-04-30 4:12,340,366,-26
2014-04-30 4:13,344,370,-26
2014-04-30 4:14,347,373,-26
2014-04-30 4:15,351,377,-26
2014-04-30 4:16,354,380,-26
2014-04-30 4:17,358,384,-26
2014-04-30 4:18,361,387,-26
2014-04-30 4:19,365,390,-25
2014-04-30 4:20,368,394,-26
2014-04-30 4:21,372,397,-25
2014-04-30 4:22,375,401,-26
2014-04-30 4:23,378,404,-26
2014-04-30 4:24,381,408,-27
2014-04-30 4:25,384,411,-27
2014-04-30 4:26,388,415,-27
2014-04-30 4:27,391,418,-27
2014-04-30 4:28,394,422,-28
2014-04-30 4:29,397,425,-28
2014-04-30 4:30,400,429,-29
2014-04-30 4:31,404,432,-28
2014-04-30 4:32,407,436,-29
2014-04-30 4:33,410,439,-29
2014-04-30 4:34,413,443,-30
2014-04-30 4:35,417,447,-30
2014-04-30 4:36,420,450,-30
2014-04-30 4:37,423,454,-31
2014-04-30 4:38,426,457,-31
2014-04-30 4:39,429,461,-32
2014-04-30 4:40,432,464,-32
2014-04-30 4:41,436,468,-32
2014-04-30 4:42,439,471,-32
2014-04-30 4:43,442,475,-33
2014-04-30 4:44,446,478,-32
2014-04-30 4:45,449,481,-32
2014-04-30 4:46,452,485,-33
2014-04-30 4:47,455,488,-33
2014-04-30 4:48,459,492,-33
2014-04-30 4:49,463,495,-32
2014-04-30 4:50,466,499,-33
2014-04-30 4:51,469,502,-33
2014-04-30 4:52,472,506,-34
2014-04-30 4:53,475,509,-34
2014-04-30 4:54,479,512,-33
2014-04-30 4:55,483,516,-33
2014-04-30 4:56,486,519,-33
2014-04-30 4:57,489,522,-33
2014-04-30 4:58,492,526,-34
2014-04-30 4:59,496,529,-33
2014-04-30 5:00,499,532,-33
2014-04-30 5:01,503,536,-33
2014-04-30 5:02,506,539,-33
2014-04-30 5:03,510,542,-32
2014-04-30 5:04,513,545,-32
2014-04-30 5:05,517,549,-32
2014-04-30 5:06,521,552,-31
2014-04-30 5:07,524,555,-31
2014-04-30 5:08,527,558,-31
2014-04-30 5:09,531,561,-30
2014-04-30 5:10,534,564,-30
2014-04-30 5:11,537,568,-31
2014-04-30 5:12,541,571,-30
2014-04-30 5:13,544,574,-30
2014-04-30 5:14,547,577,-30
2014-04-30 5:15,550,580,-30
2014-04-30 5:16,553,583,-30
2014-04-30 5:17,556,586,-30
2014-04-30 5:18,559,589,-30
2014-04-30 5:19,563,592,-29
2014-04-30 5:20,566,594,-28
2014-04-30 5:21,569,597,-28
2014-04-30 5:22,572,600,-28
2014-04-30 5:23,575,603,-28
2014-04-30 5:24,578,606,-28
2014-04-30 5:25,581,608,-27
2014-04-30 5:26,584,611,-27
2014-04-30 5:27,586,614,-28
2014-04-30 5:28,589,617,-28
2014-04-30 5:29,592,619,-27
2014-04-30 5:30,595,622,-27
2014-04-30 5:31,597,624,-27
2014-04-30 5:32,600,627,-27
2014-04-30 5:33,603,629,-26
2014-04-30 5:34,606,632,-26
2014-04-30 5:35,609,634,-25
2014-04-30 5:36,611,637,-26
2014-04-30 5:37,614,639,-25
2014-04-30 5:38,616,641,-25
2014-04-30 5:39,618,644,-26
2014-04-30 5:40,621,646,-25
2014-04-30 5:41,624,648,-24
2014-04-30 5:42,626,650,-24
2014-04-30 5:43,629,652,-23
2014-04-30 5:44,632,655,-23
2014-04-30 5:45,634,657,-23
2014-04-30 5:46,637,659,-22
2014-04-30 5:47,640,661,-21
2014-04-30 5:48,643,663,-20
2014-04-30 5:49,646,665,-19
2014-04-30 5:50,648,666,-18
2014-04-30 5:51,651,668,-17
2014-04-30 5:52,654,670,-16
2014-04-30 5:53,656,672,-16
2014-04-30 5:54,658,674,-16
2014-04-30 5:55,660,675,-15
2014-04-30 5:56,662,677,-15
2014-04-30 5:57,664,679,-15
2014-04-30 5:58,667,680,-13
2014-04-30 5:59,668,682,-14
2014-04-30 6:00,670,683,-13
2014-04-30 6:01,672,685,-13
2014-04-30 6:02,674,686,-12
2014-04-30 6:03,675,687,-12
2014-04-30 6:04,676,689,-13
2014-04-30 6:05,678,690,-12
2014-04-30 6:06,679,691,-12
2014-04-30 6:07,681,692,-11
2014-04-30 6:08,682,694,-12
2014-04-30 6:09,684,695,-11
2014-04-30 6:10,686,696,-10
2014-04-30 6:11,687,697,-10
2014-04-30 6:12,688,698,-10
2014-04-30 6:13,689,699,-10
2014-04-30 6:14,691,700,-9
2014-04-30 6:15,692,701,-9
2014-04-30 6:16,693,701,-8
2014-04-30 6:17,694,702,-8
2014-04-30 6:18,695,703,-8
2014-04-30 6:19,695,704,-9
2014-04-30 6:20,696,704,-8
2014-04-30 6:21,697,705,-8
2014-04-30 6:22,698,705,-7
2014-04-30 6:23,699,706,-7
2014-04-30 6:24,699,706,-7
2014-04-30 6:25,700,707,-7
2014-04-30 6:26,700,707,-7
2014-04-30 6:27,701,708,-7
2014-04-30 6:28,702,708,-6
2014-04-30 6:29,703,708,-5
2014-04-30 6:30,703,708,-5
2014-04-30 6:31,704,709,-5
2014-04-30 6:32,704,709,-5
2014-04-30 6:33,705,709,-4
2014-04-30 6:34,705,709,-4
2014-04-30 6:35,704,709,-5
2014-04-30 6:36,704,709,-5
2014-04-30 6:37,705,709,-4
2014-04-30 6:38,705,709,-4
2014-04-30 6:39,704,708,-4
2014-04-30 6:40,704,708,-4
2014-04-30 6:41,704,708,-4
2014-04-30 6:42,704,708,-4
2014-04-30 6:43,704,707,-3
2014-04-30 6:44,704,707,-3
2014-04-30 6:45,703,707,-4
2014-04-30 6:46,703,706,-3
2014-04-30 6:47,703,706,-3
2014-04-30 6:48,702,705,-3
2014-04-30 6:49,702,705,-3
2014-04-30 6:50,701,704,-3
2014-04-30 6:51,701,704,-3
2014-04-30 6:52,701,703,-2
2014-04-30 6:53,700,702,-2
2014-04-30 6:54,700,702,-2
2014-04-30 6:55,700,701,-1
2014-04-30 6:56,699,700,-1
2014-04-30 6:57,697,699,-2
2014-04-30 6:58,697,698,-1
2014-04-30 6:59,696,697,-1
2014-04-30 7:00,695,697,-2
2014-04-30 7:01,693,696,-3
2014-04-30 7:02,692,695,-3
2014-04-30 7:03,691,694,-3
2014-04-30 7:04,690,693,-3
2014-04-30 7:05,688,691,-3
2014-04-30 7:06,687,690,-3
2014-04-30 7:07,686,689,-3
2014-04-30 7:08,684,688,-4
2014-04-30 7:09,683,687,-4
2014-04-30 7:10,682,686,-4
2014-04-30 7:11,680,684,-4
2014-04-30 7:12,679,683,-4
2014-04-30 7:13,678,682,-4
2014-04-30 7:14,676,680,-4
2014-04-30 7:15,675,679,-4
2014-04-30 7:16,674,678,-4
2014-04-30 7:17,672,676,-4
2014-04-30 7:18,671,675,-4
2014-04-30 7:19,670,673,-3
2014-04-30 7:20,668,672,-4
2014-04-30 7:21,667,670,-3
2014-04-30 7:22,665,669,-4
2014-04-30 7:23,664,667,-3
2014-04-30 7:24,663,665,-2
2014-04-30 7:25,662,664,-2
2014-04-30 7:26,660,662,-2
2014-04-30 7:27,658,660,-2
2014-04-30 7:28,656,659,-3
2014-04-30 7:29,654,657,-3
2014-04-30 7:30,653,655,-2
2014-04-30 7:31,651,654,-3
2014-04-30 7:32,650,652,-2
2014-04-30 7:33,648,650,-2
2014-04-30 7:34,646,648,-2
2014-04-30 7:35,645,646,-1
2014-04-30 7:36,643,645,-2
2014-04-30 7:37,642,643,-1
2014-04-30 7:38,640,641,-1
2014-04-30 7:39,638,639,-1
2014-04-30 7:40,637,637,0
2014-04-30 7:41,636,635,1
2014-04-30 7:42,634,633,1
2014-04-30 7:43,632,631,1
2014-04-30 7:44,631,629,2
2014-04-30 7:45,629,627,2
2014-04-30 7:46,627,625,2
2014-04-30 7:47,626,623,3
2014-04-30 7:48,625,621,4
2014-04-30 7:49,624,619,5
2014-04-30 7:50,622,617,5
2014-04-30 7:51,621,615,6
2014-04-30 7:52,619,613,6
2014-04-30 7:53,-,611,-
2014-04-30 7:54,-,609,-
2014-04-30 7:55,-,607,-
2014-04-30 7:56,612,605,7
2014-04-30 7:57,611,603,8
2014-04-30 7:58,609,601,8
2014-04-30 7:59,607,599,8
2014-04-30 8:00,605,597,8
2014-04-30 8:01,603,595,8
2014-04-30 8:02,601,593,8
2014-04-30 8:03,600,591,9
2014-04-30 8:04,598,588,10
2014-04-30 8:05,596,586,10
2014-04-30 8:06,594,584,10
2014-04-30 8:07,592,582,10
2014-04-30 8:08,590,580,10
2014-04-30 8:09,588,578,10
2014-04-30 8:10,586,576,10
2014-04-30 8:11,584,574,10
2014-04-30 8:12,582,572,10
2014-04-30 8:13,580,570,10
2014-04-30 8:14,578,567,11
2014-04-30 8:15,577,565,12
2014-04-30 8:16,574,563,11
2014-04-30 8:17,572,561,11
2014-04-30 8:18,570,559,11
2014-04-30 8:19,568,557,11
2014-04-30 8:20,566,555,11
2014-04-30 8:21,564,553,11
2014-04-30 8:22,562,551,11
2014-04-30 8:23,560,549,11
2014-04-30 8:24,558,546,12
2014-04-30 8:25,556,544,12
2014-04-30 8:26,554,542,12
2014-04-30 8:27,552,540,12
2014-04-30 8:28,550,538,12
2014-04-30 8:29,548,536,12
2014-04-30 8:30,546,534,12
2014-04-30 8:31,544,532,12
2014-04-30 8:32,542,530,12
2014-04-30 8:33,540,528,12
2014-04-30 8:34,538,526,12
2014-04-30 8:35,536,524,12
2014-04-30 8:36,534,522,12
2014-04-30 8:37,532,520,12
2014-04-30 8:38,530,518,12
2014-04-30 8:39,528,516,12
2014-04-30 8:40,526,514,12
2014-04-30 8:41,524,512,12
2014-04-30 8:42,523,510,13
2014-04-30 8:43,521,508,13
2014-04-30 8:44,519,506,13
2014-04-30 8:45,517,504,13
2014-04-30 8:46,514,502,12
2014-04-30 8:47,513,500,13
2014-04-30 8:48,511,499,12
2014-04-30 8:49,509,497,12
2014-04-30 8:50,507,495,12
2014-04-30 8:51,505,493,12
2014-04-30 8:52,503,491,12
2014-04-30 8:53,501,489,12
2014-04-30 8:54,499,487,12
2014-04-30 8:55,497,485,12
2014-04-30 8:56,495,484,11
2014-04-30 8:57,493,482,11
2014-04-30 8:58,491,480,11
2014-04-30 8:59,489,478,11
2014-04-30 9:00,487,476,11
2014-04-30 9:01,485,475,10
2014-04-30 9:02,483,473,10
2014-04-30 9:03,482,471,11
2014-04-30 9:04,480,469,11
2014-04-30 9:05,478,468,10
2014-04-30 9:06,476,466,10
2014-04-30 9:07,474,464,10
2014-04-30 9:08,472,462,10
2014-04-30 9:09,470,461,9
2014-04-30 9:10,468,459,9
2014-04-30 9:11,466,457,9
2014-04-30 9:12,464,456,8
2014-04-30 9:13,463,454,9
2014-04-30 9:14,461,452,9
2014-04-30 9:15,459,451,8
2014-04-30 9:16,457,449,8
2014-04-30 9:17,455,447,8
2014-04-30 9:18,453,446,7
2014-04-30 9:19,451,444,7
2014-04-30 9:20,450,443,7
2014-04-30 9:21,447,441,6
2014-04-30 9:22,446,439,7
2014-04-30 9:23,444,438,6
2014-04-30 9:24,442,436,6
2014-04-30 9:25,440,435,5
2014-04-30 9:26,438,433,5
2014-04-30 9:27,436,432,4
2014-04-30 9:28,433,430,3
2014-04-30 9:29,432,429,3
2014-04-30 9:30,430,427,3
2014-04-30 9:31,428,425,3
2014-04-30 9:32,426,424,2
2014-04-30 9:33,425,422,3
2014-04-30 9:34,423,421,2
2014-04-30 9:35,421,420,1
2014-04-30 9:36,419,418,1
2014-04-30 9:37,417,417,0
2014-04-30 9:38,416,415,1
2014-04-30 9:39,414,414,0
2014-04-30 9:40,412,412,0
2014-04-30 9:41,410,411,-1
2014-04-30 9:42,408,409,-1
2014-04-30 9:43,407,408,-1
2014-04-30 9:44,405,406,-1
2014-04-30 9:45,403,405,-2
2014-04-30 9:46,401,404,-3
2014-04-30 9:47,399,402,-3
2014-04-30 9:48,398,401,-3
2014-04-30 9:49,396,399,-3
2014-04-30 9:50,394,398,-4
2014-04-30 9:51,392,397,-5
2014-04-30 9:52,391,395,-4
2014-04-30 9:53,389,394,-5
2014-04-30 9:54,387,392,-5
2014-04-30 9:55,386,391,-5
2014-04-30 9:56,383,390,-7
2014-04-30 9:57,382,388,-6
2014-04-30 9:58,380,387,-7
2014-04-30 9:59,378,386,-8
2014-04-30 10:00,377,384,-7
2014-04-30 10:01,375,383,-8
2014-04-30 10:02,374,382,-8
2014-04-30 10:03,372,380,-8
2014-04-30 10:04,370,379,-9
2014-04-30 10:05,369,377,-8
2014-04-30 10:06,366,376,-10
2014-04-30 10:07,365,375,-10
2014-04-30 10:08,363,373,-10
2014-04-30 10:09,361,372,-11
2014-04-30 10:10,360,371,-11
2014-04-30 10:11,358,369,-11
2014-04-30 10:12,356,368,-12
2014-04-30 10:13,355,367,-12
2014-04-30 10:14,353,365,-12
2014-04-30 10:15,352,364,-12
2014-04-30 10:16,350,363,-13
2014-04-30 10:17,348,361,-13
2014-04-30 10:18,346,360,-14
2014-04-30 10:19,345,359,-14
2014-04-30 10:20,343,357,-14
2014-04-30 10:21,342,356,-14
2014-04-30 10:22,340,355,-15
2014-04-30 10:23,339,353,-14
2014-04-30 10:24,337,352,-15
2014-04-30 10:25,335,351,-16
2014-04-30 10:26,334,349,-15
2014-04-30 10:27,333,348,-15
2014-04-30 10:28,331,346,-15
2014-04-30 10:29,329,345,-16
2014-04-30 10:30,327,344,-17
2014-04-30 10:31,326,342,-16
2014-04-30 10:32,325,341,-16
2014-04-30 10:33,323,340,-17
2014-04-30 10:34,321,338,-17
2014-04-30 10:35,320,337,-17
2014-04-30 10:36,318,336,-18
2014-04-30 10:37,317,334,-17
2014-04-30 10:38,315,333,-18
2014-04-30 10:39,314,331,-17
2014-04-30 10:40,312,330,-18
2014-04-30 10:41,311,329,-18
2014-04-30 10:42,309,327,-18
2014-04-30 10:43,307,326,-19
2014-04-30 10:44,306,324,-18
2014-04-30 10:45,304,323,-19
2014-04-30 10:46,303,322,-19
2014-04-30 10:47,302,320,-18
2014-04-30 10:48,300,319,-19
2014-04-30 10:49,299,317,-18
2014-04-30 10:50,298,316,-18
2014-04-30 10:51,296,315,-19
2014-04-30 10:52,295,313,-18
2014-04-30 10:53,293,312,-19
2014-04-30 10:54,292,310,-18
2014-04-30 10:55,290,309,-19
2014-04-30 10:56,289,307,-18
2014-04-30 10:57,287,306,-19
2014-04-30 10:58,286,305,-19
2014-04-30 10:59,284,303,-19
2014-04-30 11:00,283,302,-19
2014-04-30 11:01,281,300,-19
2014-04-30 11:02,280,299,-19
2014-04-30 11:03,279,297,-18
2014-04-30 11:04,277,296,-19
2014-04-30 11:05,276,294,-18
2014-04-30 11:06,275,293,-18
2014-04-30 11:07,273,291,-18
2014-04-30 11:08,271,290,-19
2014-04-30 11:09,270,289,-19
2014-04-30 11:10,269,287,-18
2014-04-30 11:11,267,286,-19
2014-04-30 11:12,266,284,-18
2014-04-30 11:13,265,283,-18
2014-04-30 11:14,264,281,-17
2014-04-30 11:15,262,280,-18
2014-04-30 11:16,261,278,-17
2014-04-30 11:17,260,277,-17
2014-04-30 11:18,259,275,-16
2014-04-30 11:19,257,274,-17
2014-04-30 11:20,256,272,-16
2014-04-30 11:21,255,271,-16
2014-04-30 11:22,253,269,-16
2014-04-30 11:23,252,268,-16
2014-04-30 11:24,250,266,-16
2014-04-30 11:25,249,265,-16
2014-04-30 11:26,248,263,-15
2014-04-30 11:27,246,262,-16
2014-04-30 11:28,246,260,-14
2014-04-30 11:29,244,259,-15
2014-04-30 11:30,243,257,-14
2014-04-30 11:31,242,256,-14
2014-04-30 11:32,241,254,-13
2014-04-30 11:33,240,253,-13
2014-04-30 11:34,238,251,-13
2014-04-30 11:35,237,250,-13
2014-04-30 11:36,236,248,-12
2014-04-30 11:37,234,247,-13
2014-04-30 11:38,233,245,-12
2014-04-30 11:39,232,244,-12
2014-04-30 11:40,231,242,-11
2014-04-30 11:41,229,241,-12
2014-04-30 11:42,228,239,-11
2014-04-30 11:43,227,238,-11
2014-04-30 11:44,226,236,-10
2014-04-30 11:45,225,235,-10
2014-04-30 11:46,224,233,-9
2014-04-30 11:47,222,232,-10
2014-04-30 11:48,221,230,-9
2014-04-30 11:49,220,229,-9
2014-04-30 11:50,219,227,-8
2014-04-30 11:51,217,226,-9
2014-04-30 11:52,216,224,-8
2014-04-30 11:53,216,223,-7
2014-04-30 11:54,214,221,-7
2014-04-30 11:55,213,220,-7
2014-04-30 11:56,212,218,-6
2014-04-30 11:57,211,217,-6
2014-04-30 11:58,209,215,-6
2014-04-30 11:59,208,214,-6
2014-04-30 12:00,207,212,-5
2014-04-30 12:01,206,211,-5
2014-04-30 12:02,205,209,-4
2014-04-30 12:03,204,208,-4
2014-04-30 12:04,203,207,-4
2014-04-30 12:05,202,205,-3
2014-04-30 12:06,201,204,-3
2014-04-30 12:07,200,202,-2
2014-04-30 12:08,199,201,-2
2014-04-30 12:09,197,200,-3
2014-04-30 12:10,196,198,-2
2014-04-30 12:11,195,197,-2
2014-04-30 12:12,194,195,-1
2014-04-30 12:13,193,194,-1
2014-04-30 12:14,192,193,-1
2014-04-30 12:15,191,191,0
2014-04-30 12:16,190,190,0
2014-04-30 12:17,189,189,0
2014-04-30 12:18,188,187,1
2014-04-30 12:19,187,186,1
2014-04-30 12:20,186,184,2
2014-04-30 12:21,185,183,2
2014-04-30 12:22,184,182,2
2014-04-30 12:23,183,181,2
2014-04-30 12:24,182,179,3
2014-04-30 12:25,181,178,3
2014-04-30 12:26,179,177,2
2014-04-30 12:27,179,175,4
2014-04-30 12:28,177,174,3
2014-04-30 12:29,176,173,3
2014-04-30 12:30,175,172,3
2014-04-30 12:31,174,170,4
2014-04-30 12:32,174,169,5
2014-04-30 12:33,172,168,4
2014-04-30 12:34,171,167,4
2014-04-30 12:35,170,166,4
2014-04-30 12:36,169,164,5
2014-04-30 12:37,168,163,5
2014-04-30 12:38,167,162,5
2014-04-30 12:39,167,161,6
2014-04-30 12:40,165,160,5
2014-04-30 12:41,165,159,6
2014-04-30 12:42,163,157,6
2014-04-30 12:43,162,156,6
2014-04-30 12:44,161,155,6
2014-04-30 12:45,160,154,6
2014-04-30 12:46,159,153,6
2014-04-30 12:47,158,152,6
2014-04-30 12:48,157,151,6
2014-04-30 12:49,157,150,7
2014-04-30 12:50,155,149,6
2014-04-30 12:51,154,148,6
2014-04-30 12:52,154,147,7
2014-04-30 12:53,153,146,7
2014-04-30 12:54,152,145,7
2014-04-30 12:55,150,144,6
2014-04-30 12:56,150,143,7
2014-04-30 12:57,149,142,7
2014-04-30 12:58,148,141,7
2014-04-30 12:59,148,140,8
2014-04-30 13:00,146,139,7
2014-04-30 13:01,146,138,8
2014-04-30 13:02,145,138,7
2014-04-30 13:03,144,137,7
2014-04-30 13:04,142,136,6
2014-04-30 13:05,142,135,7
2014-04-30 13:06,141,134,7
2014-04-30 13:07,140,133,7
2014-04-30 13:08,139,133,6
2014-04-30 13:09,138,132,6
2014-04-30 13:10,137,131,6
2014-04-30 13:11,136,130,6
2014-04-30 13:12,135,130,5
2014-04-30 13:13,134,129,5
2014-04-30 13:14,133,128,5
2014-04-30 13:15,132,127,5
2014-04-30 13:16,132,127,5
2014-04-30 13:17,131,126,5
2014-04-30 13:18,131,125,6
2014-04-30 13:19,129,125,4
2014-04-30 13:20,129,124,5
2014-04-30 13:21,128,124,4
2014-04-30 13:22,127,123,4
2014-04-30 13:23,126,122,4
2014-04-30 13:24,125,122,3
2014-04-30 13:25,124,121,3
2014-04-30 13:26,123,121,2
2014-04-30 13:27,123,120,3
2014-04-30 13:28,122,120,2
2014-04-30 13:29,120,119,1
2014-04-30 13:30,120,119,1
2014-04-30 13:31,119,118,1
2014-04-30 13:32,118,118,0
2014-04-30 13:33,117,118,-1
2014-04-30 13:34,116,117,-1
2014-04-30 13:35,116,117,-1
2014-04-30 13:36,115,116,-1
2014-04-30 13:37,114,116,-2
2014-04-30 13:38,114,116,-2
2014-04-30 13:39,112,115,-3
2014-04-30 13:40,112,115,-3
2014-04-30 13:41,111,115,-4
2014-04-30 13:42,110,114,-4
2014-04-30 13:43,109,114,-5
2014-04-30 13:44,109,114,-5
2014-04-30 13:45,108,114,-6
2014-04-30 13:46,107,113,-6
2014-04-30 13:47,106,113,-7
2014-04-30 13:48,106,113,-7
2014-04-30 13:49,105,113,-8
2014-04-30 13:50,104,113,-9
2014-04-30 13:51,103,113,-10
2014-04-30 13:52,102,113,-11
2014-04-30 13:53,102,112,-10
2014-04-30 13:54,101,112,-11
2014-04-30 13:55,100,112,-12
2014-04-30 13:56,100,112,-12
2014-04-30 13:57,99,112,-13
2014-04-30 13:58,99,112,-13
2014-04-30 13:59,98,112,-14
2014-04-30 14:00,97,112,-15
2014-04-30 14:01,97,112,-15
2014-04-30 14:02,97,112,-15
2014-04-30 14:03,96,112,-16
2014-04-30 14:04,95,113,-18
2014-04-30 14:05,95,113,-18
2014-04-30 14:06,95,113,-18
2014-04-30 14:07,94,113,-19
2014-04-30 14:08,94,113,-19
2014-04-30 14:09,94,113,-19
2014-04-30 14:10,93,113,-20
2014-04-30 14:11,93,114,-21
2014-04-30 14:12,93,114,-21
2014-04-30 14:13,93,114,-21
2014-04-30 14:14,93,114,-21
2014-04-30 14:15,92,115,-23
2014-04-30 14:16,93,115,-22
2014-04-30 14:17,93,115,-22
2014-04-30 14:18,94,116,-22
2014-04-30 14:19,94,116,-22
2014-04-30 14:20,95,116,-21
2014-04-30 14:21,96,117,-21
2014-04-30 14:22,96,117,-21
2014-04-30 14:23,97,118,-21
2014-04-30 14:24,98,118,-20
2014-04-30 14:25,100,119,-19
2014-04-30 14:26,102,119,-17
2014-04-30 14:27,104,120,-16
2014-04-30 14:28,106,120,-14
2014-04-30 14:29,108,121,-13
2014-04-30 14:30,110,121,-11
2014-04-30 14:31,113,122,-9
2014-04-30 14:32,115,123,-8
2014-04-30 14:33,117,123,-6
2014-04-30 14:34,120,124,-4
2014-04-30 14:35,122,125,-3
2014-04-30 14:36,125,125,0
2014-04-30 14:37,127,126,1
2014-04-30 14:38,130,127,3
2014-04-30 14:39,132,127,5
2014-04-30 14:40,134,128,6
2014-04-30 14:41,137,129,8
2014-04-30 14:42,139,130,9
2014-04-30 14:43,141,131,10
2014-04-30 14:44,143,132,11
2014-04-30 14:45,146,132,14
2014-04-30 14:46,148,133,15
2014-04-30 14:47,149,134,15
2014-04-30 14:48,151,135,16
2014-04-30 14:49,153,136,17
2014-04-30 14:50,155,137,18
2014-04-30 14:51,157,138,19
2014-04-30 14:52,159,139,20
2014-04-30 14:53,160,140,20
2014-04-30 14:54,161,141,20
2014-04-30 14:55,163,142,21
2014-04-30 14:56,165,143,22
2014-04-30 14:57,167,145,22
2014-04-30 14:58,168,146,22
2014-04-30 14:59,169,147,22
2014-04-30 15:00,171,148,23
2014-04-30 15:01,172,149,23
2014-04-30 15:02,173,151,22
2014-04-30 15:03,174,152,22
2014-04-30 15:04,175,153,22
2014-04-30 15:05,177,154,23
2014-04-30 15:06,179,156,23
2014-04-30 15:07,180,157,23
2014-04-30 15:08,181,159,22
2014-04-30 15:09,182,160,22
2014-04-30 15:10,183,161,22
2014-04-30 15:11,184,163,21
2014-04-30 15:12,186,164,22
2014-04-30 15:13,187,166,21
2014-04-30 15:14,188,167,21
2014-04-30 15:15,189,169,20
2014-04-30 15:16,191,170,21
2014-04-30 15:17,192,172,20
2014-04-30 15:18,192,174,18
2014-04-30 15:19,193,175,18
2014-04-30 15:20,194,177,17
2014-04-30 15:21,195,178,17
2014-04-30 15:22,197,180,17
2014-04-30 15:23,198,182,16
2014-04-30 15:24,199,184,15
2014-04-30 15:25,200,185,15
2014-04-30 15:26,201,187,14
2014-04-30 15:27,202,189,13
2014-04-30 15:28,203,191,12
2014-04-30 15:29,204,193,11
2014-04-30 15:30,205,195,10
2014-04-30 15:31,207,196,11
2014-04-30 15:32,208,198,10
2014-04-30 15:33,209,200,9
2014-04-30 15:34,211,202,9
2014-04-30 15:35,212,204,8
2014-04-30 15:36,214,206,8
2014-04-30 15:37,215,208,7
2014-04-30 15:38,217,210,7
2014-04-30 15:39,219,212,7
2014-04-30 15:40,221,214,7
2014-04-30 15:41,222,217,5
2014-04-30 15:42,224,219,5
2014-04-30 15:43,226,221,5
2014-04-30 15:44,227,223,4
2014-04-30 15:45,229,225,4
2014-04-30 15:46,231,228,3
2014-04-30 15:47,233,230,3
2014-04-30 15:48,235,232,3
2014-04-30 15:49,237,234,3
2014-04-30 15:50,238,237,1
2014-04-30 15:51,240,239,1
2014-04-30 15:52,242,241,1
2014-04-30 15:53,244,244,0
2014-04-30 15:54,246,246,0
2014-04-30 15:55,248,249,-1
2014-04-30 15:56,250,251,-1
2014-04-30 15:57,251,253,-2
2014-04-30 15:58,253,256,-3
2014-04-30 15:59,256,258,-2
2014-04-30 16:00,258,261,-3
2014-04-30 16:01,260,263,-3
2014-04-30 16:02,262,266,-4
2014-04-30 16:03,264,269,-5
2014-04-30 16:04,266,271,-5
2014-04-30 16:05,269,274,-5
2014-04-30 16:06,271,276,-5
2014-04-30 16:07,273,279,-6
2014-04-30 16:08,276,282,-6
2014-04-30 16:09,278,284,-6
2014-04-30 16:10,281,287,-6
2014-04-30 16:11,283,290,-7
2014-04-30 16:12,285,292,-7
2014-04-30 16:13,288,295,-7
2014-04-30 16:14,291,298,-7
2014-04-30 16:15,294,301,-7
2014-04-30 16:16,297,304,-7
2014-04-30 16:17,299,306,-7
2014-04-30 16:18,302,309,-7
2014-04-30 16:19,305,312,-7
2014-04-30 16:20,308,315,-7
2014-04-30 16:21,311,318,-7
2014-04-30 16:22,314,321,-7
2014-04-30 16:23,317,324,-7
2014-04-30 16:24,321,326,-5
2014-04-30 16:25,324,329,-5
2014-04-30 16:26,327,332,-5
2014-04-30 16:27,331,335,-4
2014-04-30 16:28,334,338,-4
2014-04-30 16:29,337,341,-4
2014-04-30 16:30,340,344,-4
2014-04-30 16:31,343,347,-4
2014-04-30 16:32,347,350,-3
2014-04-30 16:33,350,353,-3
2014-04-30 16:34,352,356,-4
2014-04-30 16:35,355,359,-4
2014-04-30 16:36,358,362,-4
2014-04-30 16:37,361,365,-4
2014-04-30 16:38,364,368,-4
2014-04-30 16:39,367,371,-4
2014-04-30 16:40,370,374,-4
2014-04-30 16:41,373,377,-4
2014-04-30 16:42,376,381,-5
2014-04-30 16:43,379,384,-5
2014-04-30 16:44,382,387,-5
2014-04-30 16:45,385,390,-5
2014-04-30 16:46,387,393,-6
2014-04-30 16:47,390,396,-6
2014-04-30 16:48,393,399,-6
2014-04-30 16:49,396,402,-6
2014-04-30 16:50,398,405,-7
2014-04-30 16:51,401,408,-7
2014-04-30 16:52,404,411,-7
2014-04-30 16:53,407,415,-8
2014-04-30 16:54,410,418,-8
2014-04-30 16:55,412,421,-9
2014-04-30 16:56,415,424,-9
2014-04-30 16:57,418,427,-9
2014-04-30 16:58,421,430,-9
2014-04-30 16:59,424,433,-9
2014-04-30 17:00,427,436,-9
2014-04-30 17:01,430,439,-9
2014-04-30 17:02,432,442,-10
2014-04-30 17:03,436,445,-9
2014-04-30 17:04,438,449,-11
2014-04-30 17:05,441,452,-11
2014-04-30 17:06,445,455,-10
2014-04-30 17:07,448,458,-10
2014-04-30 17:08,450,461,-11
2014-04-30 17:09,453,464,-11
2014-04-30 17:10,457,467,-10
2014-04-30 17:11,459,470,-11
2014-04-30 17:12,462,473,-11
2014-04-30 17:13,465,476,-11
2014-04-30 17:14,468,479,-11
2014-04-30 17:15,471,482,-11
2014-04-30 17:16,474,485,-11
2014-04-30 17:17,476,488,-12
2014-04-30 17:18,479,491,-12
2014-04-30 17:19,482,494,-12
2014-04-30 17:20,485,497,-12
2014-04-30 17:21,488,499,-11
2014-04-30 17:22,491,502,-11
2014-04-30 17:23,494,505,-11
2014-04-30 17:24,497,508,-11
2014-04-30 17:25,500,511,-11
2014-04-30 17:26,502,514,-12
2014-04-30 17:27,505,516,-11
2014-04-30 17:28,508,519,-11
2014-04-30 17:29,511,522,-11
2014-04-30 17:30,513,525,-12
2014-04-30 17:31,516,527,-11
2014-04-30 17:32,519,530,-11
2014-04-30 17:33,522,533,-11
2014-04-30 17:34,524,536,-12
2014-04-30 17:35,527,538,-11
2014-04-30 17:36,529,541,-12
2014-04-30 17:37,532,543,-11
2014-04-30 17:38,534,546,-12
2014-04-30 17:39,537,548,-11
2014-04-30 17:40,540,551,-11
2014-04-30 17:41,542,554,-12
2014-04-30 17:42,545,556,-11
2014-04-30 17:43,547,558,-11
2014-04-30 17:44,549,561,-12
2014-04-30 17:45,551,563,-12
2014-04-30 17:46,554,566,-12
2014-04-30 17:47,557,568,-11
2014-04-30 17:48,559,570,-11
2014-04-30 17:49,561,573,-12
2014-04-30 17:50,563,575,-12
2014-04-30 17:51,565,577,-12
2014-04-30 17:52,568,579,-11
2014-04-30 17:53,570,581,-11
2014-04-30 17:54,572,583,-11
2014-04-30 17:55,575,586,-11
2014-04-30 17:56,577,588,-11
2014-04-30 17:57,579,590,-11
2014-04-30 17:58,582,592,-10
2014-04-30 17:59,584,594,-10
2014-04-30 18:00,587,596,-9
2014-04-30 18:01,589,598,-9
2014-04-30 18:02,591,599,-8
2014-04-30 18:03,593,601,-8
2014-04-30 18:04,596,603,-7
2014-04-30 18:05,597,605,-8
2014-04-30 18:06,599,607,-8
2014-04-30 18:07,602,608,-6
2014-04-30 18:08,604,610,-6
2014-04-30 18:09,606,612,-6
2014-04-30 18:10,608,613,-5
2014-04-30 18:11,610,615,-5
2014-04-30 18:12,612,616,-4
2014-04-30 18:13,614,618,-4
2014-04-30 18:14,616,619,-3
2014-04-30 18:15,617,621,-4
2014-04-30 18:16,618,622,-4
2014-04-30 18:17,620,623,-3
2014-04-30 18:18,621,625,-4
2014-04-30 18:19,623,626,-3
2014-04-30 18:20,624,627,-3
2014-04-30 18:21,626,628,-2
2014-04-30 18:22,628,629,-1
2014-04-30 18:23,629,630,-1
2014-04-30 18:24,630,631,-1
2014-04-30 18:25,632,633,-1
2014-04-30 18:26,633,633,0
2014-04-30 18:27,634,634,0
2014-04-30 18:28,636,635,1
2014-04-30 18:29,637,636,1
2014-04-30 18:30,638,637,1
2014-04-30 18:31,639,638,1
2014-04-30 18:32,640,639,1
2014-04-30 18:33,641,639,2
2014-04-30 18:34,642,640,2
2014-04-30 18:35,643,641,2
2014-04-30 18:36,644,641,3
2014-04-30 18:37,645,642,3
2014-04-30 18:38,645,642,3
2014-04-30 18:39,646,643,3
2014-04-30 18:40,647,643,4
2014-04-30 18:41,648,644,4
2014-04-30 18:42,648,644,4
2014-04-30 18:43,649,644,5
2014-04-30 18:44,649,644,5
2014-04-30 18:45,650,645,5
2014-04-30 18:46,650,645,5
2014-04-30 18:47,650,645,5
2014-04-30 18:48,651,645,6
2014-04-30 18:49,651,645,6
2014-04-30 18:50,651,645,6
2014-04-30 18:51,651,645,6
2014-04-30 18:52,652,645,7
2014-04-30 18:53,652,645,7
2014-04-30 18:54,652,645,7
2014-04-30 18:55,652,645,7
2014-04-30 18:56,652,645,7
2014-04-30 18:57,652,645,7
2014-04-30 18:58,651,644,7
2014-04-30 18:59,651,644,7
2014-04-30 19:00,650,644,6
2014-04-30 19:01,650,643,7
2014-04-30 19:02,650,643,7
2014-04-30 19:03,649,642,7
2014-04-30 19:04,649,642,7
2014-04-30 19:05,648,641,7
2014-04-30 19:06,648,641,7
2014-04-30 19:07,647,640,7
2014-04-30 19:08,647,640,7
2014-04-30 19:09,646,639,7
2014-04-30 19:10,646,638,8
2014-04-30 19:11,646,638,8
2014-04-30 19:12,645,637,8
2014-04-30 19:13,644,636,8
2014-04-30 19:14,643,635,8
2014-04-30 19:15,642,634,8
2014-04-30 19:16,641,633,8
2014-04-30 19:17,640,632,8
2014-04-30 19:18,639,632,7
2014-04-30 19:19,638,631,7
2014-04-30 19:20,637,630,7
2014-04-30 19:21,636,628,8
2014-04-30 19:22,635,627,8
2014-04-30 19:23,634,626,8
2014-04-30 19:24,633,625,8
2014-04-30 19:25,632,624,8
2014-04-30 19:26,630,623,7
2014-04-30 19:27,629,622,7
2014-04-30 19:28,628,620,8
2014-04-30 19:29,626,619,7
2014-04-30 19:30,625,618,7
2014-04-30 19:31,624,616,8
2014-04-30 19:32,622,615,7
2014-04-30 19:33,621,614,7
2014-04-30 19:34,620,612,8
2014-04-30 19:35,618,611,7
2014-04-30 19:36,617,609,8
2014-04-30 19:37,616,608,8
2014-04-30 19:38,614,606,8
2014-04-30 19:39,613,605,8
2014-04-30 19:40,611,603,8
2014-04-30 19:41,609,602,7
2014-04-30 19:42,608,600,8
2014-04-30 19:43,606,599,7
2014-04-30 19:44,604,597,7
2014-04-30 19:45,603,595,8
2014-04-30 19:46,601,594,7
2014-04-30 19:47,600,592,8
2014-04-30 19:48,598,590,8
2014-04-30 19:49,597,589,8
2014-04-30 19:50,595,587,8
2014-04-30 19:51,594,585,9
2014-04-30 19:52,592,583,9
2014-04-30 19:53,590,582,8
2014-04-30 19:54,589,580,9
2014-04-30 19:55,588,578,10
2014-04-30 19:56,586,576,10
2014-04-30 19:57,585,574,11
2014-04-30 19:58,583,573,10
2014-04-30 19:59,582,571,11
2014-04-30 20:00,580,569,11
2014-04-30 20:01,579,567,12
2014-04-30 20:02,578,565,13
2014-04-30 20:03,576,563,13
2014-04-30 20:04,574,561,13
2014-04-30 20:05,572,559,13
2014-04-30 20:06,570,557,13
2014-04-30 20:07,569,556,13
2014-04-30 20:08,567,554,13
2014-04-30 20:09,566,552,14
2014-04-30 20:10,564,550,14
2014-04-30 20:11,562,548,14
2014-04-30 20:12,560,546,14
2014-04-30 20:13,559,544,15
2014-04-30 20:14,557,542,15
2014-04-30 20:15,555,540,15
2014-04-30 20:16,554,538,16
2014-04-30 20:17,552,536,16
2014-04-30 20:18,549,534,15
2014-04-30 20:19,548,532,16
2014-04-30 20:20,546,530,16
2014-04-30 20:21,544,528,16
2014-04-30 20:22,543,526,17
2014-04-30 20:23,540,524,16
2014-04-30 20:24,539,522,17
2014-04-30 20:25,537,520,17
2014-04-30 20:26,535,518,17
2014-04-30 20:27,533,516,17
2014-04-30 20:28,531,514,17
2014-04-30 20:29,529,512,17
2014-04-30 20:30,527,510,17
2014-04-30 20:31,525,508,17
2014-04-30 20:32,523,506,17
2014-04-30 20:33,521,504,17
2014-04-30 20:34,519,502,17
2014-04-30 20:35,517,500,17
2014-04-30 20:36,515,498,17
2014-04-30 20:37,513,496,17
2014-04-30 20:38,511,494,17
2014-04-30 20:39,509,492,17
2014-04-30 20:40,507,490,17
2014-04-30 20:41,505,488,17
2014-04-30 20:42,503,486,17
2014-04-30 20:43,501,484,17
2014-04-30 20:44,499,482,17
2014-04-30 20:45,497,480,17
2014-04-30 20:46,496,478,18
2014-04-30 20:47,493,476,17
2014-04-30 20:48,491,474,17
2014-04-30 20:49,490,472,18
2014-04-30 20:50,488,470,18
2014-04-30 20:51,486,468,18
2014-04-30 20:52,484,467,17
2014-04-30 20:53,482,465,17
2014-04-30 20:54,480,463,17
2014-04-30 20:55,478,461,17
2014-04-30 20:56,476,459,17
2014-04-30 20:57,474,457,17
2014-04-30 20:58,472,455,17
2014-04-30 20:59,470,453,17
2014-04-30 21:00,468,452,16
2014-04-30 21:01,467,450,17
2014-04-30 21:02,465,448,17
2014-04-30 21:03,463,446,17
2014-04-30 21:04,461,444,17
2014-04-30 21:05,459,443,16
2014-04-30 21:06,457,441,16
2014-04-30 21:07,455,439,16
2014-04-30 21:08,453,437,16
2014-04-30 21:09,451,436,15
2014-04-30 21:10,449,434,15
2014-04-30 21:11,447,432,15
2014-04-30 21:12,445,430,15
2014-04-30 21:13,443,429,14
2014-04-30 21:14,442,427,15
2014-04-30 21:15,440,425,15
2014-04-30 21:16,438,424,14
2014-04-30 21:17,436,422,14
2014-04-30 21:18,434,420,14
2014-04-30 21:19,432,419,13
2014-04-30 21:20,430,417,13
2014-04-30 21:21,429,415,14
2014-04-30 21:22,427,414,13
2014-04-30 21:23,425,412,13
2014-04-30 21:24,423,411,12
2014-04-30 21:25,421,409,12
2014-04-30 21:26,419,408,11
2014-04-30 21:27,418,406,12
2014-04-30 21:28,416,404,12
2014-04-30 21:29,414,403,11
2014-04-30 21:30,412,401,11
2014-04-30 21:31,411,400,11
2014-04-30 21:32,409,398,11
2014-04-30 21:33,407,397,10
2014-04-30 21:34,405,395,10
2014-04-30 21:35,404,394,10
2014-04-30 21:36,402,392,10
2014-04-30 21:37,400,391,9
2014-04-30 21:38,399,389,10
2014-04-30 21:39,397,388,9
2014-04-30 21:40,395,387,8
2014-04-30 21:41,393,385,8
2014-04-30 21:42,392,384,8
2014-04-30 21:43,390,382,8
2014-04-30 21:44,389,381,8
2014-04-30 21:45,387,380,7
2014-04-30 21:46,385,378,7
2014-04-30 21:47,383,377,6
2014-04-30 21:48,381,376,5
2014-04-30 21:49,380,374,6
2014-04-30 21:50,378,373,5
2014-04-30 21:51,376,371,5
2014-04-30 21:52,375,370,5
2014-04-30 21:53,373,369,4
2014-04-30 21:54,372,368,4
2014-04-30 21:55,370,366,4
2014-04-30 21:56,368,365,3
2014-04-30 21:57,367,364,3
2014-04-30 21:58,365,362,3
2014-04-30 21:59,363,361,2
2014-04-30 22:00,361,360,1
2014-04-30 22:01,360,358,2
2014-04-30 22:02,358,357,1
2014-04-30 22:03,357,356,1
2014-04-30 22:04,355,355,0
2014-04-30 22:05,354,353,1
2014-04-30 22:06,353,352,1
2014-04-30 22:07,350,351,-1
2014-04-30 22:08,349,350,-1
2014-04-30 22:09,348,349,-1
2014-04-30 22:10,346,347,-1
2014-04-30 22:11,344,346,-2
2014-04-30 22:12,343,345,-2
2014-04-30 22:13,341,344,-3
2014-04-30 22:14,340,342,-2
2014-04-30 22:15,338,341,-3
2014-04-30 22:16,337,340,-3
2014-04-30 22:17,335,339,-4
2014-04-30 22:18,333,338,-5
2014-04-30 22:19,332,336,-4
2014-04-30 22:20,330,335,-5
2014-04-30 22:21,329,334,-5
2014-04-30 22:22,327,333,-6
2014-04-30 22:23,325,332,-7
2014-04-30 22:24,324,330,-6
2014-04-30 22:25,322,329,-7
2014-04-30 22:26,321,328,-7
2014-04-30 22:27,319,327,-8
2014-04-30 22:28,318,326,-8
2014-04-30 22:29,316,324,-8
2014-04-30 22:30,315,323,-8
2014-04-30 22:31,313,322,-9
2014-04-30 22:32,312,321,-9
2014-04-30 22:33,310,320,-10
2014-04-30 22:34,308,319,-11
2014-04-30 22:35,307,317,-10
2014-04-30 22:36,306,316,-10
2014-04-30 22:37,304,315,-11
2014-04-30 22:38,302,314,-12
2014-04-30 22:39,301,313,-12
2014-04-30 22:40,300,311,-11
2014-04-30 22:41,298,310,-12
2014-04-30 22:42,297,309,-12
2014-04-30 22:43,296,308,-12
2014-04-30 22:44,294,307,-13
2014-04-30 22:45,292,305,-13
2014-04-30 22:46,291,304,-13
2014-04-30 22:47,289,303,-14
2014-04-30 22:48,288,302,-14
2014-04-30 22:49,287,301,-14
2014-04-30 22:50,285,299,-14
2014-04-30 22:51,284,298,-14
2014-04-30 22:52,283,297,-14
2014-04-30 22:53,281,296,-15
2014-04-30 22:54,280,294,-14
2014-04-30 22:55,278,293,-15
2014-04-30 22:56,277,292,-15
2014-04-30 22:57,275,291,-16
2014-04-30 22:58,274,290,-16
2014-04-30 22:59,273,288,-15
2014-04-30 23:00,271,287,-16
2014-04-30 23:01,270,286,-16
2014-04-30 23:02,269,285,-16
2014-04-30 23:03,267,283,-16
2014-04-30 23:04,266,282,-16
2014-04-30 23:05,264,281,-17
2014-04-30 23:06,263,279,-16
2014-04-30 23:07,262,278,-16
2014-04-30 23:08,261,277,-16
2014-04-30 23:09,259,276,-17
2014-04-30 23:10,258,274,-16
2014-04-30 23:11,257,273,-16
2014-04-30 23:12,255,272,-17
2014-04-30 23:13,254,270,-16
2014-04-30 23:14,253,269,-16
2014-04-30 23:15,252,268,-16
2014-04-30 23:16,250,267,-17
2014-04-30 23:17,249,265,-16
2014-04-30 23:18,247,264,-17
2014-04-30 23:19,246,263,-17
2014-04-30 23:20,245,261,-16
2014-04-30 23:21,244,260,-16
2014-04-30 23:22,242,259,-17
2014-04-30 23:23,241,257,-16
2014-04-30 23:24,240,256,-16
2014-04-30 23:25,238,255,-17
2014-04-30 23:26,237,253,-16
2014-04-30 23:27,236,252,-16
2014-04-30 23:28,234,250,-16
2014-04-30 23:29,233,249,-16
2014-04-30 23:30,232,248,-16
2014-04-30 23:31,230,246,-16
2014-04-30 23:32,229,245,-16
2014-04-30 23:33,228,244,-16
2014-04-30 23:34,227,242,-15
2014-04-30 23:35,226,241,-15
2014-04-30 23:36,224,239,-15
2014-04-30 23:37,223,238,-15
2014-04-30 23:38,222,237,-15
2014-04-30 23:39,221,235,-14
2014-04-30 23:40,219,234,-15
2014-04-30 23:41,218,233,-15
2014-04-30 23:42,217,231,-14
2014-04-30 23:43,216,230,-14
2014-04-30 23:44,214,228,-14
2014-04-30 23:45,213,227,-14
2014-04-30 23:46,212,226,-14
2014-04-30 23:47,211,224,-13
2014-04-30 23:48,210,223,-13
2014-04-30 23:49,208,221,-13
2014-04-30 23:50,207,220,-13
2014-04-30 23:51,206,218,-12
2014-04-30 23:52,205,217,-12
2014-04-30 23:53,204,216,-12
2014-04-30 23:54,203,214,-11
2014-04-30 23:55,202,213,-11
2014-04-30 23:56,200,211,-11
2014-04-30 23:57,200,210,-10
2014-04-30 23:58,198,209,-11
2014-04-30 23:59,197,207,-10
2014-05-01 0:00,196,206,-10
2014-05-01 0:01,195,204,-9
2014-05-01 0:02,194,203,-9
2014-05-01 0:03,193,201,-8
2014-05-01 0:04,192,200,-8
2014-05-01 0:05,191,199,-8
2014-05-01 0:06,190,197,-7
2014-05-01 0:07,189,196,-7
2014-05-01 0:08,188,194,-6
2014-05-01 0:09,187,193,-6
2014-05-01 0:10,185,192,-7
2014-05-01 0:11,185,190,-5
2014-05-01 0:12,184,189,-5
2014-05-01 0:13,182,187,-5
2014-05-01 0:14,181,186,-5
2014-05-01 0:15,180,185,-5
2014-05-01 0:16,179,183,-4
2014-05-01 0:17,178,182,-4
2014-05-01 0:18,177,180,-3
2014-05-01 0:19,176,179,-3
2014-05-01 0:20,175,178,-3
2014-05-01 0:21,174,176,-2
2014-05-01 0:22,173,175,-2
2014-05-01 0:23,172,174,-2
2014-05-01 0:24,171,172,-1
2014-05-01 0:25,170,171,-1
2014-05-01 0:26,169,170,-1
2014-05-01 0:27,168,168,0
2014-05-01 0:28,167,167,0
2014-05-01 0:29,166,166,0
2014-05-01 0:30,165,164,1
2014-05-01 0:31,164,163,1
2014-05-01 0:32,163,162,1
2014-05-01 0:33,162,160,2
2014-05-01 0:34,161,159,2
2014-05-01 0:35,160,158,2
2014-05-01 0:36,159,156,3
2014-05-01 0:37,158,155,3
2014-05-01 0:38,157,154,3
2014-05-01 0:39,156,153,3
2014-05-01 0:40,155,151,4
2014-05-01 0:41,154,150,4
2014-05-01 0:42,153,149,4
2014-05-01 0:43,152,148,4
2014-05-01 0:44,151,146,5
2014-05-01 0:45,150,145,5
2014-05-01 0:46,149,144,5
2014-05-01 0:47,148,143,5
2014-05-01 0:48,147,142,5
2014-05-01 0:49,147,140,7
2014-05-01 0:50,145,139,6
2014-05-01 0:51,144,138,6
2014-05-01 0:52,143,137,6
2014-05-01 0:53,142,136,6
2014-05-01 0:54,141,135,6
2014-05-01 0:55,140,134,6
2014-05-01 0:56,139,133,6
2014-05-01 0:57,138,131,7
2014-05-01 0:58,137,130,7
2014-05-01 0:59,136,129,7
2014-05-01 1:00,135,128,7
2014-05-01 1:01,134,127,7
2014-05-01 1:02,133,126,7
2014-05-01 1:03,132,125,7
2014-05-01 1:04,131,124,7
2014-05-01 1:05,129,123,6
2014-05-01 1:06,128,122,6
2014-05-01 1:07,128,121,7
2014-05-01 1:08,126,120,6
2014-05-01 1:09,125,119,6
2014-05-01 1:10,125,118,7
2014-05-01 1:11,124,117,7
2014-05-01 1:12,123,116,7
2014-05-01 1:13,123,116,7
2014-05-01 1:14,122,115,7
2014-05-01 1:15,121,114,7
2014-05-01 1:16,120,113,7
2014-05-01 1:17,119,112,7
2014-05-01 1:18,118,111,7
2014-05-01 1:19,118,110,8
2014-05-01 1:20,117,110,7
2014-05-01 1:21,116,109,7
2014-05-01 1:22,115,108,7
2014-05-01 1:23,114,107,7
2014-05-01 1:24,113,107,6
2014-05-01 1:25,112,106,6
2014-05-01 1:26,111,105,6
2014-05-01 1:27,111,104,7
2014-05-01 1:28,110,104,6
2014-05-01 1:29,110,103,7
2014-05-01 1:30,109,102,7
2014-05-01 1:31,108,102,6
2014-05-01 1:32,106,101,5
2014-05-01 1:33,106,101,5
2014-05-01 1:34,105,100,5
2014-05-01 1:35,104,99,5
2014-05-01 1:36,103,99,4
2014-05-01 1:37,103,98,5
2014-05-01 1:38,102,98,4
2014-05-01 1:39,101,97,4
2014-05-01 1:40,100,97,3
2014-05-01 1:41,99,96,3
2014-05-01 1:42,98,96,2
2014-05-01 1:43,97,95,2
2014-05-01 1:44,97,95,2
2014-05-01 1:45,96,95,1
2014-05-01 1:46,95,94,1
2014-05-01 1:47,94,94,0
2014-05-01 1:48,94,93,1
2014-05-01 1:49,93,93,0
2014-05-01 1:50,92,93,-1
2014-05-01 1:51,92,92,0
2014-05-01 1:52,91,92,-1
2014-05-01 1:53,90,92,-2
2014-05-01 1:54,89,92,-3
2014-05-01 1:55,88,91,-3
2014-05-01 1:56,88,91,-3
2014-05-01 1:57,87,91,-4
2014-05-01 1:58,86,91,-5
2014-05-01 1:59,85,91,-6
2014-05-01 2:00,84,90,-6
2014-05-01 2:01,83,90,-7
2014-05-01 2:02,83,90,-7
2014-05-01 2:03,82,90,-8
2014-05-01 2:04,81,90,-9
2014-05-01 2:05,81,90,-9
2014-05-01 2:06,80,90,-10
2014-05-01 2:07,80,90,-10
2014-05-01 2:08,79,90,-11
2014-05-01 2:09,78,90,-12
2014-05-01 2:10,78,90,-12
2014-05-01 2:11,77,90,-13
2014-05-01 2:12,76,90,-14
2014-05-01 2:13,76,90,-14
2014-05-01 2:14,75,90,-15
2014-05-01 2:15,75,90,-15
2014-05-01 2:16,74,90,-16
2014-05-01 2:17,74,91,-17
2014-05-01 2:18,73,91,-18
2014-05-01 2:19,73,91,-18
2014-05-01 2:20,73,91,-18
2014-05-01 2:21,72,91,-19
2014-05-01 2:22,72,92,-20
2014-05-01 2:23,71,92,-21
2014-05-01 2:24,71,92,-21
2014-05-01 2:25,71,93,-22
2014-05-01 2:26,71,93,-22
2014-05-01 2:27,71,93,-22
2014-05-01 2:28,71,94,-23
2014-05-01 2:29,71,94,-23
2014-05-01 2:30,71,95,-24
2014-05-01 2:31,72,95,-23
2014-05-01 2:32,72,95,-23
2014-05-01 2:33,73,96,-23
2014-05-01 2:34,73,96,-23
2014-05-01 2:35,74,97,-23
2014-05-01 2:36,76,97,-21
2014-05-01 2:37,77,98,-21
2014-05-01 2:38,78,99,-21
2014-05-01 2:39,80,99,-19
2014-05-01 2:40,82,100,-18
2014-05-01 2:41,85,100,-15
2014-05-01 2:42,87,101,-14
2014-05-01 2:43,90,102,-12
2014-05-01 2:44,92,103,-11
2014-05-01 2:45,95,103,-8
2014-05-01 2:46,98,104,-6
2014-05-01 2:47,100,105,-5
2014-05-01 2:48,103,106,-3
2014-05-01 2:49,105,106,-1
2014-05-01 2:50,108,107,1
2014-05-01 2:51,110,108,2
2014-05-01 2:52,112,109,3
2014-05-01 2:53,114,110,4
2014-05-01 2:54,116,111,5
2014-05-01 2:55,118,112,6
2014-05-01 2:56,120,113,7
2014-05-01 2:57,122,114,8
2014-05-01 2:58,124,115,9
2014-05-01 2:59,125,116,9
2014-05-01 3:00,128,117,11
2014-05-01 3:01,130,118,12
2014-05-01 3:02,132,119,13
2014-05-01 3:03,134,120,14
2014-05-01 3:04,135,121,14
2014-05-01 3:05,137,122,15
2014-05-01 3:06,139,124,15
2014-05-01 3:07,141,125,16
2014-05-01 3:08,142,126,16
2014-05-01 3:09,144,127,17
2014-05-01 3:10,146,129,17
2014-05-01 3:11,147,130,17
2014-05-01 3:12,149,131,18
2014-05-01 3:13,150,133,17
2014-05-01 3:14,152,134,18
2014-05-01 3:15,153,135,18
2014-05-01 3:16,155,137,18
2014-05-01 3:17,156,138,18
2014-05-01 3:18,158,140,18
2014-05-01 3:19,159,141,18
2014-05-01 3:20,161,143,18
2014-05-01 3:21,163,144,19
2014-05-01 3:22,164,146,18
2014-05-01 3:23,166,147,19
2014-05-01 3:24,167,149,18
2014-05-01 3:25,168,151,17
2014-05-01 3:26,169,152,17
2014-05-01 3:27,171,154,17
2014-05-01 3:28,172,156,16
2014-05-01 3:29,173,157,16
2014-05-01 3:30,174,159,15
2014-05-01 3:31,176,161,15
2014-05-01 3:32,177,163,14
2014-05-01 3:33,178,165,13
2014-05-01 3:34,180,166,14
2014-05-01 3:35,181,168,13
2014-05-01 3:36,183,170,13
2014-05-01 3:37,184,172,12
2014-05-01 3:38,186,174,12
2014-05-01 3:39,187,176,11
2014-05-01 3:40,188,178,10
2014-05-01 3:41,189,180,9
2014-05-01 3:42,191,182,9
2014-05-01 3:43,192,184,8
2014-05-01 3:44,194,186,8
2014-05-01 3:45,196,188,8
2014-05-01 3:46,197,190,7
2014-05-01 3:47,199,193,6
2014-05-01 3:48,201,195,6
2014-05-01 3:49,202,197,5
2014-05-01 3:50,204,199,5
2014-05-01 3:51,206,202,4
2014-05-01 3:52,208,204,4
2014-05-01 3:53,209,206,3
2014-05-01 3:54,211,208,3
2014-05-01 3:55,213,211,2
2014-05-01 3:56,215,213,2
2014-05-01 3:57,217,216,1
2014-05-01 3:58,219,218,1
2014-05-01 3:59,221,220,1
2014-05-01 4:00,223,223,0
2014-05-01 4:01,225,225,0
2014-05-01 4:02,228,228,0
2014-05-01 4:03,230,230,0
2014-05-01 4:04,232,233,-1
2014-05-01 4:05,234,236,-2
2014-05-01 4:06,237,238,-1
2014-05-01 4:07,239,241,-2
2014-05-01 4:08,241,243,-2
2014-05-01 4:09,243,246,-3
2014-05-01 4:10,246,249,-3
2014-05-01 4:11,248,251,-3
2014-05-01 4:12,250,254,-4
2014-05-01 4:13,252,257,-5
2014-05-01 4:14,255,260,-5
2014-05-01 4:15,258,262,-4
2014-05-01 4:16,260,265,-5
2014-05-01 4:17,262,268,-6
2014-05-01 4:18,265,271,-6
2014-05-01 4:19,267,274,-7
2014-05-01 4:20,270,277,-7
2014-05-01 4:21,273,280,-7
2014-05-01 4:22,275,283,-8
2014-05-01 4:23,278,286,-8
2014-05-01 4:24,281,289,-8
2014-05-01 4:25,283,292,-9
2014-05-01 4:26,286,295,-9
2014-05-01 4:27,289,298,-9
2014-05-01 4:28,292,301,-9
2014-05-01 4:29,296,304,-8
2014-05-01 4:30,298,307,-9
2014-05-01 4:31,301,310,-9
2014-05-01 4:32,304,313,-9
2014-05-01 4:33,307,316,-9
2014-05-01 4:34,311,319,-8
2014-05-01 4:35,314,322,-8
2014-05-01 4:36,317,325,-8
2014-05-01 4:37,320,329,-9
2014-05-01 4:38,323,332,-9
2014-05-01 4:39,327,335,-8
2014-05-01 4:40,331,338,-7
2014-05-01 4:41,334,342,-8
2014-05-01 4:42,338,345,-7
2014-05-01 4:43,341,348,-7
2014-05-01 4:44,344,351,-7
2014-05-01 4:45,348,355,-7
2014-05-01 4:46,352,358,-6
2014-05-01 4:47,355,361,-6
2014-05-01 4:48,358,365,-7
2014-05-01 4:49,362,368,-6
2014-05-01 4:50,365,371,-6
2014-05-01 4:51,369,375,-6
2014-05-01 4:52,372,378,-6
2014-05-01 4:53,375,381,-6
2014-05-01 4:54,379,385,-6
2014-05-01 4:55,382,388,-6
2014-05-01 4:56,385,391,-6
2014-05-01 4:57,389,395,-6
2014-05-01 4:58,392,398,-6
2014-05-01 4:59,395,402,-7
2014-05-01 5:00,398,405,-7
2014-05-01 5:01,402,409,-7
2014-05-01 5:02,405,412,-7
2014-05-01 5:03,408,415,-7
2014-05-01 5:04,411,419,-8
2014-05-01 5:05,414,422,-8
2014-05-01 5:06,417,426,-9
2014-05-01 5:07,420,429,-9
2014-05-01 5:08,424,433,-9
2014-05-01 5:09,427,436,-9
2014-05-01 5:10,430,440,-10
2014-05-01 5:11,433,443,-10
2014-05-01 5:12,437,446,-9
2014-05-01 5:13,440,450,-10
2014-05-01 5:14,443,453,-10
2014-05-01 5:15,447,457,-10
2014-05-01 5:16,450,460,-10
2014-05-01 5:17,453,464,-11
2014-05-01 5:18,456,467,-11
2014-05-01 5:19,460,470,-10
2014-05-01 5:20,463,474,-11
2014-05-01 5:21,466,477,-11
2014-05-01 5:22,470,481,-11
2014-05-01 5:23,473,484,-11
2014-05-01 5:24,476,488,-12
2014-05-01 5:25,480,491,-11
2014-05-01 5:26,483,494,-11
2014-05-01 5:27,486,498,-12
2014-05-01 5:28,489,501,-12
2014-05-01 5:29,493,504,-11
2014-05-01 5:30,496,508,-12
2014-05-01 5:31,501,511,-10
2014-05-01 5:32,504,514,-10
2014-05-01 5:33,507,518,-11
2014-05-01 5:34,510,521,-11
2014-05-01 5:35,514,524,-10
2014-05-01 5:36,517,528,-11
2014-05-01 5:37,521,531,-10
2014-05-01 5:38,524,534,-10
2014-05-01 5:39,528,537,-9
2014-05-01 5:40,532,540,-8
2014-05-01 5:41,535,544,-9
2014-05-01 5:42,539,547,-8
2014-05-01 5:43,542,550,-8
2014-05-01 5:44,545,553,-8
2014-05-01 5:45,548,556,-8
2014-05-01 5:46,551,559,-8
2014-05-01 5:47,554,562,-8
2014-05-01 5:48,558,565,-7
2014-05-01 5:49,561,569,-8
2014-05-01 5:50,564,572,-8
2014-05-01 5:51,568,575,-7
2014-05-01 5:52,571,578,-7
2014-05-01 5:53,574,580,-6
2014-05-01 5:54,577,583,-6
2014-05-01 5:55,580,586,-6
2014-05-01 5:56,582,589,-7
2014-05-01 5:57,585,592,-7
2014-05-01 5:58,588,595,-7
2014-05-01 5:59,591,598,-7
2014-05-01 6:00,594,600,-6
2014-05-01 6:01,597,603,-6
2014-05-01 6:02,600,606,-6
2014-05-01 6:03,603,609,-6
2014-05-01 6:04,606,611,-5
2014-05-01 6:05,608,614,-6
2014-05-01 6:06,611,617,-6
2014-05-01 6:07,614,619,-5
2014-05-01 6:08,617,622,-5
2014-05-01 6:09,620,624,-4
2014-05-01 6:10,622,627,-5
2014-05-01 6:11,625,629,-4
2014-05-01 6:12,627,632,-5
2014-05-01 6:13,630,634,-4
2014-05-01 6:14,633,636,-3
2014-05-01 6:15,636,639,-3
2014-05-01 6:16,638,641,-3
2014-05-01 6:17,641,643,-2
2014-05-01 6:18,644,645,-1
2014-05-01 6:19,647,648,-1
2014-05-01 6:20,650,650,0
2014-05-01 6:21,653,652,1
2014-05-01 6:22,655,654,1
2014-05-01 6:23,658,656,2
2014-05-01 6:24,660,658,2
2014-05-01 6:25,663,660,3
2014-05-01 6:26,665,662,3
2014-05-01 6:27,667,664,3
2014-05-01 6:28,670,666,4
2014-05-01 6:29,672,667,5
2014-05-01 6:30,674,669,5
2014-05-01 6:31,675,671,4
2014-05-01 6:32,677,673,4
2014-05-01 6:33,679,674,5
2014-05-01 6:34,680,676,4
2014-05-01 6:35,682,678,4
2014-05-01 6:36,684,679,5
2014-05-01 6:37,685,681,4
2014-05-01 6:38,687,682,5
2014-05-01 6:39,689,683,6
2014-05-01 6:40,691,685,6
2014-05-01 6:41,693,686,7
2014-05-01 6:42,694,688,6
2014-05-01 6:43,695,689,6
2014-05-01 6:44,697,690,7
2014-05-01 6:45,698,691,7
2014-05-01 6:46,699,692,7
2014-05-01 6:47,700,693,7
2014-05-01 6:48,702,694,8
2014-05-01 6:49,703,695,8
2014-05-01 6:50,704,696,8
2014-05-01 6:51,705,697,8
2014-05-01 6:52,706,698,8
2014-05-01 6:53,708,699,9
2014-05-01 6:54,708,700,8
2014-05-01 6:55,709,701,8
2014-05-01 6:56,709,701,8
2014-05-01 6:57,710,702,8
2014-05-01 6:58,711,703,8
2014-05-01 6:59,712,703,9
2014-05-01 7:00,712,704,8
2014-05-01 7:01,713,704,9
2014-05-01 7:02,713,705,8
2014-05-01 7:03,714,705,9
2014-05-01 7:04,715,706,9
2014-05-01 7:05,715,706,9
2014-05-01 7:06,715,706,9
2014-05-01 7:07,715,707,8
2014-05-01 7:08,715,707,8
2014-05-01 7:09,715,707,8
2014-05-01 7:10,715,707,8
2014-05-01 7:11,716,707,9
2014-05-01 7:12,716,707,9
2014-05-01 7:13,716,707,9
2014-05-01 7:14,716,707,9
2014-05-01 7:15,717,707,10
2014-05-01 7:16,717,707,10
2014-05-01 7:17,717,707,10
2014-05-01 7:18,717,707,10
2014-05-01 7:19,716,706,10
2014-05-01 7:20,715,706,9
2014-05-01 7:21,714,706,8
2014-05-01 7:22,714,706,8
2014-05-01 7:23,714,705,9
2014-05-01 7:24,714,705,9
2014-05-01 7:25,714,704,10
2014-05-01 7:26,713,704,9
2014-05-01 7:27,713,703,10
2014-05-01 7:28,713,703,10
2014-05-01 7:29,712,702,10
2014-05-01 7:30,712,701,11
2014-05-01 7:31,711,701,10
2014-05-01 7:32,710,700,10
2014-05-01 7:33,710,699,11
2014-05-01 7:34,709,698,11
2014-05-01 7:35,708,698,10
2014-05-01 7:36,706,697,9
2014-05-01 7:37,705,696,9
2014-05-01 7:38,704,695,9
2014-05-01 7:39,703,694,9
2014-05-01 7:40,702,693,9
2014-05-01 7:41,701,692,9
2014-05-01 7:42,700,691,9
2014-05-01 7:43,699,690,9
2014-05-01 7:44,698,689,9
2014-05-01 7:45,697,688,9
2014-05-01 7:46,696,686,10
2014-05-01 7:47,694,685,9
2014-05-01 7:48,693,684,9
2014-05-01 7:49,692,683,9
2014-05-01 7:50,691,681,10
2014-05-01 7:51,689,680,9
2014-05-01 7:52,688,679,9
2014-05-01 7:53,-,677,-
2014-05-01 7:54,-,676,-
2014-05-01 7:55,-,675,-
2014-05-01 7:56,683,673,10
2014-05-01 7:57,682,672,10
2014-05-01 7:58,680,670,10
2014-05-01 7:59,678,669,9
2014-05-01 8:00,677,667,10
2014-05-01 8:01,675,665,10
2014-05-01 8:02,674,664,10
2014-05-01 8:03,672,662,10
2014-05-01 8:04,671,661,10
2014-05-01 8:05,669,659,10
2014-05-01 8:06,668,657,11
2014-05-01 8:07,666,655,11
2014-05-01 8:08,665,654,11
2014-05-01 8:09,663,652,11
2014-05-01 8:10,661,650,11
2014-05-01 8:11,659,648,11
2014-05-01 8:12,657,647,10
2014-05-01 8:13,656,645,11
2014-05-01 8:14,654,643,11
2014-05-01 8:15,652,641,11
2014-05-01 8:16,651,639,12
2014-05-01 8:17,649,637,12
2014-05-01 8:18,647,636,11
2014-05-01 8:19,646,634,12
2014-05-01 8:20,644,632,12
2014-05-01 8:21,643,630,13
2014-05-01 8:22,642,628,14
2014-05-01 8:23,640,626,14
2014-05-01 8:24,639,624,15
2014-05-01 8:25,638,622,16
2014-05-01 8:26,636,620,16
2014-05-01 8:27,635,618,17
2014-05-01 8:28,633,616,17
2014-05-01 8:29,631,614,17
2014-05-01 8:30,630,612,18
2014-05-01 8:31,628,610,18
2014-05-01 8:32,626,608,18
2014-05-01 8:33,624,606,18
2014-05-01 8:34,622,604,18
2014-05-01 8:35,621,601,20
2014-05-01 8:36,619,599,20
2014-05-01 8:37,617,597,20
2014-05-01 8:38,616,595,21
2014-05-01 8:39,614,593,21
2014-05-01 8:40,612,591,21
2014-05-01 8:41,611,589,22
2014-05-01 8:42,608,587,21
2014-05-01 8:43,607,585,22
2014-05-01 8:44,605,583,22
2014-05-01 8:45,603,580,23
2014-05-01 8:46,601,578,23
2014-05-01 8:47,599,576,23
2014-05-01 8:48,597,574,23
2014-05-01 8:49,595,572,23
2014-05-01 8:50,593,570,23
2014-05-01 8:51,591,568,23
2014-05-01 8:52,589,566,23
2014-05-01 8:53,586,563,23
2014-05-01 8:54,584,561,23
2014-05-01 8:55,582,559,23
2014-05-01 8:56,581,557,24
2014-05-01 8:57,579,555,24
2014-05-01 8:58,577,553,24
2014-05-01 8:59,575,551,24
2014-05-01 9:00,572,549,23
2014-05-01 9:01,570,547,23
2014-05-01 9:02,567,545,22
2014-05-01 9:03,566,542,24
2014-05-01 9:04,563,540,23
2014-05-01 9:05,562,538,24
2014-05-01 9:06,560,536,24
2014-05-01 9:07,558,534,24
2014-05-01 9:08,556,532,24
2014-05-01 9:09,554,530,24
2014-05-01 9:10,552,528,24
2014-05-01 9:11,550,526,24
2014-05-01 9:12,548,524,24
2014-05-01 9:13,546,522,24
2014-05-01 9:14,544,520,24
2014-05-01 9:15,542,518,24
2014-05-01 9:16,539,516,23
2014-05-01 9:17,538,514,24
2014-05-01 9:18,536,512,24
2014-05-01 9:19,534,510,24
2014-05-01 9:20,532,508,24
2014-05-01 9:21,530,506,24
2014-05-01 9:22,528,504,24
2014-05-01 9:23,526,502,24
2014-05-01 9:24,524,500,24
2014-05-01 9:25,523,498,25
2014-05-01 9:26,521,496,25
2014-05-01 9:27,519,494,25
2014-05-01 9:28,517,492,25
2014-05-01 9:29,515,490,25
2014-05-01 9:30,513,488,25
2014-05-01 9:31,511,487,24
2014-05-01 9:32,509,485,24
2014-05-01 9:33,507,483,24
2014-05-01 9:34,505,481,24
2014-05-01 9:35,503,479,24
2014-05-01 9:36,502,477,25
2014-05-01 9:37,500,476,24
2014-05-01 9:38,498,474,24
2014-05-01 9:39,496,472,24
2014-05-01 9:40,494,470,24
2014-05-01 9:41,492,468,24
2014-05-01 9:42,490,467,23
2014-05-01 9:43,488,465,23
2014-05-01 9:44,487,463,24
2014-05-01 9:45,485,461,24
2014-05-01 9:46,483,460,23
2014-05-01 9:47,481,458,23
2014-05-01 9:48,479,456,23
2014-05-01 9:49,478,454,24
2014-05-01 9:50,475,453,22
2014-05-01 9:51,474,451,23
2014-05-01 9:52,471,449,22
2014-05-01 9:53,470,448,22
2014-05-01 9:54,467,446,21
2014-05-01 9:55,466,444,22
2014-05-01 9:56,464,443,21
2014-05-01 9:57,462,441,21
2014-05-01 9:58,460,440,20
2014-05-01 9:59,458,438,20
2014-05-01 10:00,456,436,20
2014-05-01 10:01,454,435,19
2014-05-01 10:02,452,433,19
2014-05-01 10:03,451,432,19
2014-05-01 10:04,449,430,19
2014-05-01 10:05,447,429,18
2014-05-01 10:06,445,427,18
2014-05-01 10:07,443,425,18
2014-05-01 10:08,441,424,17
2014-05-01 10:09,440,422,18
2014-05-01 10:10,438,421,17
2014-05-01 10:11,436,419,17
2014-05-01 10:12,434,418,16
2014-05-01 10:13,432,416,16
2014-05-01 10:14,430,415,15
2014-05-01 10:15,429,413,16
2014-05-01 10:16,427,412,15
2014-05-01 10:17,425,411,14
2014-05-01 10:18,423,409,14
2014-05-01 10:19,421,408,13
2014-05-01 10:20,419,406,13
2014-05-01 10:21,418,405,13
2014-05-01 10:22,416,403,13
2014-05-01 10:23,414,402,12
2014-05-01 10:24,412,401,11
2014-05-01 10:25,411,399,12
2014-05-01 10:26,409,398,11
2014-05-01 10:27,407,396,11
2014-05-01 10:28,405,395,10
2014-05-01 10:29,404,394,10
2014-05-01 10:30,402,392,10
2014-05-01 10:31,400,391,9
2014-05-01 10:32,398,389,9
2014-05-01 10:33,397,388,9
2014-05-01 10:34,395,387,8
2014-05-01 10:35,393,385,8
2014-05-01 10:36,391,384,7
2014-05-01 10:37,390,383,7
2014-05-01 10:38,388,381,7
2014-05-01 10:39,386,380,6
2014-05-01 10:40,384,379,5
2014-05-01 10:41,383,377,6
2014-05-01 10:42,381,376,5
2014-05-01 10:43,379,375,4
2014-05-01 10:44,377,373,4
2014-05-01 10:45,375,372,3
2014-05-01 10:46,374,371,3
2014-05-01 10:47,372,369,3
2014-05-01 10:48,370,368,2
2014-05-01 10:49,369,367,2
2014-05-01 10:50,367,365,2
2014-05-01 10:51,365,364,1
2014-05-01 10:52,364,363,1
2014-05-01 10:53,362,362,0
2014-05-01 10:54,360,360,0
2014-05-01 10:55,359,359,0
2014-05-01 10:56,357,358,-1
2014-05-01 10:57,355,356,-1
2014-05-01 10:58,354,355,-1
2014-05-01 10:59,352,354,-2
2014-05-01 11:00,351,352,-1
2014-05-01 11:01,349,351,-2
2014-05-01 11:02,348,350,-2
2014-05-01 11:03,346,348,-2
2014-05-01 11:04,344,347,-3
2014-05-01 11:05,342,346,-4
2014-05-01 11:06,340,344,-4
2014-05-01 11:07,339,343,-4
2014-05-01 11:08,337,342,-5
2014-05-01 11:09,336,341,-5
2014-05-01 11:10,334,339,-5
2014-05-01 11:11,333,338,-5
2014-05-01 11:12,331,337,-6
2014-05-01 11:13,329,335,-6
2014-05-01 11:14,328,334,-6
2014-05-01 11:15,326,333,-7
2014-05-01 11:16,325,331,-6
2014-05-01 11:17,323,330,-7
2014-05-01 11:18,321,329,-8
2014-05-01 11:19,320,327,-7
2014-05-01 11:20,319,326,-7
2014-05-01 11:21,317,325,-8
2014-05-01 11:22,316,323,-7
2014-05-01 11:23,314,322,-8
2014-05-01 11:24,313,321,-8
2014-05-01 11:25,311,319,-8
2014-05-01 11:26,310,318,-8
2014-05-01 11:27,308,317,-9
2014-05-01 11:28,306,315,-9
2014-05-01 11:29,305,314,-9
2014-05-01 11:30,303,313,-10
2014-05-01 11:31,302,311,-9
2014-05-01 11:32,301,310,-9
2014-05-01 11:33,299,308,-9
2014-05-01 11:34,297,307,-10
2014-05-01 11:35,296,306,-10
2014-05-01 11:36,294,304,-10
2014-05-01 11:37,293,303,-10
2014-05-01 11:38,292,302,-10
2014-05-01 11:39,290,300,-10
2014-05-01 11:40,288,299,-11
2014-05-01 11:41,287,297,-10
2014-05-01 11:42,286,296,-10
2014-05-01 11:43,284,295,-11
2014-05-01 11:44,283,293,-10
2014-05-01 11:45,282,292,-10
2014-05-01 11:46,280,290,-10
2014-05-01 11:47,279,289,-10
2014-05-01 11:48,277,288,-11
2014-05-01 11:49,276,286,-10
2014-05-01 11:50,275,285,-10
2014-05-01 11:51,273,283,-10
2014-05-01 11:52,271,282,-11
2014-05-01 11:53,270,281,-11
2014-05-01 11:54,269,279,-10
2014-05-01 11:55,267,278,-11
2014-05-01 11:56,266,276,-10
2014-05-01 11:57,265,275,-10
2014-05-01 11:58,263,274,-11
2014-05-01 11:59,262,272,-10
2014-05-01 12:00,261,271,-10
2014-05-01 12:01,259,269,-10
2014-05-01 12:02,258,268,-10
2014-05-01 12:03,257,266,-9
2014-05-01 12:04,256,265,-9
2014-05-01 12:05,254,264,-10
2014-05-01 12:06,252,262,-10
2014-05-01 12:07,251,261,-10
2014-05-01 12:08,250,259,-9
2014-05-01 12:09,249,258,-9
2014-05-01 12:10,248,256,-8
2014-05-01 12:11,246,255,-9
2014-05-01 12:12,245,254,-9
2014-05-01 12:13,243,252,-9
2014-05-01 12:14,243,251,-8
2014-05-01 12:15,241,249,-8
2014-05-01 12:16,240,248,-8
2014-05-01 12:17,239,246,-7
2014-05-01 12:18,238,245,-7
2014-05-01 12:19,237,244,-7
2014-05-01 12:20,235,242,-7
2014-05-01 12:21,234,241,-7
2014-05-01 12:22,233,239,-6
2014-05-01 12:23,232,238,-6
2014-05-01 12:24,230,237,-7
2014-05-01 12:25,229,235,-6
2014-05-01 12:26,228,234,-6
2014-05-01 12:27,227,232,-5
2014-05-01 12:28,226,231,-5
2014-05-01 12:29,225,230,-5
2014-05-01 12:30,224,228,-4
2014-05-01 12:31,223,227,-4
2014-05-01 12:32,221,225,-4
2014-05-01 12:33,220,224,-4
2014-05-01 12:34,219,223,-4
2014-05-01 12:35,217,221,-4
2014-05-01 12:36,216,220,-4
2014-05-01 12:37,215,218,-3
2014-05-01 12:38,214,217,-3
2014-05-01 12:39,213,216,-3
2014-05-01 12:40,212,214,-2
2014-05-01 12:41,210,213,-3
2014-05-01 12:42,210,212,-2
2014-05-01 12:43,208,210,-2
2014-05-01 12:44,208,209,-1
2014-05-01 12:45,206,208,-2
2014-05-01 12:46,205,206,-1
2014-05-01 12:47,204,205,-1
2014-05-01 12:48,202,204,-2
2014-05-01 12:49,202,202,0
2014-05-01 12:50,201,201,0
2014-05-01 12:51,200,200,0
2014-05-01 12:52,199,198,1
2014-05-01 12:53,197,197,0
2014-05-01 12:54,196,196,0
2014-05-01 12:55,195,194,1
2014-05-01 12:56,194,193,1
2014-05-01 12:57,193,192,1
2014-05-01 12:58,192,191,1
2014-05-01 12:59,190,189,1
2014-05-01 13:00,190,188,2
2014-05-01 13:01,189,187,2
2014-05-01 13:02,187,186,1
2014-05-01 13:03,186,185,1
2014-05-01 13:04,185,183,2
2014-05-01 13:05,185,182,3
2014-05-01 13:06,183,181,2
2014-05-01 13:07,182,180,2
2014-05-01 13:08,181,179,2
2014-05-01 13:09,180,177,3
2014-05-01 13:10,179,176,3
2014-05-01 13:11,178,175,3
2014-05-01 13:12,177,174,3
2014-05-01 13:13,176,173,3
2014-05-01 13:14,175,172,3
2014-05-01 13:15,174,171,3
2014-05-01 13:16,173,170,3
2014-05-01 13:17,172,168,4
2014-05-01 13:18,171,167,4
2014-05-01 13:19,170,166,4
2014-05-01 13:20,169,165,4
2014-05-01 13:21,168,164,4
2014-05-01 13:22,167,163,4
2014-05-01 13:23,166,162,4
2014-05-01 13:24,165,161,4
2014-05-01 13:25,164,160,4
2014-05-01 13:26,162,159,3
2014-05-01 13:27,162,158,4
2014-05-01 13:28,160,157,3
2014-05-01 13:29,160,156,4
2014-05-01 13:30,159,155,4
2014-05-01 13:31,158,154,4
2014-05-01 13:32,157,153,4
2014-05-01 13:33,156,153,3
2014-05-01 13:34,155,152,3
2014-05-01 13:35,154,151,3
2014-05-01 13:36,154,150,4
2014-05-01 13:37,153,149,4
2014-05-01 13:38,152,148,4
2014-05-01 13:39,151,147,4
2014-05-01 13:40,150,147,3
2014-05-01 13:41,149,146,3
2014-05-01 13:42,148,145,3
2014-05-01 13:43,148,144,4
2014-05-01 13:44,146,143,3
2014-05-01 13:45,145,143,2
2014-05-01 13:46,144,142,2
2014-05-01 13:47,144,141,3
2014-05-01 13:48,143,141,2
2014-05-01 13:49,142,140,2
2014-05-01 13:50,141,139,2
2014-05-01 13:51,140,138,2
2014-05-01 13:52,139,138,1
2014-05-01 13:53,138,137,1
2014-05-01 13:54,138,137,1
2014-05-01 13:55,137,136,1
2014-05-01 13:56,135,135,0
2014-05-01 13:57,135,135,0
2014-05-01 13:58,134,134,0
2014-05-01 13:59,133,134,-1
2014-05-01 14:00,132,133,-1
2014-05-01 14:01,132,133,-1
2014-05-01 14:02,130,132,-2
2014-05-01 14:03,129,132,-3
2014-05-01 14:04,129,131,-2
2014-05-01 14:05,128,131,-3
2014-05-01 14:06,127,130,-3
2014-05-01 14:07,126,130,-4
2014-05-01 14:08,125,129,-4
2014-05-01 14:09,125,129,-4
2014-05-01 14:10,123,129,-6
2014-05-01 14:11,123,128,-5
2014-05-01 14:12,122,128,-6
2014-05-01 14:13,121,127,-6
2014-05-01 14:14,120,127,-7
2014-05-01 14:15,119,127,-8
2014-05-01 14:16,118,127,-9
2014-05-01 14:17,117,126,-9
2014-05-01 14:18,116,126,-10
2014-05-01 14:19,116,126,-10
2014-05-01 14:20,115,125,-10
2014-05-01 14:21,114,125,-11
2014-05-01 14:22,113,125,-12
2014-05-01 14:23,113,125,-12
2014-05-01 14:24,112,125,-13
2014-05-01 14:25,112,125,-13
2014-05-01 14:26,111,124,-13
2014-05-01 14:27,110,124,-14
2014-05-01 14:28,109,124,-15
2014-05-01 14:29,108,124,-16
2014-05-01 14:30,108,124,-16
2014-05-01 14:31,107,124,-17
2014-05-01 14:32,106,124,-18
2014-05-01 14:33,105,124,-19
2014-05-01 14:34,104,124,-20
2014-05-01 14:35,105,124,-19
2014-05-01 14:36,104,124,-20
2014-05-01 14:37,102,124,-22
2014-05-01 14:38,102,124,-22
2014-05-01 14:39,102,124,-22
2014-05-01 14:40,101,124,-23
2014-05-01 14:41,101,124,-23
2014-05-01 14:42,100,124,-24
2014-05-01 14:43,100,125,-25
2014-05-01 14:44,101,125,-24
2014-05-01 14:45,100,125,-25
2014-05-01 14:46,99,125,-26
2014-05-01 14:47,99,125,-26
2014-05-01 14:48,99,126,-27
2014-05-01 14:49,100,126,-26
2014-05-01 14:50,99,126,-27
2014-05-01 14:51,99,126,-27
2014-05-01 14:52,99,127,-28
2014-05-01 14:53,99,127,-28
2014-05-01 14:54,100,127,-27
2014-05-01 14:55,99,128,-29
2014-05-01 14:56,101,128,-27
2014-05-01 14:57,101,128,-27
2014-05-01 14:58,101,129,-28
2014-05-01 14:59,103,129,-26
2014-05-01 15:00,104,130,-26
2014-05-01 15:01,104,130,-26
2014-05-01 15:02,107,131,-24
2014-05-01 15:03,108,131,-23
2014-05-01 15:04,110,132,-22
2014-05-01 15:05,112,132,-20
2014-05-01 15:06,114,133,-19
2014-05-01 15:07,116,133,-17
2014-05-01 15:08,119,134,-15
2014-05-01 15:09,121,135,-14
2014-05-01 15:10,123,135,-12
2014-05-01 15:11,126,136,-10
2014-05-01 15:12,129,137,-8
2014-05-01 15:13,131,137,-6
2014-05-01 15:14,134,138,-4
2014-05-01 15:15,136,139,-3
2014-05-01 15:16,139,139,0
2014-05-01 15:17,141,140,1
2014-05-01 15:18,144,141,3
2014-05-01 15:19,146,142,4
2014-05-01 15:20,148,143,5
2014-05-01 15:21,150,143,7
2014-05-01 15:22,152,144,8
2014-05-01 15:23,154,145,9
2014-05-01 15:24,156,146,10
2014-05-01 15:25,157,147,10
2014-05-01 15:26,160,148,12
2014-05-01 15:27,162,149,13
2014-05-01 15:28,163,150,13
2014-05-01 15:29,165,151,14
2014-05-01 15:30,167,152,15
2014-05-01 15:31,168,153,15
2014-05-01 15:32,169,154,15
2014-05-01 15:33,171,155,16
2014-05-01 15:34,172,156,16
2014-05-01 15:35,174,157,17
2014-05-01 15:36,175,158,17
2014-05-01 15:37,176,160,16
2014-05-01 15:38,178,161,17
2014-05-01 15:39,179,162,17
2014-05-01 15:40,181,163,18
2014-05-01 15:41,182,164,18
2014-05-01 15:42,184,166,18
2014-05-01 15:43,185,167,18
2014-05-01 15:44,186,168,18
2014-05-01 15:45,187,170,17
2014-05-01 15:46,188,171,17
2014-05-01 15:47,189,172,17
2014-05-01 15:48,191,174,17
2014-05-01 15:49,191,175,16
2014-05-01 15:50,193,177,16
2014-05-01 15:51,194,178,16
2014-05-01 15:52,195,180,15
2014-05-01 15:53,196,181,15
2014-05-01 15:54,197,183,14
2014-05-01 15:55,198,184,14
2014-05-01 15:56,199,186,13
2014-05-01 15:57,200,187,13
2014-05-01 15:58,201,189,12
2014-05-01 15:59,202,190,12
2014-05-01 16:00,203,192,11
2014-05-01 16:01,204,194,10
2014-05-01 16:02,205,195,10
2014-05-01 16:03,206,197,9
2014-05-01 16:04,207,199,8
2014-05-01 16:05,208,201,7
2014-05-01 16:06,209,202,7
2014-05-01 16:07,210,204,6
2014-05-01 16:08,211,206,5
2014-05-01 16:09,212,208,4
2014-05-01 16:10,213,210,3
2014-05-01 16:11,215,212,3
2014-05-01 16:12,216,213,3
2014-05-01 16:13,218,215,3
2014-05-01 16:14,220,217,3
2014-05-01 16:15,221,219,2
2014-05-01 16:16,222,221,1
2014-05-01 16:17,224,223,1
2014-05-01 16:18,225,225,0
2014-05-01 16:19,227,227,0
2014-05-01 16:20,228,229,-1
2014-05-01 16:21,230,231,-1
2014-05-01 16:22,231,234,-3
2014-05-01 16:23,233,236,-3
2014-05-01 16:24,235,238,-3
2014-05-01 16:25,237,240,-3
2014-05-01 16:26,238,242,-4
2014-05-01 16:27,240,244,-4
2014-05-01 16:28,242,247,-5
2014-05-01 16:29,244,249,-5
2014-05-01 16:30,245,251,-6
2014-05-01 16:31,247,253,-6
2014-05-01 16:32,249,256,-7
2014-05-01 16:33,251,258,-7
2014-05-01 16:34,253,260,-7
2014-05-01 16:35,255,263,-8
2014-05-01 16:36,257,265,-8
2014-05-01 16:37,260,267,-7
2014-05-01 16:38,262,270,-8
2014-05-01 16:39,263,272,-9
2014-05-01 16:40,266,275,-9
2014-05-01 16:41,268,277,-9
2014-05-01 16:42,271,280,-9
2014-05-01 16:43,273,282,-9
2014-05-01 16:44,275,285,-10
2014-05-01 16:45,278,287,-9
2014-05-01 16:46,280,290,-10
2014-05-01 16:47,283,292,-9
2014-05-01 16:48,285,295,-10
2014-05-01 16:49,288,297,-9
2014-05-01 16:50,290,300,-10
2014-05-01 16:51,293,303,-10
2014-05-01 16:52,296,305,-9
2014-05-01 16:53,299,308,-9
2014-05-01 16:54,302,310,-8
2014-05-01 16:55,305,313,-8
2014-05-01 16:56,307,316,-9
2014-05-01 16:57,310,318,-8
2014-05-01 16:58,313,321,-8
2014-05-01 16:59,317,324,-7
2014-05-01 17:00,320,327,-7
2014-05-01 17:01,323,329,-6
2014-05-01 17:02,326,332,-6
2014-05-01 17:03,329,335,-6
2014-05-01 17:04,332,338,-6
2014-05-01 17:05,335,340,-5
2014-05-01 17:06,338,343,-5
2014-05-01 17:07,341,346,-5
2014-05-01 17:08,344,349,-5
2014-05-01 17:09,347,352,-5
2014-05-01 17:10,350,355,-5
2014-05-01 17:11,352,357,-5
2014-05-01 17:12,355,360,-5
2014-05-01 17:13,358,363,-5
2014-05-01 17:14,361,366,-5
2014-05-01 17:15,363,369,-6
2014-05-01 17:16,366,372,-6
2014-05-01 17:17,369,375,-6
2014-05-01 17:18,372,377,-5
2014-05-01 17:19,375,380,-5
2014-05-01 17:20,377,383,-6
2014-05-01 17:21,380,386,-6
2014-05-01 17:22,383,389,-6
2014-05-01 17:23,385,392,-7
2014-05-01 17:24,388,395,-7
2014-05-01 17:25,391,398,-7
2014-05-01 17:26,393,401,-8
2014-05-01 17:27,396,404,-8
2014-05-01 17:28,399,407,-8
2014-05-01 17:29,402,409,-7
2014-05-01 17:30,404,412,-8
2014-05-01 17:31,408,415,-7
2014-05-01 17:32,410,418,-8
2014-05-01 17:33,413,421,-8
2014-05-01 17:34,416,424,-8
2014-05-01 17:35,419,427,-8
2014-05-01 17:36,422,430,-8
2014-05-01 17:37,425,433,-8
2014-05-01 17:38,428,436,-8
2014-05-01 17:39,431,439,-8
2014-05-01 17:40,433,441,-8
2014-05-01 17:41,436,444,-8
2014-05-01 17:42,439,447,-8
2014-05-01 17:43,443,450,-7
2014-05-01 17:44,445,453,-8
2014-05-01 17:45,448,456,-8
2014-05-01 17:46,451,459,-8
2014-05-01 17:47,454,461,-7
2014-05-01 17:48,456,464,-8
2014-05-01 17:49,459,467,-8
2014-05-01 17:50,462,470,-8
2014-05-01 17:51,465,473,-8
2014-05-01 17:52,468,476,-8
2014-05-01 17:53,471,478,-7
2014-05-01 17:54,473,481,-8
2014-05-01 17:55,476,484,-8
2014-05-01 17:56,478,487,-9
2014-05-01 17:57,481,489,-8
2014-05-01 17:58,484,492,-8
2014-05-01 17:59,487,495,-8
2014-05-01 18:00,489,497,-8
2014-05-01 18:01,492,500,-8
2014-05-01 18:02,495,503,-8
2014-05-01 18:03,498,505,-7
2014-05-01 18:04,500,508,-8
2014-05-01 18:05,503,511,-8
2014-05-01 18:06,505,513,-8
2014-05-01 18:07,508,516,-8
2014-05-01 18:08,510,518,-8
2014-05-01 18:09,513,521,-8
2014-05-01 18:10,515,523,-8
2014-05-01 18:11,517,526,-9
2014-05-01 18:12,520,528,-8
2014-05-01 18:13,522,531,-9
2014-05-01 18:14,525,533,-8
2014-05-01 18:15,527,536,-9
2014-05-01 18:16,529,538,-9
2014-05-01 18:17,531,540,-9
2014-05-01 18:18,534,543,-9
2014-05-01 18:19,536,545,-9
2014-05-01 18:20,539,547,-8
2014-05-01 18:21,541,550,-9
2014-05-01 18:22,543,552,-9
2014-05-01 18:23,546,554,-8
2014-05-01 18:24,548,556,-8
2014-05-01 18:25,550,559,-9
2014-05-01 18:26,553,561,-8
2014-05-01 18:27,555,563,-8
2014-05-01 18:28,557,565,-8
2014-05-01 18:29,560,567,-7
2014-05-01 18:30,562,569,-7
2014-05-01 18:31,564,571,-7
2014-05-01 18:32,566,573,-7
2014-05-01 18:33,568,575,-7
2014-05-01 18:34,571,577,-6
2014-05-01 18:35,573,579,-6
2014-05-01 18:36,575,581,-6
2014-05-01 18:37,578,582,-4
2014-05-01 18:38,580,584,-4
2014-05-01 18:39,582,586,-4
2014-05-01 18:40,584,588,-4
2014-05-01 18:41,586,589,-3
2014-05-01 18:42,588,591,-3
2014-05-01 18:43,590,593,-3
2014-05-01 18:44,592,594,-2
2014-05-01 18:45,594,596,-2
2014-05-01 18:46,596,597,-1
2014-05-01 18:47,597,599,-2
2014-05-01 18:48,599,600,-1
2014-05-01 18:49,601,602,-1
2014-05-01 18:50,603,603,0
2014-05-01 18:51,604,604,0
2014-05-01 18:52,606,606,0
2014-05-01 18:53,607,607,0
2014-05-01 18:54,609,608,1
2014-05-01 18:55,611,609,2
2014-05-01 18:56,612,611,1
2014-05-01 18:57,613,612,1
2014-05-01 18:58,615,613,2
2014-05-01 18:59,616,614,2
2014-05-01 19:00,617,615,2
2014-05-01 19:01,618,616,2
2014-05-01 19:02,620,617,3
2014-05-01 19:03,621,618,3
2014-05-01 19:04,622,619,3
2014-05-01 19:05,623,620,3
2014-05-01 19:06,624,620,4
2014-05-01 19:07,625,621,4
2014-05-01 19:08,626,622,4
2014-05-01 19:09,627,623,4
2014-05-01 19:10,628,623,5
2014-05-01 19:11,629,624,5
2014-05-01 19:12,630,624,6
2014-05-01 19:13,630,625,5
2014-05-01 19:14,631,626,5
2014-05-01 19:15,632,626,6
2014-05-01 19:16,633,626,7
2014-05-01 19:17,633,627,6
2014-05-01 19:18,634,627,7
2014-05-01 19:19,635,628,7
2014-05-01 19:20,635,628,7
2014-05-01 19:21,636,628,8
2014-05-01 19:22,636,628,8
2014-05-01 19:23,636,628,8
2014-05-01 19:24,637,629,8
2014-05-01 19:25,637,629,8
2014-05-01 19:26,637,629,8
2014-05-01 19:27,637,629,8
2014-05-01 19:28,638,629,9
2014-05-01 19:29,638,629,9
2014-05-01 19:30,638,629,9
2014-05-01 19:31,638,629,9
2014-05-01 19:32,638,628,10
2014-05-01 19:33,638,628,10
2014-05-01 19:34,638,628,10
2014-05-01 19:35,637,628,9
2014-05-01 19:36,637,627,10
2014-05-01 19:37,637,627,10
2014-05-01 19:38,636,627,9
2014-05-01 19:39,636,626,10
2014-05-01 19:40,636,626,10
2014-05-01 19:41,635,625,10
2014-05-01 19:42,634,625,9
2014-05-01 19:43,634,624,10
2014-05-01 19:44,633,624,9
2014-05-01 19:45,633,623,10
2014-05-01 19:46,632,622,10
2014-05-01 19:47,632,622,10
2014-05-01 19:48,632,621,11
2014-05-01 19:49,631,620,11
2014-05-01 19:50,630,620,10
2014-05-01 19:51,629,619,10
2014-05-01 19:52,628,618,10
2014-05-01 19:53,627,617,10
2014-05-01 19:54,626,616,10
2014-05-01 19:55,625,615,10
2014-05-01 19:56,624,614,10
2014-05-01 19:57,622,613,9
2014-05-01 19:58,621,612,9
2014-05-01 19:59,620,611,9
2014-05-01 20:00,619,610,9
2014-05-01 20:01,618,609,9
2014-05-01 20:02,617,608,9
2014-05-01 20:03,615,607,8
2014-05-01 20:04,614,606,8
2014-05-01 20:05,613,604,9
2014-05-01 20:06,612,603,9
2014-05-01 20:07,610,602,8
2014-05-01 20:08,608,601,7
2014-05-01 20:09,607,599,8
2014-05-01 20:10,606,598,8
2014-05-01 20:11,605,597,8
2014-05-01 20:12,603,595,8
2014-05-01 20:13,602,594,8
2014-05-01 20:14,601,593,8
2014-05-01 20:15,599,591,8
2014-05-01 20:16,598,590,8
2014-05-01 20:17,596,588,8
2014-05-01 20:18,595,587,8
2014-05-01 20:19,593,585,8
2014-05-01 20:20,591,584,7
2014-05-01 20:21,590,582,8
2014-05-01 20:22,588,580,8
2014-05-01 20:23,587,579,8
2014-05-01 20:24,585,577,8
2014-05-01 20:25,583,576,7
2014-05-01 20:26,582,574,8
2014-05-01 20:27,580,572,8
2014-05-01 20:28,579,571,8
2014-05-01 20:29,577,569,8
2014-05-01 20:30,576,567,9
2014-05-01 20:31,574,565,9
2014-05-01 20:32,573,564,9
2014-05-01 20:33,571,562,9
2014-05-01 20:34,570,560,10
2014-05-01 20:35,568,558,10
2014-05-01 20:36,567,556,11
2014-05-01 20:37,565,555,10
2014-05-01 20:38,564,553,11
2014-05-01 20:39,562,551,11
2014-05-01 20:40,561,549,12
2014-05-01 20:41,559,547,12
2014-05-01 20:42,558,545,13
2014-05-01 20:43,557,544,13
2014-05-01 20:44,555,542,13
2014-05-01 20:45,553,540,13
2014-05-01 20:46,551,538,13
2014-05-01 20:47,550,536,14
2014-05-01 20:48,548,534,14
2014-05-01 20:49,547,532,15
2014-05-01 20:50,545,530,15
2014-05-01 20:51,543,528,15
2014-05-01 20:52,542,526,16
2014-05-01 20:53,540,524,16
2014-05-01 20:54,538,522,16
2014-05-01 20:55,537,520,17
2014-05-01 20:56,534,519,15
2014-05-01 20:57,533,517,16
2014-05-01 20:58,531,515,16
2014-05-01 20:59,529,513,16
2014-05-01 21:00,527,511,16
2014-05-01 21:01,525,509,16
2014-05-01 21:02,523,507,16
2014-05-01 21:03,521,505,16
2014-05-01 21:04,519,503,16
2014-05-01 21:05,518,501,17
2014-05-01 21:06,516,499,17
2014-05-01 21:07,513,497,16
2014-05-01 21:08,512,495,17
2014-05-01 21:09,510,493,17
2014-05-01 21:10,508,491,17
2014-05-01 21:11,506,489,17
2014-05-01 21:12,504,487,17
2014-05-01 21:13,503,485,18
2014-05-01 21:14,501,483,18
2014-05-01 21:15,499,481,18
2014-05-01 21:16,497,479,18
2014-05-01 21:17,495,477,18
2014-05-01 21:18,493,475,18
2014-05-01 21:19,491,473,18
2014-05-01 21:20,489,472,17
2014-05-01 21:21,487,470,17
2014-05-01 21:22,486,468,18
2014-05-01 21:23,483,466,17
2014-05-01 21:24,482,464,18
2014-05-01 21:25,480,462,18
2014-05-01 21:26,478,460,18
2014-05-01 21:27,476,458,18
2014-05-01 21:28,474,456,18
2014-05-01 21:29,472,454,18
2014-05-01 21:30,470,453,17
2014-05-01 21:31,468,451,17
2014-05-01 21:32,466,449,17
2014-05-01 21:33,464,447,17
2014-05-01 21:34,463,445,18
2014-05-01 21:35,461,443,18
2014-05-01 21:36,458,442,16
2014-05-01 21:37,457,440,17
2014-05-01 21:38,455,438,17
2014-05-01 21:39,453,436,17
2014-05-01 21:40,451,434,17
2014-05-01 21:41,450,433,17
2014-05-01 21:42,448,431,17
2014-05-01 21:43,446,429,17
2014-05-01 21:44,444,427,17
2014-05-01 21:45,442,426,16
2014-05-01 21:46,440,424,16
2014-05-01 21:47,438,422,16
2014-05-01 21:48,437,420,17
2014-05-01 21:49,434,419,15
2014-05-01 21:50,433,417,16
2014-05-01 21:51,431,415,16
2014-05-01 21:52,429,414,15
2014-05-01 21:53,427,412,15
2014-05-01 21:54,425,410,15
2014-05-01 21:55,423,409,14
2014-05-01 21:56,421,407,14
2014-05-01 21:57,419,405,14
2014-05-01 21:58,418,404,14
2014-05-01 21:59,416,402,14
2014-05-01 22:00,414,401,13
2014-05-01 22:01,412,399,13
2014-05-01 22:02,411,398,13
2014-05-01 22:03,409,396,13
2014-05-01 22:04,407,394,13
2014-05-01 22:05,405,393,12
2014-05-01 22:06,403,391,12
2014-05-01 22:07,402,390,12
2014-05-01 22:08,400,388,12
2014-05-01 22:09,398,387,11
2014-05-01 22:10,396,385,11
2014-05-01 22:11,395,384,11
2014-05-01 22:12,393,382,11
2014-05-01 22:13,392,381,11
2014-05-01 22:14,390,379,11
2014-05-01 22:15,388,378,10
2014-05-01 22:16,386,377,9
2014-05-01 22:17,385,375,10
2014-05-01 22:18,383,374,9
2014-05-01 22:19,381,372,9
2014-05-01 22:20,379,371,8
2014-05-01 22:21,378,370,8
2014-05-01 22:22,376,368,8
2014-05-01 22:23,375,367,8
2014-05-01 22:24,373,365,8
2014-05-01 22:25,372,364,8
2014-05-01 22:26,370,363,7
2014-05-01 22:27,368,361,7
2014-05-01 22:28,367,360,7
2014-05-01 22:29,365,359,6
2014-05-01 22:30,363,357,6
2014-05-01 22:31,362,356,6
2014-05-01 22:32,360,355,5
2014-05-01 22:33,358,354,4
2014-05-01 22:34,357,352,5
2014-05-01 22:35,355,351,4
2014-05-01 22:36,354,350,4
2014-05-01 22:37,353,348,5
2014-05-01 22:38,351,347,4
2014-05-01 22:39,349,346,3
2014-05-01 22:40,348,345,3
2014-05-01 22:41,346,343,3
2014-05-01 22:42,344,342,2
2014-05-01 22:43,343,341,2
2014-05-01 22:44,341,340,1
2014-05-01 22:45,340,338,2
2014-05-01 22:46,339,337,2
2014-05-01 22:47,337,336,1
2014-05-01 22:48,335,335,0
2014-05-01 22:49,334,334,0
2014-05-01 22:50,332,332,0
2014-05-01 22:51,330,331,-1
2014-05-01 22:52,329,330,-1
2014-05-01 22:53,327,329,-2
2014-05-01 22:54,325,328,-3
2014-05-01 22:55,324,326,-2
2014-05-01 22:56,323,325,-2
2014-05-01 22:57,321,324,-3
2014-05-01 22:58,319,323,-4
2014-05-01 22:59,317,322,-5
2014-05-01 23:00,316,321,-5
2014-05-01 23:01,315,319,-4
2014-05-01 23:02,313,318,-5
2014-05-01 23:03,312,317,-5
2014-05-01 23:04,310,316,-6
2014-05-01 23:05,309,315,-6
2014-05-01 23:06,307,314,-7
2014-05-01 23:07,306,312,-6
2014-05-01 23:08,304,311,-7
2014-05-01 23:09,303,310,-7
2014-05-01 23:10,301,309,-8
2014-05-01 23:11,300,308,-8
2014-05-01 23:12,299,307,-8
2014-05-01 23:13,297,306,-9
2014-05-01 23:14,296,304,-8
2014-05-01 23:15,294,303,-9
2014-05-01 23:16,293,302,-9
2014-05-01 23:17,291,301,-10
2014-05-01 23:18,290,300,-10
2014-05-01 23:19,288,299,-11
2014-05-01 23:20,287,297,-10
2014-05-01 23:21,285,296,-11
2014-05-01 23:22,284,295,-11
2014-05-01 23:23,283,294,-11
2014-05-01 23:24,281,293,-12
2014-05-01 23:25,279,292,-13
2014-05-01 23:26,278,290,-12
2014-05-01 23:27,277,289,-12
2014-05-01 23:28,275,288,-13
2014-05-01 23:29,274,287,-13
2014-05-01 23:30,272,286,-14
2014-05-01 23:31,271,285,-14
2014-05-01 23:32,269,283,-14
2014-05-01 23:33,269,282,-13
2014-05-01 23:34,267,281,-14
2014-05-01 23:35,266,280,-14
2014-05-01 23:36,264,279,-15
2014-05-01 23:37,263,277,-14
2014-05-01 23:38,262,276,-14
2014-05-01 23:39,260,275,-15
2014-05-01 23:40,260,274,-14
2014-05-01 23:41,258,273,-15
2014-05-01 23:42,257,271,-14
2014-05-01 23:43,256,270,-14
2014-05-01 23:44,254,269,-15
2014-05-01 23:45,253,268,-15
2014-05-01 23:46,252,267,-15
2014-05-01 23:47,250,265,-15
2014-05-01 23:48,249,264,-15
2014-05-01 23:49,248,263,-15
2014-05-01 23:50,247,262,-15
2014-05-01 23:51,246,260,-14
2014-05-01 23:52,244,259,-15
2014-05-01 23:53,244,258,-14
2014-05-01 23:54,242,257,-15
2014-05-01 23:55,241,255,-14
2014-05-01 23:56,239,254,-15
2014-05-01 23:57,238,253,-15
2014-05-01 23:58,237,252,-15
2014-05-01 23:59,235,250,-15
2014-05-02 0:00,234,249,-15
