관측시간,실측조위(Cm),예측조위(Cm),잔차(Cm)
2015-04-30 0:00,191,203,-12
2015-04-30 0:01,193,204,-11
2015-04-30 0:02,195,205,-10
2015-04-30 0:03,196,206,-10
2015-04-30 0:04,199,208,-9
2015-04-30 0:05,200,209,-9
2015-04-30 0:06,202,210,-8
2015-04-30 0:07,204,212,-8
2015-04-30 0:08,206,213,-7
2015-04-30 0:09,207,214,-7
2015-04-30 0:10,209,216,-7
2015-04-30 0:11,211,217,-6
2015-04-30 0:12,213,218,-5
2015-04-30 0:13,214,220,-6
2015-04-30 0:14,216,221,-5
2015-04-30 0:15,218,223,-5
2015-04-30 0:16,220,224,-4
2015-04-30 0:17,221,225,-4
2015-04-30 0:18,223,227,-4
2015-04-30 0:19,225,228,-3
2015-04-30 0:20,227,230,-3
2015-04-30 0:21,228,231,-3
2015-04-30 0:22,230,233,-3
2015-04-30 0:23,232,234,-2
2015-04-30 0:24,233,236,-3
2015-04-30 0:25,235,237,-2
2015-04-30 0:26,237,239,-2
2015-04-30 0:27,238,240,-2
2015-04-30 0:28,240,242,-2
2015-04-30 0:29,242,243,-1
2015-04-30 0:30,244,245,-1
2015-04-30 0:31,245,246,-1
2015-04-30 0:32,247,248,-1
2015-04-30 0:33,249,249,0
2015-04-30 0:34,251,251,0
2015-04-30 0:35,253,252,1
2015-04-30 0:36,255,254,1
2015-04-30 0:37,257,255,2
2015-04-30 0:38,258,257,1
2015-04-30 0:39,260,258,2
2015-04-30 0:40,262,260,2
2015-04-30 0:41,264,261,3
2015-04-30 0:42,266,263,3
2015-04-30 0:43,268,265,3
2015-04-30 0:44,269,266,3
2015-04-30 0:45,271,268,3
2015-04-30 0:46,273,269,4
2015-04-30 0:47,275,271,4
2015-04-30 0:48,277,273,4
2015-04-30 0:49,279,274,5
2015-04-30 0:50,281,276,5
2015-04-30 0:51,283,277,6
2015-04-30 0:52,284,279,5
2015-04-30 0:53,286,281,5
2015-04-30 0:54,288,282,6
2015-04-30 0:55,290,284,6
2015-04-30 0:56,292,286,6
2015-04-30 0:57,294,287,7
2015-04-30 0:58,296,289,7
2015-04-30 0:59,298,290,8
2015-04-30 1:00,300,292,8
2015-04-30 1:01,301,294,7
2015-04-30 1:02,303,295,8
2015-04-30 1:03,305,297,8
2015-04-30 1:04,307,299,8
2015-04-30 1:05,309,300,9
2015-04-30 1:06,311,302,9
2015-04-30 1:07,313,304,9
2015-04-30 1:08,315,305,10
2015-04-30 1:09,316,307,9
2015-04-30 1:10,318,309,9
2015-04-30 1:11,320,310,10
2015-04-30 1:12,322,312,10
2015-04-30 1:13,324,314,10
2015-04-30 1:14,325,315,10
2015-04-30 1:15,327,317,10
2015-04-30 1:16,329,319,10
2015-04-30 1:17,331,321,10
2015-04-30 1:18,333,322,11
2015-04-30 1:19,335,324,11
2015-04-30 1:20,337,326,11
2015-04-30 1:21,338,327,11
2015-04-30 1:22,340,329,11
2015-04-30 1:23,342,331,11
2015-04-30 1:24,344,332,12
2015-04-30 1:25,345,334,11
2015-04-30 1:26,347,336,11
2015-04-30 1:27,349,337,12
2015-04-30 1:28,351,339,12
2015-04-30 1:29,353,341,12
2015-04-30 1:30,354,342,12
2015-04-30 1:31,356,344,12
2015-04-30 1:32,358,346,12
2015-04-30 1:33,360,347,13
2015-04-30 1:34,361,349,12
2015-04-30 1:35,363,351,12
2015-04-30 1:36,365,353,12
2015-04-30 1:37,367,354,13
2015-04-30 1:38,369,356,13
2015-04-30 1:39,370,358,12
2015-04-30 1:40,372,359,13
2015-04-30 1:41,374,361,13
2015-04-30 1:42,375,363,12
2015-04-30 1:43,377,364,13
2015-04-30 1:44,379,366,13
2015-04-30 1:45,380,367,13
2015-04-30 1:46,382,369,13
2015-04-30 1:47,384,371,13
2015-04-30 1:48,386,372,14
2015-04-30 1:49,387,374,13
2015-04-30 1:50,389,376,13
2015-04-30 1:51,391,377,14
2015-04-30 1:52,392,379,13
2015-04-30 1:53,394,381,13
2015-04-30 1:54,396,382,14
2015-04-30 1:55,397,384,13
2015-04-30 1:56,399,385,14
2015-04-30 1:57,400,387,13
2015-04-30 1:58,402,389,13
2015-04-30 1:59,404,390,14
2015-04-30 2:00,405,392,13
2015-04-30 2:01,407,393,14
2015-04-30 2:02,409,395,14
2015-04-30 2:03,411,396,15
2015-04-30 2:04,412,398,14
2015-04-30 2:05,413,399,14
2015-04-30 2:06,415,401,14
2015-04-30 2:07,416,403,13
2015-04-30 2:08,418,404,14
2015-04-30 2:09,419,406,13
2015-04-30 2:10,421,407,14
2015-04-30 2:11,422,409,13
2015-04-30 2:12,424,410,14
2015-04-30 2:13,425,411,14
2015-04-30 2:14,427,413,14
2015-04-30 2:15,428,414,14
2015-04-30 2:16,429,416,13
2015-04-30 2:17,431,417,14
2015-04-30 2:18,432,419,13
2015-04-30 2:19,433,420,13
2015-04-30 2:20,434,422,12
2015-04-30 2:21,436,423,13
2015-04-30 2:22,437,424,13
2015-04-30 2:23,438,426,12
2015-04-30 2:24,440,427,13
2015-04-30 2:25,441,428,13
2015-04-30 2:26,442,430,12
2015-04-30 2:27,444,431,13
2015-04-30 2:28,445,432,13
2015-04-30 2:29,446,434,12
2015-04-30 2:30,447,435,12
2015-04-30 2:31,449,436,13
2015-04-30 2:32,450,438,12
2015-04-30 2:33,451,439,12
2015-04-30 2:34,452,440,12
2015-04-30 2:35,453,441,12
2015-04-30 2:36,455,443,12
2015-04-30 2:37,456,444,12
2015-04-30 2:38,457,445,12
2015-04-30 2:39,458,446,12
2015-04-30 2:40,459,447,12
2015-04-30 2:41,461,449,12
2015-04-30 2:42,462,450,12
2015-04-30 2:43,463,451,12
2015-04-30 2:44,464,452,12
2015-04-30 2:45,466,453,13
2015-04-30 2:46,467,454,13
2015-04-30 2:47,468,455,13
2015-04-30 2:48,469,456,13
2015-04-30 2:49,470,457,13
2015-04-30 2:50,471,458,13
2015-04-30 2:51,472,459,13
2015-04-30 2:52,473,460,13
2015-04-30 2:53,474,461,13
2015-04-30 2:54,475,462,13
2015-04-30 2:55,476,463,13
2015-04-30 2:56,477,464,13
2015-04-30 2:57,478,465,13
2015-04-30 2:58,479,466,13
2015-04-30 2:59,480,467,13
2015-04-30 3:00,481,468,13
2015-04-30 3:01,482,468,14
2015-04-30 3:02,483,469,14
2015-04-30 3:03,483,470,13
2015-04-30 3:04,484,471,13
2015-04-30 3:05,485,472,13
2015-04-30 3:06,486,472,14
2015-04-30 3:07,487,473,14
2015-04-30 3:08,487,474,13
2015-04-30 3:09,488,475,13
2015-04-30 3:10,488,475,13
2015-04-30 3:11,489,476,13
2015-04-30 3:12,489,477,12
2015-04-30 3:13,490,477,13
2015-04-30 3:14,491,478,13
2015-04-30 3:15,491,479,12
2015-04-30 3:16,491,479,12
2015-04-30 3:17,492,480,12
2015-04-30 3:18,493,480,13
2015-04-30 3:19,494,481,13
2015-04-30 3:20,495,481,14
2015-04-30 3:21,495,482,13
2015-04-30 3:22,495,482,13
2015-04-30 3:23,496,483,13
2015-04-30 3:24,496,483,13
2015-04-30 3:25,496,484,12
2015-04-30 3:26,496,484,12
2015-04-30 3:27,497,484,13
2015-04-30 3:28,499,485,14
2015-04-30 3:29,498,485,13
2015-04-30 3:30,498,485,13
2015-04-30 3:31,499,486,13
2015-04-30 3:32,500,486,14
2015-04-30 3:33,500,486,14
2015-04-30 3:34,500,486,14
2015-04-30 3:35,500,487,13
2015-04-30 3:36,500,487,13
2015-04-30 3:37,501,487,14
2015-04-30 3:38,501,487,14
2015-04-30 3:39,501,487,14
2015-04-30 3:40,501,487,14
2015-04-30 3:41,501,488,13
2015-04-30 3:42,501,488,13
2015-04-30 3:43,501,488,13
2015-04-30 3:44,501,488,13
2015-04-30 3:45,501,488,13
2015-04-30 3:46,501,488,13
2015-04-30 3:47,501,488,13
2015-04-30 3:48,501,488,13
2015-04-30 3:49,501,488,13
2015-04-30 3:50,501,488,13
2015-04-30 3:51,500,487,13
2015-04-30 3:52,500,487,13
2015-04-30 3:53,499,487,12
2015-04-30 3:54,499,487,12
2015-04-30 3:55,499,487,12
2015-04-30 3:56,498,487,11
2015-04-30 3:57,497,487,10
2015-04-30 3:58,497,486,11
2015-04-30 3:59,496,486,10
2015-04-30 4:00,496,486,10
2015-04-30 4:01,495,486,9
2015-04-30 4:02,494,485,9
2015-04-30 4:03,494,485,9
2015-04-30 4:04,493,485,8
2015-04-30 4:05,493,484,9
2015-04-30 4:06,492,484,8
2015-04-30 4:07,491,483,8
2015-04-30 4:08,490,483,7
2015-04-30 4:09,490,483,7
2015-04-30 4:10,489,482,7
2015-04-30 4:11,488,482,6
2015-04-30 4:12,487,481,6
2015-04-30 4:13,487,481,6
2015-04-30 4:14,486,480,6
2015-04-30 4:15,485,480,5
2015-04-30 4:16,484,479,5
2015-04-30 4:17,484,479,5
2015-04-30 4:18,483,478,5
2015-04-30 4:19,482,477,5
2015-04-30 4:20,481,477,4
2015-04-30 4:21,480,476,4
2015-04-30 4:22,479,476,3
2015-04-30 4:23,479,475,4
2015-04-30 4:24,478,474,4
2015-04-30 4:25,477,473,4
2015-04-30 4:26,476,473,3
2015-04-30 4:27,475,472,3
2015-04-30 4:28,474,471,3
2015-04-30 4:29,473,471,2
2015-04-30 4:30,472,470,2
2015-04-30 4:31,471,469,2
2015-04-30 4:32,470,468,2
2015-04-30 4:33,469,467,2
2015-04-30 4:34,469,466,3
2015-04-30 4:35,467,466,1
2015-04-30 4:36,467,465,2
2015-04-30 4:37,466,464,2
2015-04-30 4:38,465,463,2
2015-04-30 4:39,464,462,2
2015-04-30 4:40,463,461,2
2015-04-30 4:41,462,460,2
2015-04-30 4:42,461,459,2
2015-04-30 4:43,460,458,2
2015-04-30 4:44,458,457,1
2015-04-30 4:45,458,456,2
2015-04-30 4:46,457,455,2
2015-04-30 4:47,455,454,1
2015-04-30 4:48,455,453,2
2015-04-30 4:49,454,452,2
2015-04-30 4:50,453,451,2
2015-04-30 4:51,452,450,2
2015-04-30 4:52,451,449,2
2015-04-30 4:53,450,448,2
2015-04-30 4:54,449,447,2
2015-04-30 4:55,448,446,2
2015-04-30 4:56,447,445,2
2015-04-30 4:57,446,443,3
2015-04-30 4:58,445,442,3
2015-04-30 4:59,444,441,3
2015-04-30 5:00,443,440,3
2015-04-30 5:01,442,439,3
2015-04-30 5:02,441,438,3
2015-04-30 5:03,440,436,4
2015-04-30 5:04,439,435,4
2015-04-30 5:05,438,434,4
2015-04-30 5:06,436,433,3
2015-04-30 5:07,435,432,3
2015-04-30 5:08,435,430,5
2015-04-30 5:09,433,429,4
2015-04-30 5:10,432,428,4
2015-04-30 5:11,431,427,4
2015-04-30 5:12,430,425,5
2015-04-30 5:13,429,424,5
2015-04-30 5:14,428,423,5
2015-04-30 5:15,426,421,5
2015-04-30 5:16,425,420,5
2015-04-30 5:17,424,419,5
2015-04-30 5:18,423,418,5
2015-04-30 5:19,421,416,5
2015-04-30 5:20,420,415,5
2015-04-30 5:21,419,414,5
2015-04-30 5:22,418,412,6
2015-04-30 5:23,417,411,6
2015-04-30 5:24,415,410,5
2015-04-30 5:25,414,408,6
2015-04-30 5:26,413,407,6
2015-04-30 5:27,412,405,7
2015-04-30 5:28,411,404,7
2015-04-30 5:29,410,403,7
2015-04-30 5:30,409,401,8
2015-04-30 5:31,407,400,7
2015-04-30 5:32,406,399,7
2015-04-30 5:33,405,397,8
2015-04-30 5:34,404,396,8
2015-04-30 5:35,403,394,9
2015-04-30 5:36,401,393,8
2015-04-30 5:37,400,392,8
2015-04-30 5:38,399,390,9
2015-04-30 5:39,398,389,9
2015-04-30 5:40,396,387,9
2015-04-30 5:41,395,386,9
2015-04-30 5:42,394,384,10
2015-04-30 5:43,393,383,10
2015-04-30 5:44,392,382,10
2015-04-30 5:45,390,380,10
2015-04-30 5:46,389,379,10
2015-04-30 5:47,388,377,11
2015-04-30 5:48,386,376,10
2015-04-30 5:49,385,374,11
2015-04-30 5:50,383,373,10
2015-04-30 5:51,382,372,10
2015-04-30 5:52,381,370,11
2015-04-30 5:53,379,369,10
2015-04-30 5:54,378,367,11
2015-04-30 5:55,377,366,11
2015-04-30 5:56,375,364,11
2015-04-30 5:57,374,363,11
2015-04-30 5:58,373,361,12
2015-04-30 5:59,371,360,11
2015-04-30 6:00,370,359,11
2015-04-30 6:01,369,357,12
2015-04-30 6:02,367,356,11
2015-04-30 6:03,366,354,12
2015-04-30 6:04,364,353,11
2015-04-30 6:05,363,351,12
2015-04-30 6:06,361,350,11
2015-04-30 6:07,360,348,12
2015-04-30 6:08,359,347,12
2015-04-30 6:09,357,346,11
2015-04-30 6:10,356,344,12
2015-04-30 6:11,355,343,12
2015-04-30 6:12,353,341,12
2015-04-30 6:13,352,340,12
2015-04-30 6:14,351,338,13
2015-04-30 6:15,349,337,12
2015-04-30 6:16,348,336,12
2015-04-30 6:17,346,334,12
2015-04-30 6:18,345,333,12
2015-04-30 6:19,344,331,13
2015-04-30 6:20,342,330,12
2015-04-30 6:21,341,328,13
2015-04-30 6:22,340,327,13
2015-04-30 6:23,338,326,12
2015-04-30 6:24,337,324,13
2015-04-30 6:25,336,323,13
2015-04-30 6:26,335,321,14
2015-04-30 6:27,333,320,13
2015-04-30 6:28,332,319,13
2015-04-30 6:29,331,317,14
2015-04-30 6:30,329,316,13
2015-04-30 6:31,328,314,14
2015-04-30 6:32,326,313,13
2015-04-30 6:33,325,312,13
2015-04-30 6:34,323,310,13
2015-04-30 6:35,322,309,13
2015-04-30 6:36,321,307,14
2015-04-30 6:37,320,306,14
2015-04-30 6:38,318,305,13
2015-04-30 6:39,317,303,14
2015-04-30 6:40,316,302,14
2015-04-30 6:41,315,301,14
2015-04-30 6:42,313,299,14
2015-04-30 6:43,312,298,14
2015-04-30 6:44,311,297,14
2015-04-30 6:45,309,295,14
2015-04-30 6:46,308,294,14
2015-04-30 6:47,307,292,15
2015-04-30 6:48,305,291,14
2015-04-30 6:49,304,290,14
2015-04-30 6:50,303,288,15
2015-04-30 6:51,302,287,15
2015-04-30 6:52,300,286,14
2015-04-30 6:53,299,284,15
2015-04-30 6:54,298,283,15
2015-04-30 6:55,296,282,14
2015-04-30 6:56,295,280,15
2015-04-30 6:57,294,279,15
2015-04-30 6:58,292,278,14
2015-04-30 6:59,291,277,14
2015-04-30 7:00,290,275,15
2015-04-30 7:01,288,274,14
2015-04-30 7:02,287,273,14
2015-04-30 7:03,286,271,15
2015-04-30 7:04,285,270,15
2015-04-30 7:05,283,269,14
2015-04-30 7:06,282,268,14
2015-04-30 7:07,281,266,15
2015-04-30 7:08,280,265,15
2015-04-30 7:09,279,264,15
2015-04-30 7:10,277,262,15
2015-04-30 7:11,276,261,15
2015-04-30 7:12,275,260,15
2015-04-30 7:13,273,259,14
2015-04-30 7:14,272,257,15
2015-04-30 7:15,271,256,15
2015-04-30 7:16,270,255,15
2015-04-30 7:17,268,254,14
2015-04-30 7:18,267,252,15
2015-04-30 7:19,266,251,15
2015-04-30 7:20,265,250,15
2015-04-30 7:21,264,249,15
2015-04-30 7:22,263,248,15
2015-04-30 7:23,261,246,15
2015-04-30 7:24,260,245,15
2015-04-30 7:25,259,244,15
2015-04-30 7:26,258,243,15
2015-04-30 7:27,257,241,16
2015-04-30 7:28,255,240,15
2015-04-30 7:29,254,239,15
2015-04-30 7:30,253,238,15
2015-04-30 7:31,252,237,15
2015-04-30 7:32,250,236,14
2015-04-30 7:33,249,234,15
2015-04-30 7:34,248,233,15
2015-04-30 7:35,247,232,15
2015-04-30 7:36,246,231,15
2015-04-30 7:37,244,230,14
2015-04-30 7:38,243,228,15
2015-04-30 7:39,242,227,15
2015-04-30 7:40,241,226,15
2015-04-30 7:41,240,225,15
2015-04-30 7:42,239,224,15
2015-04-30 7:43,238,223,15
2015-04-30 7:44,236,222,14
2015-04-30 7:45,235,220,15
2015-04-30 7:46,234,219,15
2015-04-30 7:47,233,218,15
2015-04-30 7:48,231,217,14
2015-04-30 7:49,230,216,14
2015-04-30 7:50,229,215,14
2015-04-30 7:51,228,214,14
2015-04-30 7:52,-,213,-
2015-04-30 7:53,-,211,-
2015-04-30 7:54,-,210,-
2015-04-30 7:55,-,209,-
2015-04-30 7:56,-,208,-
2015-04-30 7:57,221,207,14
2015-04-30 7:58,219,206,13
2015-04-30 7:59,218,205,13
2015-04-30 8:00,217,204,13
2015-04-30 8:01,216,203,13
2015-04-30 8:02,215,202,13
2015-04-30 8:03,214,200,14
2015-04-30 8:04,213,199,14
2015-04-30 8:05,212,198,14
2015-04-30 8:06,210,197,13
2015-04-30 8:07,209,196,13
2015-04-30 8:08,208,195,13
2015-04-30 8:09,207,194,13
2015-04-30 8:10,206,193,13
2015-04-30 8:11,205,192,13
2015-04-30 8:12,204,191,13
2015-04-30 8:13,203,190,13
2015-04-30 8:14,202,189,13
2015-04-30 8:15,201,188,13
2015-04-30 8:16,200,187,13
2015-04-30 8:17,199,186,13
2015-04-30 8:18,198,185,13
2015-04-30 8:19,197,184,13
2015-04-30 8:20,196,183,13
2015-04-30 8:21,195,182,13
2015-04-30 8:22,193,181,12
2015-04-30 8:23,192,180,12
2015-04-30 8:24,191,179,12
2015-04-30 8:25,190,178,12
2015-04-30 8:26,189,177,12
2015-04-30 8:27,188,176,12
2015-04-30 8:28,187,175,12
2015-04-30 8:29,186,174,12
2015-04-30 8:30,185,173,12
2015-04-30 8:31,184,172,12
2015-04-30 8:32,183,171,12
2015-04-30 8:33,182,170,12
2015-04-30 8:34,181,169,12
2015-04-30 8:35,180,168,12
2015-04-30 8:36,179,167,12
2015-04-30 8:37,178,166,12
2015-04-30 8:38,177,165,12
2015-04-30 8:39,176,164,12
2015-04-30 8:40,175,164,11
2015-04-30 8:41,174,163,11
2015-04-30 8:42,173,162,11
2015-04-30 8:43,172,161,11
2015-04-30 8:44,171,160,11
2015-04-30 8:45,170,159,11
2015-04-30 8:46,169,158,11
2015-04-30 8:47,168,157,11
2015-04-30 8:48,167,156,11
2015-04-30 8:49,166,156,10
2015-04-30 8:50,165,155,10
2015-04-30 8:51,164,154,10
2015-04-30 8:52,163,153,10
2015-04-30 8:53,162,152,10
2015-04-30 8:54,161,151,10
2015-04-30 8:55,160,151,9
2015-04-30 8:56,159,150,9
2015-04-30 8:57,158,149,9
2015-04-30 8:58,157,148,9
2015-04-30 8:59,156,147,9
2015-04-30 9:00,155,147,8
2015-04-30 9:01,154,146,8
2015-04-30 9:02,153,145,8
2015-04-30 9:03,153,144,9
2015-04-30 9:04,152,144,8
2015-04-30 9:05,151,143,8
2015-04-30 9:06,150,142,8
2015-04-30 9:07,149,141,8
2015-04-30 9:08,148,141,7
2015-04-30 9:09,147,140,7
2015-04-30 9:10,146,139,7
2015-04-30 9:11,145,138,7
2015-04-30 9:12,144,138,6
2015-04-30 9:13,143,137,6
2015-04-30 9:14,142,136,6
2015-04-30 9:15,141,136,5
2015-04-30 9:16,140,135,5
2015-04-30 9:17,139,134,5
2015-04-30 9:18,138,134,4
2015-04-30 9:19,137,133,4
2015-04-30 9:20,137,132,5
2015-04-30 9:21,136,132,4
2015-04-30 9:22,135,131,4
2015-04-30 9:23,134,131,3
2015-04-30 9:24,133,130,3
2015-04-30 9:25,132,129,3
2015-04-30 9:26,131,129,2
2015-04-30 9:27,130,128,2
2015-04-30 9:28,129,128,1
2015-04-30 9:29,129,127,2
2015-04-30 9:30,128,127,1
2015-04-30 9:31,127,126,1
2015-04-30 9:32,126,126,0
2015-04-30 9:33,125,125,0
2015-04-30 9:34,124,125,-1
2015-04-30 9:35,123,124,-1
2015-04-30 9:36,122,124,-2
2015-04-30 9:37,121,123,-2
2015-04-30 9:38,121,123,-2
2015-04-30 9:39,120,122,-2
2015-04-30 9:40,119,122,-3
2015-04-30 9:41,118,121,-3
2015-04-30 9:42,117,121,-4
2015-04-30 9:43,116,121,-5
2015-04-30 9:44,115,120,-5
2015-04-30 9:45,115,120,-5
2015-04-30 9:46,114,119,-5
2015-04-30 9:47,113,119,-6
2015-04-30 9:48,112,119,-7
2015-04-30 9:49,111,118,-7
2015-04-30 9:50,111,118,-7
2015-04-30 9:51,110,118,-8
2015-04-30 9:52,109,117,-8
2015-04-30 9:53,109,117,-8
2015-04-30 9:54,107,117,-10
2015-04-30 9:55,107,116,-9
2015-04-30 9:56,106,116,-10
2015-04-30 9:57,105,116,-11
2015-04-30 9:58,104,116,-12
2015-04-30 9:59,103,115,-12
2015-04-30 10:00,103,115,-12
2015-04-30 10:01,102,115,-13
2015-04-30 10:02,102,115,-13
2015-04-30 10:03,101,115,-14
2015-04-30 10:04,100,114,-14
2015-04-30 10:05,99,114,-15
2015-04-30 10:06,98,114,-16
2015-04-30 10:07,98,114,-16
2015-04-30 10:08,97,114,-17
2015-04-30 10:09,97,114,-17
2015-04-30 10:10,96,114,-18
2015-04-30 10:11,95,114,-19
2015-04-30 10:12,95,114,-19
2015-04-30 10:13,94,114,-20
2015-04-30 10:14,93,113,-20
2015-04-30 10:15,93,113,-20
2015-04-30 10:16,93,113,-20
2015-04-30 10:17,92,113,-21
2015-04-30 10:18,92,113,-21
2015-04-30 10:19,91,113,-22
2015-04-30 10:20,91,113,-22
2015-04-30 10:21,91,113,-22
2015-04-30 10:22,90,114,-24
2015-04-30 10:23,90,114,-24
2015-04-30 10:24,90,114,-24
2015-04-30 10:25,89,114,-25
2015-04-30 10:26,90,114,-24
2015-04-30 10:27,89,114,-25
2015-04-30 10:28,89,114,-25
2015-04-30 10:29,89,114,-25
2015-04-30 10:30,88,114,-26
2015-04-30 10:31,88,115,-27
2015-04-30 10:32,88,115,-27
2015-04-30 10:33,88,115,-27
2015-04-30 10:34,89,115,-26
2015-04-30 10:35,89,115,-26
2015-04-30 10:36,89,116,-27
2015-04-30 10:37,89,116,-27
2015-04-30 10:38,89,116,-27
2015-04-30 10:39,89,116,-27
2015-04-30 10:40,89,117,-28
2015-04-30 10:41,90,117,-27
2015-04-30 10:42,90,117,-27
2015-04-30 10:43,91,118,-27
2015-04-30 10:44,91,118,-27
2015-04-30 10:45,92,118,-26
2015-04-30 10:46,93,119,-26
2015-04-30 10:47,94,119,-25
2015-04-30 10:48,95,119,-24
2015-04-30 10:49,96,120,-24
2015-04-30 10:50,98,120,-22
2015-04-30 10:51,99,121,-22
2015-04-30 10:52,101,121,-20
2015-04-30 10:53,102,122,-20
2015-04-30 10:54,103,122,-19
2015-04-30 10:55,105,123,-18
2015-04-30 10:56,106,123,-17
2015-04-30 10:57,108,124,-16
2015-04-30 10:58,109,124,-15
2015-04-30 10:59,111,125,-14
2015-04-30 11:00,112,125,-13
2015-04-30 11:01,113,126,-13
2015-04-30 11:02,114,126,-12
2015-04-30 11:03,115,127,-12
2015-04-30 11:04,116,127,-11
2015-04-30 11:05,117,128,-11
2015-04-30 11:06,118,129,-11
2015-04-30 11:07,119,129,-10
2015-04-30 11:08,120,130,-10
2015-04-30 11:09,121,131,-10
2015-04-30 11:10,123,131,-8
2015-04-30 11:11,123,132,-9
2015-04-30 11:12,125,133,-8
2015-04-30 11:13,126,133,-7
2015-04-30 11:14,127,134,-7
2015-04-30 11:15,128,135,-7
2015-04-30 11:16,129,136,-7
2015-04-30 11:17,130,136,-6
2015-04-30 11:18,130,137,-7
2015-04-30 11:19,131,138,-7
2015-04-30 11:20,131,139,-8
2015-04-30 11:21,133,140,-7
2015-04-30 11:22,134,140,-6
2015-04-30 11:23,135,141,-6
2015-04-30 11:24,136,142,-6
2015-04-30 11:25,137,143,-6
2015-04-30 11:26,138,144,-6
2015-04-30 11:27,139,145,-6
2015-04-30 11:28,139,146,-7
2015-04-30 11:29,139,147,-8
2015-04-30 11:30,140,147,-7
2015-04-30 11:31,141,148,-7
2015-04-30 11:32,141,149,-8
2015-04-30 11:33,141,150,-9
2015-04-30 11:34,142,151,-9
2015-04-30 11:35,143,152,-9
2015-04-30 11:36,143,153,-10
2015-04-30 11:37,144,154,-10
2015-04-30 11:38,145,155,-10
2015-04-30 11:39,145,156,-11
2015-04-30 11:40,146,157,-11
2015-04-30 11:41,147,158,-11
2015-04-30 11:42,148,159,-11
2015-04-30 11:43,149,161,-12
2015-04-30 11:44,150,162,-12
2015-04-30 11:45,150,163,-13
2015-04-30 11:46,151,164,-13
2015-04-30 11:47,152,165,-13
2015-04-30 11:48,153,166,-13
2015-04-30 11:49,154,167,-13
2015-04-30 11:50,155,168,-13
2015-04-30 11:51,156,170,-14
2015-04-30 11:52,158,171,-13
2015-04-30 11:53,159,172,-13
2015-04-30 11:54,160,173,-13
2015-04-30 11:55,162,174,-12
2015-04-30 11:56,163,175,-12
2015-04-30 11:57,165,177,-12
2015-04-30 11:58,166,178,-12
2015-04-30 11:59,167,179,-12
2015-04-30 12:00,169,180,-11
2015-04-30 12:01,170,182,-12
2015-04-30 12:02,171,183,-12
2015-04-30 12:03,172,184,-12
2015-04-30 12:04,174,186,-12
2015-04-30 12:05,175,187,-12
2015-04-30 12:06,177,188,-11
2015-04-30 12:07,178,190,-12
2015-04-30 12:08,180,191,-11
2015-04-30 12:09,182,192,-10
2015-04-30 12:10,183,194,-11
2015-04-30 12:11,185,195,-10
2015-04-30 12:12,187,196,-9
2015-04-30 12:13,188,198,-10
2015-04-30 12:14,190,199,-9
2015-04-30 12:15,192,201,-9
2015-04-30 12:16,194,202,-8
2015-04-30 12:17,196,203,-7
2015-04-30 12:18,198,205,-7
2015-04-30 12:19,200,206,-6
2015-04-30 12:20,202,208,-6
2015-04-30 12:21,204,209,-5
2015-04-30 12:22,207,211,-4
2015-04-30 12:23,209,212,-3
2015-04-30 12:24,211,214,-3
2015-04-30 12:25,213,215,-2
2015-04-30 12:26,215,217,-2
2015-04-30 12:27,217,218,-1
2015-04-30 12:28,219,220,-1
2015-04-30 12:29,221,221,0
2015-04-30 12:30,223,223,0
2015-04-30 12:31,225,224,1
2015-04-30 12:32,227,226,1
2015-04-30 12:33,229,227,2
2015-04-30 12:34,231,229,2
2015-04-30 12:35,233,231,2
2015-04-30 12:36,235,232,3
2015-04-30 12:37,238,234,4
2015-04-30 12:38,240,235,5
2015-04-30 12:39,242,237,5
2015-04-30 12:40,243,239,4
2015-04-30 12:41,245,240,5
2015-04-30 12:42,247,242,5
2015-04-30 12:43,249,244,5
2015-04-30 12:44,251,245,6
2015-04-30 12:45,253,247,6
2015-04-30 12:46,255,248,7
2015-04-30 12:47,258,250,8
2015-04-30 12:48,260,252,8
2015-04-30 12:49,261,254,7
2015-04-30 12:50,263,255,8
2015-04-30 12:51,265,257,8
2015-04-30 12:52,267,259,8
2015-04-30 12:53,269,260,9
2015-04-30 12:54,272,262,10
2015-04-30 12:55,274,264,10
2015-04-30 12:56,276,265,11
2015-04-30 12:57,278,267,11
2015-04-30 12:58,280,269,11
2015-04-30 12:59,282,271,11
2015-04-30 13:00,284,272,12
2015-04-30 13:01,286,274,12
2015-04-30 13:02,289,276,13
2015-04-30 13:03,291,278,13
2015-04-30 13:04,293,279,14
2015-04-30 13:05,295,281,14
2015-04-30 13:06,297,283,14
2015-04-30 13:07,300,285,15
2015-04-30 13:08,302,287,15
2015-04-30 13:09,304,288,16
2015-04-30 13:10,306,290,16
2015-04-30 13:11,308,292,16
2015-04-30 13:12,310,294,16
2015-04-30 13:13,313,296,17
2015-04-30 13:14,315,297,18
2015-04-30 13:15,317,299,18
2015-04-30 13:16,319,301,18
2015-04-30 13:17,321,303,18
2015-04-30 13:18,323,305,18
2015-04-30 13:19,325,307,18
2015-04-30 13:20,327,308,19
2015-04-30 13:21,329,310,19
2015-04-30 13:22,332,312,20
2015-04-30 13:23,334,314,20
2015-04-30 13:24,336,316,20
2015-04-30 13:25,338,318,20
2015-04-30 13:26,340,320,20
2015-04-30 13:27,342,321,21
2015-04-30 13:28,344,323,21
2015-04-30 13:29,346,325,21
2015-04-30 13:30,349,327,22
2015-04-30 13:31,351,329,22
2015-04-30 13:32,353,331,22
2015-04-30 13:33,355,333,22
2015-04-30 13:34,357,334,23
2015-04-30 13:35,359,336,23
2015-04-30 13:36,361,338,23
2015-04-30 13:37,363,340,23
2015-04-30 13:38,365,342,23
2015-04-30 13:39,367,344,23
2015-04-30 13:40,370,346,24
2015-04-30 13:41,372,348,24
2015-04-30 13:42,374,349,25
2015-04-30 13:43,376,351,25
2015-04-30 13:44,378,353,25
2015-04-30 13:45,380,355,25
2015-04-30 13:46,382,357,25
2015-04-30 13:47,384,359,25
2015-04-30 13:48,386,361,25
2015-04-30 13:49,388,363,25
2015-04-30 13:50,391,364,27
2015-04-30 13:51,393,366,27
2015-04-30 13:52,394,368,26
2015-04-30 13:53,396,370,26
2015-04-30 13:54,398,372,26
2015-04-30 13:55,400,374,26
2015-04-30 13:56,402,376,26
2015-04-30 13:57,404,377,27
2015-04-30 13:58,406,379,27
2015-04-30 13:59,408,381,27
2015-04-30 14:00,410,383,27
2015-04-30 14:01,412,385,27
2015-04-30 14:02,414,387,27
2015-04-30 14:03,416,388,28
2015-04-30 14:04,418,390,28
2015-04-30 14:05,420,392,28
2015-04-30 14:06,422,394,28
2015-04-30 14:07,424,396,28
2015-04-30 14:08,426,398,28
2015-04-30 14:09,428,399,29
2015-04-30 14:10,429,401,28
2015-04-30 14:11,432,403,29
2015-04-30 14:12,433,405,28
2015-04-30 14:13,435,407,28
2015-04-30 14:14,437,408,29
2015-04-30 14:15,439,410,29
2015-04-30 14:16,441,412,29
2015-04-30 14:17,442,414,28
2015-04-30 14:18,444,415,29
2015-04-30 14:19,446,417,29
2015-04-30 14:20,448,419,29
2015-04-30 14:21,450,421,29
2015-04-30 14:22,451,422,29
2015-04-30 14:23,453,424,29
2015-04-30 14:24,455,426,29
2015-04-30 14:25,457,427,30
2015-04-30 14:26,458,429,29
2015-04-30 14:27,460,431,29
2015-04-30 14:28,462,432,30
2015-04-30 14:29,463,434,29
2015-04-30 14:30,465,436,29
2015-04-30 14:31,465,437,28
2015-04-30 14:32,467,439,28
2015-04-30 14:33,468,441,27
2015-04-30 14:34,470,442,28
2015-04-30 14:35,471,444,27
2015-04-30 14:36,473,445,28
2015-04-30 14:37,475,447,28
2015-04-30 14:38,476,449,27
2015-04-30 14:39,478,450,28
2015-04-30 14:40,479,452,27
2015-04-30 14:41,481,453,28
2015-04-30 14:42,483,455,28
2015-04-30 14:43,484,456,28
2015-04-30 14:44,486,458,28
2015-04-30 14:45,487,459,28
2015-04-30 14:46,488,461,27
2015-04-30 14:47,490,462,28
2015-04-30 14:48,491,464,27
2015-04-30 14:49,493,465,28
2015-04-30 14:50,494,466,28
2015-04-30 14:51,495,468,27
2015-04-30 14:52,497,469,28
2015-04-30 14:53,498,471,27
2015-04-30 14:54,500,472,28
2015-04-30 14:55,501,473,28
2015-04-30 14:56,502,475,27
2015-04-30 14:57,504,476,28
2015-04-30 14:58,505,477,28
2015-04-30 14:59,507,479,28
2015-04-30 15:00,508,480,28
2015-04-30 15:01,509,481,28
2015-04-30 15:02,510,482,28
2015-04-30 15:03,512,484,28
2015-04-30 15:04,513,485,28
2015-04-30 15:05,514,486,28
2015-04-30 15:06,515,487,28
2015-04-30 15:07,516,488,28
2015-04-30 15:08,518,490,28
2015-04-30 15:09,518,491,27
2015-04-30 15:10,520,492,28
2015-04-30 15:11,521,493,28
2015-04-30 15:12,522,494,28
2015-04-30 15:13,523,495,28
2015-04-30 15:14,524,496,28
2015-04-30 15:15,525,497,28
2015-04-30 15:16,526,498,28
2015-04-30 15:17,527,499,28
2015-04-30 15:18,527,500,27
2015-04-30 15:19,528,501,27
2015-04-30 15:20,529,502,27
2015-04-30 15:21,529,503,26
2015-04-30 15:22,530,504,26
2015-04-30 15:23,531,505,26
2015-04-30 15:24,532,505,27
2015-04-30 15:25,533,506,27
2015-04-30 15:26,533,507,26
2015-04-30 15:27,534,508,26
2015-04-30 15:28,535,509,26
2015-04-30 15:29,536,509,27
2015-04-30 15:30,536,510,26
2015-04-30 15:31,537,511,26
2015-04-30 15:32,538,512,26
2015-04-30 15:33,538,512,26
2015-04-30 15:34,539,513,26
2015-04-30 15:35,539,514,25
2015-04-30 15:36,540,514,26
2015-04-30 15:37,540,515,25
2015-04-30 15:38,541,515,26
2015-04-30 15:39,541,516,25
2015-04-30 15:40,542,517,25
2015-04-30 15:41,542,517,25
2015-04-30 15:42,542,518,24
2015-04-30 15:43,543,518,25
2015-04-30 15:44,543,519,24
2015-04-30 15:45,544,519,25
2015-04-30 15:46,544,519,25
2015-04-30 15:47,544,520,24
2015-04-30 15:48,545,520,25
2015-04-30 15:49,545,520,25
2015-04-30 15:50,545,521,24
2015-04-30 15:51,545,521,24
2015-04-30 15:52,545,521,24
2015-04-30 15:53,545,522,23
2015-04-30 15:54,545,522,23
2015-04-30 15:55,545,522,23
2015-04-30 15:56,545,522,23
2015-04-30 15:57,545,523,22
2015-04-30 15:58,545,523,22
2015-04-30 15:59,545,523,22
2015-04-30 16:00,545,523,22
2015-04-30 16:01,544,523,21
2015-04-30 16:02,544,523,21
2015-04-30 16:03,544,523,21
2015-04-30 16:04,543,523,20
2015-04-30 16:05,543,523,20
2015-04-30 16:06,543,523,20
2015-04-30 16:07,542,523,19
2015-04-30 16:08,542,523,19
2015-04-30 16:09,541,523,18
2015-04-30 16:10,541,523,18
2015-04-30 16:11,540,523,17
2015-04-30 16:12,540,523,17
2015-04-30 16:13,539,523,16
2015-04-30 16:14,539,522,17
2015-04-30 16:15,538,522,16
2015-04-30 16:16,538,522,16
2015-04-30 16:17,537,522,15
2015-04-30 16:18,536,522,14
2015-04-30 16:19,535,521,14
2015-04-30 16:20,534,521,13
2015-04-30 16:21,534,521,13
2015-04-30 16:22,533,520,13
2015-04-30 16:23,532,520,12
2015-04-30 16:24,531,520,11
2015-04-30 16:25,530,519,11
2015-04-30 16:26,530,519,11
2015-04-30 16:27,529,518,11
2015-04-30 16:28,528,518,10
2015-04-30 16:29,527,517,10
2015-04-30 16:30,526,517,9
2015-04-30 16:31,526,516,10
2015-04-30 16:32,525,516,9
2015-04-30 16:33,524,515,9
2015-04-30 16:34,523,515,8
2015-04-30 16:35,522,514,8
2015-04-30 16:36,521,513,8
2015-04-30 16:37,520,513,7
2015-04-30 16:38,519,512,7
2015-04-30 16:39,517,512,5
2015-04-30 16:40,516,511,5
2015-04-30 16:41,515,510,5
2015-04-30 16:42,514,509,5
2015-04-30 16:43,513,509,4
2015-04-30 16:44,512,508,4
2015-04-30 16:45,511,507,4
2015-04-30 16:46,510,506,4
2015-04-30 16:47,509,506,3
2015-04-30 16:48,508,505,3
2015-04-30 16:49,507,504,3
2015-04-30 16:50,505,503,2
2015-04-30 16:51,504,502,2
2015-04-30 16:52,503,501,2
2015-04-30 16:53,502,500,2
2015-04-30 16:54,501,500,1
2015-04-30 16:55,500,499,1
2015-04-30 16:56,499,498,1
2015-04-30 16:57,498,497,1
2015-04-30 16:58,497,496,1
2015-04-30 16:59,496,495,1
2015-04-30 17:00,495,494,1
2015-04-30 17:01,494,493,1
2015-04-30 17:02,493,492,1
2015-04-30 17:03,492,491,1
2015-04-30 17:04,491,490,1
2015-04-30 17:05,490,488,2
2015-04-30 17:06,489,487,2
2015-04-30 17:07,488,486,2
2015-04-30 17:08,486,485,1
2015-04-30 17:09,485,484,1
2015-04-30 17:10,484,483,1
2015-04-30 17:11,483,482,1
2015-04-30 17:12,482,481,1
2015-04-30 17:13,480,479,1
2015-04-30 17:14,479,478,1
2015-04-30 17:15,478,477,1
2015-04-30 17:16,476,476,0
2015-04-30 17:17,475,474,1
2015-04-30 17:18,474,473,1
2015-04-30 17:19,473,472,1
2015-04-30 17:20,471,471,0
2015-04-30 17:21,470,469,1
2015-04-30 17:22,469,468,1
2015-04-30 17:23,468,467,1
2015-04-30 17:24,466,466,0
2015-04-30 17:25,465,464,1
2015-04-30 17:26,464,463,1
2015-04-30 17:27,463,462,1
2015-04-30 17:28,462,460,2
2015-04-30 17:29,460,459,1
2015-04-30 17:30,459,458,1
2015-04-30 17:31,457,456,1
2015-04-30 17:32,457,455,2
2015-04-30 17:33,455,453,2
2015-04-30 17:34,454,452,2
2015-04-30 17:35,452,451,1
2015-04-30 17:36,451,449,2
2015-04-30 17:37,449,448,1
2015-04-30 17:38,448,446,2
2015-04-30 17:39,447,445,2
2015-04-30 17:40,445,444,1
2015-04-30 17:41,444,442,2
2015-04-30 17:42,443,441,2
2015-04-30 17:43,442,439,3
2015-04-30 17:44,440,438,2
2015-04-30 17:45,438,436,2
2015-04-30 17:46,437,435,2
2015-04-30 17:47,436,433,3
2015-04-30 17:48,434,432,2
2015-04-30 17:49,433,431,2
2015-04-30 17:50,432,429,3
2015-04-30 17:51,430,428,2
2015-04-30 17:52,429,426,3
2015-04-30 17:53,427,425,2
2015-04-30 17:54,426,423,3
2015-04-30 17:55,425,422,3
2015-04-30 17:56,423,420,3
2015-04-30 17:57,422,419,3
2015-04-30 17:58,420,417,3
2015-04-30 17:59,419,416,3
2015-04-30 18:00,417,414,3
2015-04-30 18:01,416,413,3
2015-04-30 18:02,414,411,3
2015-04-30 18:03,413,409,4
2015-04-30 18:04,411,408,3
2015-04-30 18:05,410,406,4
2015-04-30 18:06,408,405,3
2015-04-30 18:07,407,403,4
2015-04-30 18:08,405,402,3
2015-04-30 18:09,404,400,4
2015-04-30 18:10,402,399,3
2015-04-30 18:11,401,397,4
2015-04-30 18:12,399,396,3
2015-04-30 18:13,397,394,3
2015-04-30 18:14,396,393,3
2015-04-30 18:15,395,391,4
2015-04-30 18:16,394,390,4
2015-04-30 18:17,392,388,4
2015-04-30 18:18,391,386,5
2015-04-30 18:19,389,385,4
2015-04-30 18:20,388,383,5
2015-04-30 18:21,387,382,5
2015-04-30 18:22,385,380,5
2015-04-30 18:23,383,379,4
2015-04-30 18:24,381,377,4
2015-04-30 18:25,380,376,4
2015-04-30 18:26,379,374,5
2015-04-30 18:27,377,373,4
2015-04-30 18:28,376,371,5
2015-04-30 18:29,374,370,4
2015-04-30 18:30,372,368,4
2015-04-30 18:31,372,366,6
2015-04-30 18:32,370,365,5
2015-04-30 18:33,369,363,6
2015-04-30 18:34,367,362,5
2015-04-30 18:35,365,360,5
2015-04-30 18:36,364,359,5
2015-04-30 18:37,363,357,6
2015-04-30 18:38,361,356,5
2015-04-30 18:39,360,354,6
2015-04-30 18:40,359,353,6
2015-04-30 18:41,357,351,6
2015-04-30 18:42,356,350,6
2015-04-30 18:43,354,348,6
2015-04-30 18:44,353,347,6
2015-04-30 18:45,352,345,7
2015-04-30 18:46,350,344,6
2015-04-30 18:47,348,342,6
2015-04-30 18:48,347,341,6
2015-04-30 18:49,346,339,7
2015-04-30 18:50,344,338,6
2015-04-30 18:51,343,336,7
2015-04-30 18:52,342,335,7
2015-04-30 18:53,340,333,7
2015-04-30 18:54,339,332,7
2015-04-30 18:55,338,330,8
2015-04-30 18:56,337,329,8
2015-04-30 18:57,335,327,8
2015-04-30 18:58,334,326,8
2015-04-30 18:59,332,324,8
2015-04-30 19:00,331,323,8
2015-04-30 19:01,329,321,8
2015-04-30 19:02,328,320,8
2015-04-30 19:03,327,318,9
2015-04-30 19:04,325,317,8
2015-04-30 19:05,324,316,8
2015-04-30 19:06,322,314,8
2015-04-30 19:07,321,313,8
2015-04-30 19:08,320,311,9
2015-04-30 19:09,318,310,8
2015-04-30 19:10,317,308,9
2015-04-30 19:11,316,307,9
2015-04-30 19:12,314,305,9
2015-04-30 19:13,313,304,9
2015-04-30 19:14,312,303,9
2015-04-30 19:15,310,301,9
2015-04-30 19:16,309,300,9
2015-04-30 19:17,307,298,9
2015-04-30 19:18,306,297,9
2015-04-30 19:19,304,296,8
2015-04-30 19:20,303,294,9
2015-04-30 19:21,302,293,9
2015-04-30 19:22,300,291,9
2015-04-30 19:23,299,290,9
2015-04-30 19:24,298,289,9
2015-04-30 19:25,297,287,10
2015-04-30 19:26,296,286,10
2015-04-30 19:27,294,284,10
2015-04-30 19:28,293,283,10
2015-04-30 19:29,292,282,10
2015-04-30 19:30,290,280,10
2015-04-30 19:31,289,279,10
2015-04-30 19:32,288,277,11
2015-04-30 19:33,286,276,10
2015-04-30 19:34,285,275,10
2015-04-30 19:35,284,273,11
2015-04-30 19:36,282,272,10
2015-04-30 19:37,281,271,10
2015-04-30 19:38,280,269,11
2015-04-30 19:39,279,268,11
2015-04-30 19:40,277,267,10
2015-04-30 19:41,276,265,11
2015-04-30 19:42,275,264,11
2015-04-30 19:43,273,263,10
2015-04-30 19:44,272,261,11
2015-04-30 19:45,271,260,11
2015-04-30 19:46,269,259,10
2015-04-30 19:47,268,257,11
2015-04-30 19:48,267,256,11
2015-04-30 19:49,265,255,10
2015-04-30 19:50,264,253,11
2015-04-30 19:51,263,252,11
2015-04-30 19:52,262,251,11
2015-04-30 19:53,261,249,12
2015-04-30 19:54,259,248,11
2015-04-30 19:55,258,247,11
2015-04-30 19:56,257,245,12
2015-04-30 19:57,256,244,12
2015-04-30 19:58,254,243,11
2015-04-30 19:59,253,241,12
2015-04-30 20:00,252,240,12
2015-04-30 20:01,250,239,11
2015-04-30 20:02,249,237,12
2015-04-30 20:03,248,236,12
2015-04-30 20:04,247,235,12
2015-04-30 20:05,246,234,12
2015-04-30 20:06,244,232,12
2015-04-30 20:07,243,231,12
2015-04-30 20:08,242,230,12
2015-04-30 20:09,241,228,13
2015-04-30 20:10,240,227,13
2015-04-30 20:11,238,226,12
2015-04-30 20:12,237,225,12
2015-04-30 20:13,236,223,13
2015-04-30 20:14,235,222,13
2015-04-30 20:15,233,221,12
2015-04-30 20:16,232,220,12
2015-04-30 20:17,231,218,13
2015-04-30 20:18,230,217,13
2015-04-30 20:19,229,216,13
2015-04-30 20:20,228,215,13
2015-04-30 20:21,227,213,14
2015-04-30 20:22,225,212,13
2015-04-30 20:23,224,211,13
2015-04-30 20:24,223,210,13
2015-04-30 20:25,222,208,14
2015-04-30 20:26,221,207,14
2015-04-30 20:27,219,206,13
2015-04-30 20:28,218,205,13
2015-04-30 20:29,217,203,14
2015-04-30 20:30,216,202,14
2015-04-30 20:31,215,201,14
2015-04-30 20:32,213,200,13
2015-04-30 20:33,212,199,13
2015-04-30 20:34,211,197,14
2015-04-30 20:35,210,196,14
2015-04-30 20:36,209,195,14
2015-04-30 20:37,208,194,14
2015-04-30 20:38,207,192,15
2015-04-30 20:39,206,191,15
2015-04-30 20:40,205,190,15
2015-04-30 20:41,204,189,15
2015-04-30 20:42,203,188,15
2015-04-30 20:43,202,187,15
2015-04-30 20:44,200,185,15
2015-04-30 20:45,199,184,15
2015-04-30 20:46,198,183,15
2015-04-30 20:47,197,182,15
2015-04-30 20:48,196,181,15
2015-04-30 20:49,195,179,16
2015-04-30 20:50,194,178,16
2015-04-30 20:51,193,177,16
2015-04-30 20:52,191,176,15
2015-04-30 20:53,190,175,15
2015-04-30 20:54,189,174,15
2015-04-30 20:55,188,173,15
2015-04-30 20:56,187,171,16
2015-04-30 20:57,186,170,16
2015-04-30 20:58,185,169,16
2015-04-30 20:59,184,168,16
2015-04-30 21:00,183,167,16
2015-04-30 21:01,182,166,16
2015-04-30 21:02,181,165,16
2015-04-30 21:03,180,164,16
2015-04-30 21:04,179,162,17
2015-04-30 21:05,177,161,16
2015-04-30 21:06,176,160,16
2015-04-30 21:07,175,159,16
2015-04-30 21:08,174,158,16
2015-04-30 21:09,173,157,16
2015-04-30 21:10,172,156,16
2015-04-30 21:11,171,155,16
2015-04-30 21:12,170,154,16
2015-04-30 21:13,169,153,16
2015-04-30 21:14,168,152,16
2015-04-30 21:15,167,151,16
2015-04-30 21:16,166,150,16
2015-04-30 21:17,166,149,17
2015-04-30 21:18,164,148,16
2015-04-30 21:19,163,147,16
2015-04-30 21:20,162,145,17
2015-04-30 21:21,161,144,17
2015-04-30 21:22,160,143,17
2015-04-30 21:23,159,142,17
2015-04-30 21:24,158,142,16
2015-04-30 21:25,157,141,16
2015-04-30 21:26,156,140,16
2015-04-30 21:27,155,139,16
2015-04-30 21:28,154,138,16
2015-04-30 21:29,153,137,16
2015-04-30 21:30,152,136,16
2015-04-30 21:31,151,135,16
2015-04-30 21:32,150,134,16
2015-04-30 21:33,149,133,16
2015-04-30 21:34,148,132,16
2015-04-30 21:35,147,131,16
2015-04-30 21:36,146,130,16
2015-04-30 21:37,145,129,16
2015-04-30 21:38,144,128,16
2015-04-30 21:39,143,128,15
2015-04-30 21:40,142,127,15
2015-04-30 21:41,141,126,15
2015-04-30 21:42,140,125,15
2015-04-30 21:43,138,124,14
2015-04-30 21:44,138,123,15
2015-04-30 21:45,136,122,14
2015-04-30 21:46,135,122,13
2015-04-30 21:47,135,121,14
2015-04-30 21:48,134,120,14
2015-04-30 21:49,133,119,14
2015-04-30 21:50,132,118,14
2015-04-30 21:51,131,118,13
2015-04-30 21:52,130,117,13
2015-04-30 21:53,129,116,13
2015-04-30 21:54,128,115,13
2015-04-30 21:55,127,115,12
2015-04-30 21:56,126,114,12
2015-04-30 21:57,125,113,12
2015-04-30 21:58,124,113,11
2015-04-30 21:59,123,112,11
2015-04-30 22:00,122,111,11
2015-04-30 22:01,121,111,10
2015-04-30 22:02,120,110,10
2015-04-30 22:03,119,109,10
2015-04-30 22:04,118,109,9
2015-04-30 22:05,117,108,9
2015-04-30 22:06,116,107,9
2015-04-30 22:07,116,107,9
2015-04-30 22:08,115,106,9
2015-04-30 22:09,114,106,8
2015-04-30 22:10,113,105,8
2015-04-30 22:11,112,104,8
2015-04-30 22:12,111,104,7
2015-04-30 22:13,111,103,8
2015-04-30 22:14,110,103,7
2015-04-30 22:15,109,102,7
2015-04-30 22:16,108,102,6
2015-04-30 22:17,107,101,6
2015-04-30 22:18,106,101,5
2015-04-30 22:19,105,100,5
2015-04-30 22:20,104,100,4
2015-04-30 22:21,103,99,4
2015-04-30 22:22,102,99,3
2015-04-30 22:23,101,99,2
2015-04-30 22:24,100,98,2
2015-04-30 22:25,99,98,1
2015-04-30 22:26,98,97,1
2015-04-30 22:27,97,97,0
2015-04-30 22:28,97,97,0
2015-04-30 22:29,96,96,0
2015-04-30 22:30,95,96,-1
2015-04-30 22:31,94,96,-2
2015-04-30 22:32,93,95,-2
2015-04-30 22:33,93,95,-2
2015-04-30 22:34,92,95,-3
2015-04-30 22:35,91,95,-4
2015-04-30 22:36,91,94,-3
2015-04-30 22:37,90,94,-4
2015-04-30 22:38,90,94,-4
2015-04-30 22:39,89,94,-5
2015-04-30 22:40,88,94,-6
2015-04-30 22:41,87,93,-6
2015-04-30 22:42,86,93,-7
2015-04-30 22:43,85,93,-8
2015-04-30 22:44,85,93,-8
2015-04-30 22:45,84,93,-9
2015-04-30 22:46,84,93,-9
2015-04-30 22:47,83,93,-10
2015-04-30 22:48,82,93,-11
2015-04-30 22:49,82,93,-11
2015-04-30 22:50,81,92,-11
2015-04-30 22:51,80,92,-12
2015-04-30 22:52,80,92,-12
2015-04-30 22:53,79,92,-13
2015-04-30 22:54,78,92,-14
2015-04-30 22:55,78,92,-14
2015-04-30 22:56,77,92,-15
2015-04-30 22:57,77,93,-16
2015-04-30 22:58,77,93,-16
2015-04-30 22:59,76,93,-17
2015-04-30 23:00,76,93,-17
2015-04-30 23:01,75,93,-18
2015-04-30 23:02,75,93,-18
2015-04-30 23:03,74,93,-19
2015-04-30 23:04,74,93,-19
2015-04-30 23:05,74,93,-19
2015-04-30 23:06,74,94,-20
2015-04-30 23:07,73,94,-21
2015-04-30 23:08,73,94,-21
2015-04-30 23:09,73,94,-21
2015-04-30 23:10,73,95,-22
2015-04-30 23:11,73,95,-22
2015-04-30 23:12,73,95,-22
2015-04-30 23:13,74,95,-21
2015-04-30 23:14,74,96,-22
2015-04-30 23:15,74,96,-22
2015-04-30 23:16,75,96,-21
2015-04-30 23:17,75,97,-22
2015-04-30 23:18,76,97,-21
2015-04-30 23:19,77,97,-20
2015-04-30 23:20,78,98,-20
2015-04-30 23:21,80,98,-18
2015-04-30 23:22,81,99,-18
2015-04-30 23:23,82,99,-17
2015-04-30 23:24,82,99,-17
2015-04-30 23:25,84,100,-16
2015-04-30 23:26,85,100,-15
2015-04-30 23:27,87,101,-14
2015-04-30 23:28,89,101,-12
2015-04-30 23:29,90,102,-12
2015-04-30 23:30,92,102,-10
2015-04-30 23:31,93,103,-10
2015-04-30 23:32,94,104,-10
2015-04-30 23:33,95,104,-9
2015-04-30 23:34,96,105,-9
2015-04-30 23:35,97,105,-8
2015-04-30 23:36,98,106,-8
2015-04-30 23:37,100,107,-7
2015-04-30 23:38,101,107,-6
2015-04-30 23:39,102,108,-6
2015-04-30 23:40,104,109,-5
2015-04-30 23:41,105,109,-4
2015-04-30 23:42,106,110,-4
2015-04-30 23:43,107,111,-4
2015-04-30 23:44,108,112,-4
2015-04-30 23:45,109,112,-3
2015-04-30 23:46,110,113,-3
2015-04-30 23:47,111,114,-3
2015-04-30 23:48,112,115,-3
2015-04-30 23:49,113,115,-2
2015-04-30 23:50,115,116,-1
2015-04-30 23:51,116,117,-1
2015-04-30 23:52,116,118,-2
2015-04-30 23:53,117,119,-2
2015-04-30 23:54,118,120,-2
2015-04-30 23:55,120,121,-1
2015-04-30 23:56,121,122,-1
2015-04-30 23:57,122,122,0
2015-04-30 23:58,123,123,0
2015-04-30 23:59,124,124,0
2015-05-01 0:00,124,125,-1
2015-05-01 0:01,126,126,0
2015-05-01 0:02,126,127,-1
2015-05-01 0:03,127,128,-1
2015-05-01 0:04,128,129,-1
2015-05-01 0:05,129,130,-1
2015-05-01 0:06,129,131,-2
2015-05-01 0:07,130,133,-3
2015-05-01 0:08,131,134,-3
2015-05-01 0:09,131,135,-4
2015-05-01 0:10,132,136,-4
2015-05-01 0:11,133,137,-4
2015-05-01 0:12,133,138,-5
2015-05-01 0:13,134,139,-5
2015-05-01 0:14,135,140,-5
2015-05-01 0:15,135,142,-7
2015-05-01 0:16,136,143,-7
2015-05-01 0:17,137,144,-7
2015-05-01 0:18,138,145,-7
2015-05-01 0:19,139,146,-7
2015-05-01 0:20,140,148,-8
2015-05-01 0:21,140,149,-9
2015-05-01 0:22,141,150,-9
2015-05-01 0:23,142,152,-10
2015-05-01 0:24,143,153,-10
2015-05-01 0:25,145,154,-9
2015-05-01 0:26,146,155,-9
2015-05-01 0:27,147,157,-10
2015-05-01 0:28,148,158,-10
2015-05-01 0:29,149,160,-11
2015-05-01 0:30,150,161,-11
2015-05-01 0:31,151,162,-11
2015-05-01 0:32,152,164,-12
2015-05-01 0:33,154,165,-11
2015-05-01 0:34,155,167,-12
2015-05-01 0:35,157,168,-11
2015-05-01 0:36,158,169,-11
2015-05-01 0:37,159,171,-12
2015-05-01 0:38,161,172,-11
2015-05-01 0:39,162,174,-12
2015-05-01 0:40,164,175,-11
2015-05-01 0:41,165,177,-12
2015-05-01 0:42,167,178,-11
2015-05-01 0:43,168,180,-12
2015-05-01 0:44,170,181,-11
2015-05-01 0:45,171,183,-12
2015-05-01 0:46,173,185,-12
2015-05-01 0:47,174,186,-12
2015-05-01 0:48,176,188,-12
2015-05-01 0:49,178,189,-11
2015-05-01 0:50,179,191,-12
2015-05-01 0:51,181,193,-12
2015-05-01 0:52,183,194,-11
2015-05-01 0:53,185,196,-11
2015-05-01 0:54,186,198,-12
2015-05-01 0:55,188,199,-11
2015-05-01 0:56,190,201,-11
2015-05-01 0:57,192,203,-11
2015-05-01 0:58,194,204,-10
2015-05-01 0:59,196,206,-10
2015-05-01 1:00,198,208,-10
2015-05-01 1:01,200,210,-10
2015-05-01 1:02,202,211,-9
2015-05-01 1:03,204,213,-9
2015-05-01 1:04,206,215,-9
2015-05-01 1:05,208,217,-9
2015-05-01 1:06,210,218,-8
2015-05-01 1:07,212,220,-8
2015-05-01 1:08,214,222,-8
2015-05-01 1:09,217,224,-7
2015-05-01 1:10,219,226,-7
2015-05-01 1:11,221,227,-6
2015-05-01 1:12,223,229,-6
2015-05-01 1:13,225,231,-6
2015-05-01 1:14,227,233,-6
2015-05-01 1:15,229,235,-6
2015-05-01 1:16,231,237,-6
2015-05-01 1:17,233,239,-6
2015-05-01 1:18,236,241,-5
2015-05-01 1:19,238,242,-4
2015-05-01 1:20,240,244,-4
2015-05-01 1:21,242,246,-4
2015-05-01 1:22,244,248,-4
2015-05-01 1:23,246,250,-4
2015-05-01 1:24,248,252,-4
2015-05-01 1:25,251,254,-3
2015-05-01 1:26,253,256,-3
2015-05-01 1:27,255,258,-3
2015-05-01 1:28,257,260,-3
2015-05-01 1:29,259,262,-3
2015-05-01 1:30,261,264,-3
2015-05-01 1:31,263,266,-3
2015-05-01 1:32,265,268,-3
2015-05-01 1:33,267,270,-3
2015-05-01 1:34,269,272,-3
2015-05-01 1:35,272,274,-2
2015-05-01 1:36,274,276,-2
2015-05-01 1:37,276,278,-2
2015-05-01 1:38,278,280,-2
2015-05-01 1:39,281,282,-1
2015-05-01 1:40,283,284,-1
2015-05-01 1:41,285,286,-1
2015-05-01 1:42,287,288,-1
2015-05-01 1:43,290,291,-1
2015-05-01 1:44,292,293,-1
2015-05-01 1:45,294,295,-1
2015-05-01 1:46,297,297,0
2015-05-01 1:47,299,299,0
2015-05-01 1:48,301,301,0
2015-05-01 1:49,303,303,0
2015-05-01 1:50,306,305,1
2015-05-01 1:51,308,307,1
2015-05-01 1:52,310,309,1
2015-05-01 1:53,313,312,1
2015-05-01 1:54,315,314,1
2015-05-01 1:55,317,316,1
2015-05-01 1:56,319,318,1
2015-05-01 1:57,322,320,2
2015-05-01 1:58,324,322,2
2015-05-01 1:59,326,324,2
2015-05-01 2:00,329,326,3
2015-05-01 2:01,331,329,2
2015-05-01 2:02,333,331,2
2015-05-01 2:03,335,333,2
2015-05-01 2:04,338,335,3
2015-05-01 2:05,340,337,3
2015-05-01 2:06,342,339,3
2015-05-01 2:07,344,342,2
2015-05-01 2:08,347,344,3
2015-05-01 2:09,349,346,3
2015-05-01 2:10,351,348,3
2015-05-01 2:11,354,350,4
2015-05-01 2:12,356,352,4
2015-05-01 2:13,358,354,4
2015-05-01 2:14,360,357,3
2015-05-01 2:15,362,359,3
2015-05-01 2:16,365,361,4
2015-05-01 2:17,367,363,4
2015-05-01 2:18,369,365,4
2015-05-01 2:19,372,367,5
2015-05-01 2:20,374,369,5
2015-05-01 2:21,376,372,4
2015-05-01 2:22,378,374,4
2015-05-01 2:23,380,376,4
2015-05-01 2:24,382,378,4
2015-05-01 2:25,384,380,4
2015-05-01 2:26,387,382,5
2015-05-01 2:27,388,384,4
2015-05-01 2:28,391,386,5
2015-05-01 2:29,393,389,4
2015-05-01 2:30,394,391,3
2015-05-01 2:31,396,393,3
2015-05-01 2:32,398,395,3
2015-05-01 2:33,400,397,3
2015-05-01 2:34,403,399,4
2015-05-01 2:35,405,401,4
2015-05-01 2:36,407,403,4
2015-05-01 2:37,409,405,4
2015-05-01 2:38,411,407,4
2015-05-01 2:39,413,409,4
2015-05-01 2:40,415,412,3
2015-05-01 2:41,417,414,3
2015-05-01 2:42,419,416,3
2015-05-01 2:43,421,418,3
2015-05-01 2:44,423,420,3
2015-05-01 2:45,425,422,3
2015-05-01 2:46,427,424,3
2015-05-01 2:47,429,426,3
2015-05-01 2:48,431,428,3
2015-05-01 2:49,433,430,3
2015-05-01 2:50,435,432,3
2015-05-01 2:51,437,434,3
2015-05-01 2:52,439,436,3
2015-05-01 2:53,441,437,4
2015-05-01 2:54,443,439,4
2015-05-01 2:55,445,441,4
2015-05-01 2:56,447,443,4
2015-05-01 2:57,449,445,4
2015-05-01 2:58,451,447,4
2015-05-01 2:59,453,449,4
2015-05-01 3:00,455,451,4
2015-05-01 3:01,457,453,4
2015-05-01 3:02,459,454,5
2015-05-01 3:03,460,456,4
2015-05-01 3:04,462,458,4
2015-05-01 3:05,464,460,4
2015-05-01 3:06,466,462,4
2015-05-01 3:07,468,463,5
2015-05-01 3:08,470,465,5
2015-05-01 3:09,471,467,4
2015-05-01 3:10,473,469,4
2015-05-01 3:11,475,470,5
2015-05-01 3:12,477,472,5
2015-05-01 3:13,479,474,5
2015-05-01 3:14,480,476,4
2015-05-01 3:15,482,477,5
2015-05-01 3:16,484,479,5
2015-05-01 3:17,486,480,6
2015-05-01 3:18,487,482,5
2015-05-01 3:19,489,484,5
2015-05-01 3:20,490,485,5
2015-05-01 3:21,492,487,5
2015-05-01 3:22,494,488,6
2015-05-01 3:23,495,490,5
2015-05-01 3:24,497,491,6
2015-05-01 3:25,499,493,6
2015-05-01 3:26,500,494,6
2015-05-01 3:27,502,496,6
2015-05-01 3:28,503,497,6
2015-05-01 3:29,505,499,6
2015-05-01 3:30,506,500,6
2015-05-01 3:31,507,501,6
2015-05-01 3:32,509,503,6
2015-05-01 3:33,510,504,6
2015-05-01 3:34,512,506,6
2015-05-01 3:35,513,507,6
2015-05-01 3:36,514,508,6
2015-05-01 3:37,516,509,7
2015-05-01 3:38,517,511,6
2015-05-01 3:39,518,512,6
2015-05-01 3:40,520,513,7
2015-05-01 3:41,521,514,7
2015-05-01 3:42,522,515,7
2015-05-01 3:43,523,517,6
2015-05-01 3:44,525,518,7
2015-05-01 3:45,525,519,6
2015-05-01 3:46,527,520,7
2015-05-01 3:47,528,521,7
2015-05-01 3:48,529,522,7
2015-05-01 3:49,530,523,7
2015-05-01 3:50,531,524,7
2015-05-01 3:51,532,525,7
2015-05-01 3:52,533,526,7
2015-05-01 3:53,534,527,7
2015-05-01 3:54,535,528,7
2015-05-01 3:55,536,529,7
2015-05-01 3:56,537,530,7
2015-05-01 3:57,537,530,7
2015-05-01 3:58,539,531,8
2015-05-01 3:59,539,532,7
2015-05-01 4:00,540,533,7
2015-05-01 4:01,541,534,7
2015-05-01 4:02,542,534,8
2015-05-01 4:03,542,535,7
2015-05-01 4:04,543,536,7
2015-05-01 4:05,543,536,7
2015-05-01 4:06,544,537,7
2015-05-01 4:07,545,538,7
2015-05-01 4:08,545,538,7
2015-05-01 4:09,546,539,7
2015-05-01 4:10,547,539,8
2015-05-01 4:11,547,540,7
2015-05-01 4:12,547,540,7
2015-05-01 4:13,548,541,7
2015-05-01 4:14,548,541,7
2015-05-01 4:15,549,542,7
2015-05-01 4:16,549,542,7
2015-05-01 4:17,549,542,7
2015-05-01 4:18,550,543,7
2015-05-01 4:19,550,543,7
2015-05-01 4:20,550,543,7
2015-05-01 4:21,550,544,6
2015-05-01 4:22,550,544,6
2015-05-01 4:23,550,544,6
2015-05-01 4:24,551,544,7
2015-05-01 4:25,551,545,6
2015-05-01 4:26,552,545,7
2015-05-01 4:27,552,545,7
2015-05-01 4:28,552,545,7
2015-05-01 4:29,552,545,7
2015-05-01 4:30,552,545,7
2015-05-01 4:31,553,545,8
2015-05-01 4:32,551,545,6
2015-05-01 4:33,551,545,6
2015-05-01 4:34,551,545,6
2015-05-01 4:35,551,545,6
2015-05-01 4:36,550,545,5
2015-05-01 4:37,550,545,5
2015-05-01 4:38,550,545,5
2015-05-01 4:39,550,545,5
2015-05-01 4:40,549,545,4
2015-05-01 4:41,549,544,5
2015-05-01 4:42,548,544,4
2015-05-01 4:43,548,544,4
2015-05-01 4:44,548,544,4
2015-05-01 4:45,547,543,4
2015-05-01 4:46,547,543,4
2015-05-01 4:47,546,543,3
2015-05-01 4:48,545,542,3
2015-05-01 4:49,545,542,3
2015-05-01 4:50,544,542,2
2015-05-01 4:51,544,541,3
2015-05-01 4:52,543,541,2
2015-05-01 4:53,542,540,2
2015-05-01 4:54,542,540,2
2015-05-01 4:55,541,539,2
2015-05-01 4:56,541,539,2
2015-05-01 4:57,540,538,2
2015-05-01 4:58,539,538,1
2015-05-01 4:59,538,537,1
2015-05-01 5:00,537,537,0
2015-05-01 5:01,536,536,0
2015-05-01 5:02,536,535,1
2015-05-01 5:03,534,535,-1
2015-05-01 5:04,533,534,-1
2015-05-01 5:05,533,533,0
2015-05-01 5:06,532,533,-1
2015-05-01 5:07,531,532,-1
2015-05-01 5:08,529,531,-2
2015-05-01 5:09,529,530,-1
2015-05-01 5:10,528,529,-1
2015-05-01 5:11,526,529,-3
2015-05-01 5:12,526,528,-2
2015-05-01 5:13,525,527,-2
2015-05-01 5:14,524,526,-2
2015-05-01 5:15,522,525,-3
2015-05-01 5:16,521,524,-3
2015-05-01 5:17,520,523,-3
2015-05-01 5:18,519,522,-3
2015-05-01 5:19,518,522,-4
2015-05-01 5:20,516,521,-5
2015-05-01 5:21,515,520,-5
2015-05-01 5:22,514,519,-5
2015-05-01 5:23,513,518,-5
2015-05-01 5:24,511,517,-6
2015-05-01 5:25,510,515,-5
2015-05-01 5:26,509,514,-5
2015-05-01 5:27,508,513,-5
2015-05-01 5:28,507,512,-5
2015-05-01 5:29,506,511,-5
2015-05-01 5:30,505,510,-5
2015-05-01 5:31,504,509,-5
2015-05-01 5:32,503,508,-5
2015-05-01 5:33,502,507,-5
2015-05-01 5:34,500,505,-5
2015-05-01 5:35,499,504,-5
2015-05-01 5:36,498,503,-5
2015-05-01 5:37,497,502,-5
2015-05-01 5:38,496,500,-4
2015-05-01 5:39,495,499,-4
2015-05-01 5:40,493,498,-5
2015-05-01 5:41,492,497,-5
2015-05-01 5:42,491,495,-4
2015-05-01 5:43,489,494,-5
2015-05-01 5:44,488,493,-5
2015-05-01 5:45,487,491,-4
2015-05-01 5:46,486,490,-4
2015-05-01 5:47,485,489,-4
2015-05-01 5:48,483,487,-4
2015-05-01 5:49,482,486,-4
2015-05-01 5:50,481,485,-4
2015-05-01 5:51,479,483,-4
2015-05-01 5:52,478,482,-4
2015-05-01 5:53,477,481,-4
2015-05-01 5:54,476,479,-3
2015-05-01 5:55,474,478,-4
2015-05-01 5:56,473,476,-3
2015-05-01 5:57,471,475,-4
2015-05-01 5:58,470,473,-3
2015-05-01 5:59,469,472,-3
2015-05-01 6:00,467,471,-4
2015-05-01 6:01,466,469,-3
2015-05-01 6:02,465,468,-3
2015-05-01 6:03,463,466,-3
2015-05-01 6:04,462,465,-3
2015-05-01 6:05,461,463,-2
2015-05-01 6:06,459,462,-3
2015-05-01 6:07,458,460,-2
2015-05-01 6:08,456,459,-3
2015-05-01 6:09,455,457,-2
2015-05-01 6:10,453,456,-3
2015-05-01 6:11,452,454,-2
2015-05-01 6:12,450,453,-3
2015-05-01 6:13,449,451,-2
2015-05-01 6:14,448,449,-1
2015-05-01 6:15,446,448,-2
2015-05-01 6:16,445,446,-1
2015-05-01 6:17,443,445,-2
2015-05-01 6:18,442,443,-1
2015-05-01 6:19,440,442,-2
2015-05-01 6:20,439,440,-1
2015-05-01 6:21,438,438,0
2015-05-01 6:22,436,437,-1
2015-05-01 6:23,435,435,0
2015-05-01 6:24,433,434,-1
2015-05-01 6:25,432,432,0
2015-05-01 6:26,431,431,0
2015-05-01 6:27,429,429,0
2015-05-01 6:28,428,427,1
2015-05-01 6:29,426,426,0
2015-05-01 6:30,425,424,1
2015-05-01 6:31,423,423,0
2015-05-01 6:32,422,421,1
2015-05-01 6:33,420,419,1
2015-05-01 6:34,418,418,0
2015-05-01 6:35,417,416,1
2015-05-01 6:36,416,415,1
2015-05-01 6:37,414,413,1
2015-05-01 6:38,413,411,2
2015-05-01 6:39,411,410,1
2015-05-01 6:40,410,408,2
2015-05-01 6:41,408,407,1
2015-05-01 6:42,407,405,2
2015-05-01 6:43,405,403,2
2015-05-01 6:44,403,402,1
2015-05-01 6:45,402,400,2
2015-05-01 6:46,400,398,2
2015-05-01 6:47,399,397,2
2015-05-01 6:48,397,395,2
2015-05-01 6:49,396,394,2
2015-05-01 6:50,394,392,2
2015-05-01 6:51,393,390,3
2015-05-01 6:52,391,389,2
2015-05-01 6:53,390,387,3
2015-05-01 6:54,389,386,3
2015-05-01 6:55,387,384,3
2015-05-01 6:56,385,382,3
2015-05-01 6:57,384,381,3
2015-05-01 6:58,382,379,3
2015-05-01 6:59,381,378,3
2015-05-01 7:00,379,376,3
2015-05-01 7:01,378,374,4
2015-05-01 7:02,377,373,4
2015-05-01 7:03,375,371,4
2015-05-01 7:04,374,370,4
2015-05-01 7:05,372,368,4
2015-05-01 7:06,371,366,5
2015-05-01 7:07,369,365,4
2015-05-01 7:08,368,363,5
2015-05-01 7:09,366,362,4
2015-05-01 7:10,365,360,5
2015-05-01 7:11,364,358,6
2015-05-01 7:12,362,357,5
2015-05-01 7:13,361,355,6
2015-05-01 7:14,359,354,5
2015-05-01 7:15,358,352,6
2015-05-01 7:16,356,351,5
2015-05-01 7:17,355,349,6
2015-05-01 7:18,354,347,7
2015-05-01 7:19,352,346,6
2015-05-01 7:20,351,344,7
2015-05-01 7:21,349,343,6
2015-05-01 7:22,348,341,7
2015-05-01 7:23,346,340,6
2015-05-01 7:24,345,338,7
2015-05-01 7:25,344,337,7
2015-05-01 7:26,342,335,7
2015-05-01 7:27,341,333,8
2015-05-01 7:28,340,332,8
2015-05-01 7:29,338,330,8
2015-05-01 7:30,337,329,8
2015-05-01 7:31,335,327,8
2015-05-01 7:32,334,326,8
2015-05-01 7:33,333,324,9
2015-05-01 7:34,331,323,8
2015-05-01 7:35,330,321,9
2015-05-01 7:36,328,320,8
2015-05-01 7:37,327,318,9
2015-05-01 7:38,325,317,8
2015-05-01 7:39,324,315,9
2015-05-01 7:40,322,314,8
2015-05-01 7:41,321,312,9
2015-05-01 7:42,320,311,9
2015-05-01 7:43,319,309,10
2015-05-01 7:44,317,308,9
2015-05-01 7:45,316,306,10
2015-05-01 7:46,315,305,10
2015-05-01 7:47,313,303,10
2015-05-01 7:48,312,302,10
2015-05-01 7:49,310,300,10
2015-05-01 7:50,309,299,10
2015-05-01 7:51,307,297,10
2015-05-01 7:52,-,296,-
2015-05-01 7:53,-,294,-
2015-05-01 7:54,-,293,-
2015-05-01 7:55,-,291,-
2015-05-01 7:56,307,290,17
2015-05-01 7:57,-,288,-
2015-05-01 7:58,299,287,12
2015-05-01 7:59,298,285,13
2015-05-01 8:00,297,284,13
2015-05-01 8:01,296,282,14
2015-05-01 8:02,294,281,13
2015-05-01 8:03,293,280,13
2015-05-01 8:04,291,278,13
2015-05-01 8:05,290,277,13
2015-05-01 8:06,288,275,13
2015-05-01 8:07,287,274,13
2015-05-01 8:08,286,272,14
2015-05-01 8:09,285,271,14
2015-05-01 8:10,283,269,14
2015-05-01 8:11,282,268,14
2015-05-01 8:12,281,267,14
2015-05-01 8:13,279,265,14
2015-05-01 8:14,278,264,14
2015-05-01 8:15,277,262,15
2015-05-01 8:16,276,261,15
2015-05-01 8:17,274,259,15
2015-05-01 8:18,273,258,15
2015-05-01 8:19,271,257,14
2015-05-01 8:20,270,255,15
2015-05-01 8:21,269,254,15
2015-05-01 8:22,268,252,16
2015-05-01 8:23,266,251,15
2015-05-01 8:24,265,250,15
2015-05-01 8:25,264,248,16
2015-05-01 8:26,263,247,16
2015-05-01 8:27,262,245,17
2015-05-01 8:28,260,244,16
2015-05-01 8:29,259,243,16
2015-05-01 8:30,258,241,17
2015-05-01 8:31,256,240,16
2015-05-01 8:32,255,238,17
2015-05-01 8:33,254,237,17
2015-05-01 8:34,252,236,16
2015-05-01 8:35,251,234,17
2015-05-01 8:36,250,233,17
2015-05-01 8:37,249,232,17
2015-05-01 8:38,248,230,18
2015-05-01 8:39,246,229,17
2015-05-01 8:40,245,227,18
2015-05-01 8:41,244,226,18
2015-05-01 8:42,243,225,18
2015-05-01 8:43,242,223,19
2015-05-01 8:44,241,222,19
2015-05-01 8:45,239,221,18
2015-05-01 8:46,238,219,19
2015-05-01 8:47,237,218,19
2015-05-01 8:48,236,217,19
2015-05-01 8:49,234,215,19
2015-05-01 8:50,233,214,19
2015-05-01 8:51,232,213,19
2015-05-01 8:52,231,211,20
2015-05-01 8:53,229,210,19
2015-05-01 8:54,228,209,19
2015-05-01 8:55,227,207,20
2015-05-01 8:56,226,206,20
2015-05-01 8:57,225,205,20
2015-05-01 8:58,224,203,21
2015-05-01 8:59,223,202,21
2015-05-01 9:00,222,201,21
2015-05-01 9:01,221,199,22
2015-05-01 9:02,219,198,21
2015-05-01 9:03,218,197,21
2015-05-01 9:04,217,195,22
2015-05-01 9:05,216,194,22
2015-05-01 9:06,215,193,22
2015-05-01 9:07,213,192,21
2015-05-01 9:08,212,190,22
2015-05-01 9:09,211,189,22
2015-05-01 9:10,210,188,22
2015-05-01 9:11,209,186,23
2015-05-01 9:12,208,185,23
2015-05-01 9:13,207,184,23
2015-05-01 9:14,206,183,23
2015-05-01 9:15,204,181,23
2015-05-01 9:16,204,180,24
2015-05-01 9:17,202,179,23
2015-05-01 9:18,201,178,23
2015-05-01 9:19,200,176,24
2015-05-01 9:20,199,175,24
2015-05-01 9:21,198,174,24
2015-05-01 9:22,197,173,24
2015-05-01 9:23,195,172,23
2015-05-01 9:24,194,170,24
2015-05-01 9:25,193,169,24
2015-05-01 9:26,192,168,24
2015-05-01 9:27,191,167,24
2015-05-01 9:28,190,166,24
2015-05-01 9:29,189,164,25
2015-05-01 9:30,188,163,25
2015-05-01 9:31,187,162,25
2015-05-01 9:32,186,161,25
2015-05-01 9:33,185,160,25
2015-05-01 9:34,184,159,25
2015-05-01 9:35,183,157,26
2015-05-01 9:36,182,156,26
2015-05-01 9:37,180,155,25
2015-05-01 9:38,179,154,25
2015-05-01 9:39,178,153,25
2015-05-01 9:40,177,152,25
2015-05-01 9:41,176,151,25
2015-05-01 9:42,175,150,25
2015-05-01 9:43,174,149,25
2015-05-01 9:44,173,147,26
2015-05-01 9:45,172,146,26
2015-05-01 9:46,171,145,26
2015-05-01 9:47,170,144,26
2015-05-01 9:48,169,143,26
2015-05-01 9:49,168,142,26
2015-05-01 9:50,167,141,26
2015-05-01 9:51,166,140,26
2015-05-01 9:52,165,139,26
2015-05-01 9:53,164,138,26
2015-05-01 9:54,163,137,26
2015-05-01 9:55,162,136,26
2015-05-01 9:56,161,135,26
2015-05-01 9:57,160,134,26
2015-05-01 9:58,159,133,26
2015-05-01 9:59,158,132,26
2015-05-01 10:00,157,131,26
2015-05-01 10:01,156,130,26
2015-05-01 10:02,155,129,26
2015-05-01 10:03,153,129,24
2015-05-01 10:04,153,128,25
2015-05-01 10:05,151,127,24
2015-05-01 10:06,150,126,24
2015-05-01 10:07,150,125,25
2015-05-01 10:08,149,124,25
2015-05-01 10:09,147,123,24
2015-05-01 10:10,146,122,24
2015-05-01 10:11,144,122,22
2015-05-01 10:12,143,121,22
2015-05-01 10:13,142,120,22
2015-05-01 10:14,141,119,22
2015-05-01 10:15,140,118,22
2015-05-01 10:16,139,118,21
2015-05-01 10:17,138,117,21
2015-05-01 10:18,137,116,21
2015-05-01 10:19,136,115,21
2015-05-01 10:20,135,115,20
2015-05-01 10:21,134,114,20
2015-05-01 10:22,133,113,20
2015-05-01 10:23,132,112,20
2015-05-01 10:24,131,112,19
2015-05-01 10:25,130,111,19
2015-05-01 10:26,130,110,20
2015-05-01 10:27,129,110,19
2015-05-01 10:28,128,109,19
2015-05-01 10:29,127,108,19
2015-05-01 10:30,126,108,18
2015-05-01 10:31,125,107,18
2015-05-01 10:32,124,107,17
2015-05-01 10:33,123,106,17
2015-05-01 10:34,122,105,17
2015-05-01 10:35,121,105,16
2015-05-01 10:36,120,104,16
2015-05-01 10:37,119,104,15
2015-05-01 10:38,118,103,15
2015-05-01 10:39,117,103,14
2015-05-01 10:40,116,102,14
2015-05-01 10:41,115,102,13
2015-05-01 10:42,114,101,13
2015-05-01 10:43,114,101,13
2015-05-01 10:44,113,101,12
2015-05-01 10:45,112,100,12
2015-05-01 10:46,111,100,11
2015-05-01 10:47,110,99,11
2015-05-01 10:48,109,99,10
2015-05-01 10:49,108,99,9
2015-05-01 10:50,108,98,10
2015-05-01 10:51,107,98,9
2015-05-01 10:52,106,98,8
2015-05-01 10:53,105,97,8
2015-05-01 10:54,104,97,7
2015-05-01 10:55,103,97,6
2015-05-01 10:56,102,96,6
2015-05-01 10:57,102,96,6
2015-05-01 10:58,101,96,5
2015-05-01 10:59,100,96,4
2015-05-01 11:00,99,96,3
2015-05-01 11:01,99,95,4
2015-05-01 11:02,98,95,3
2015-05-01 11:03,97,95,2
2015-05-01 11:04,96,95,1
2015-05-01 11:05,95,95,0
2015-05-01 11:06,95,95,0
2015-05-01 11:07,94,95,-1
2015-05-01 11:08,93,94,-1
2015-05-01 11:09,92,94,-2
2015-05-01 11:10,92,94,-2
2015-05-01 11:11,91,94,-3
2015-05-01 11:12,90,94,-4
2015-05-01 11:13,90,94,-4
2015-05-01 11:14,88,94,-6
2015-05-01 11:15,88,94,-6
2015-05-01 11:16,88,94,-6
2015-05-01 11:17,87,94,-7
2015-05-01 11:18,87,95,-8
2015-05-01 11:19,86,95,-9
2015-05-01 11:20,85,95,-10
2015-05-01 11:21,85,95,-10
2015-05-01 11:22,85,95,-10
2015-05-01 11:23,84,95,-11
2015-05-01 11:24,84,95,-11
2015-05-01 11:25,83,95,-12
2015-05-01 11:26,83,96,-13
2015-05-01 11:27,83,96,-13
2015-05-01 11:28,82,96,-14
2015-05-01 11:29,82,96,-14
2015-05-01 11:30,82,97,-15
2015-05-01 11:31,82,97,-15
2015-05-01 11:32,82,97,-15
2015-05-01 11:33,82,97,-15
2015-05-01 11:34,82,98,-16
2015-05-01 11:35,82,98,-16
2015-05-01 11:36,83,98,-15
2015-05-01 11:37,83,99,-16
2015-05-01 11:38,84,99,-15
2015-05-01 11:39,84,100,-16
2015-05-01 11:40,85,100,-15
2015-05-01 11:41,86,101,-15
2015-05-01 11:42,87,101,-14
2015-05-01 11:43,88,101,-13
2015-05-01 11:44,89,102,-13
2015-05-01 11:45,90,102,-12
2015-05-01 11:46,92,103,-11
2015-05-01 11:47,93,103,-10
2015-05-01 11:48,95,104,-9
2015-05-01 11:49,96,105,-9
2015-05-01 11:50,98,105,-7
2015-05-01 11:51,100,106,-6
2015-05-01 11:52,101,106,-5
2015-05-01 11:53,102,107,-5
2015-05-01 11:54,104,108,-4
2015-05-01 11:55,105,108,-3
2015-05-01 11:56,107,109,-2
2015-05-01 11:57,107,110,-3
2015-05-01 11:58,108,110,-2
2015-05-01 11:59,109,111,-2
2015-05-01 12:00,110,112,-2
2015-05-01 12:01,111,112,-1
2015-05-01 12:02,113,113,0
2015-05-01 12:03,114,114,0
2015-05-01 12:04,116,115,1
2015-05-01 12:05,117,116,1
2015-05-01 12:06,118,116,2
2015-05-01 12:07,119,117,2
2015-05-01 12:08,120,118,2
2015-05-01 12:09,121,119,2
2015-05-01 12:10,122,120,2
2015-05-01 12:11,124,121,3
2015-05-01 12:12,125,122,3
2015-05-01 12:13,126,123,3
2015-05-01 12:14,127,124,3
2015-05-01 12:15,128,125,3
2015-05-01 12:16,129,126,3
2015-05-01 12:17,130,127,3
2015-05-01 12:18,131,128,3
2015-05-01 12:19,132,129,3
2015-05-01 12:20,133,130,3
2015-05-01 12:21,134,131,3
2015-05-01 12:22,135,132,3
2015-05-01 12:23,135,133,2
2015-05-01 12:24,136,134,2
2015-05-01 12:25,138,135,3
2015-05-01 12:26,138,136,2
2015-05-01 12:27,139,137,2
2015-05-01 12:28,140,138,2
2015-05-01 12:29,141,140,1
2015-05-01 12:30,141,141,0
2015-05-01 12:31,142,142,0
2015-05-01 12:32,143,143,0
2015-05-01 12:33,144,144,0
2015-05-01 12:34,145,146,-1
2015-05-01 12:35,146,147,-1
2015-05-01 12:36,147,148,-1
2015-05-01 12:37,147,149,-2
2015-05-01 12:38,148,151,-3
2015-05-01 12:39,149,152,-3
2015-05-01 12:40,150,153,-3
2015-05-01 12:41,150,155,-5
2015-05-01 12:42,151,156,-5
2015-05-01 12:43,152,157,-5
2015-05-01 12:44,152,159,-7
2015-05-01 12:45,153,160,-7
2015-05-01 12:46,154,162,-8
2015-05-01 12:47,155,163,-8
2015-05-01 12:48,157,164,-7
2015-05-01 12:49,158,166,-8
2015-05-01 12:50,159,167,-8
2015-05-01 12:51,160,169,-9
2015-05-01 12:52,162,170,-8
2015-05-01 12:53,163,172,-9
2015-05-01 12:54,164,173,-9
2015-05-01 12:55,166,175,-9
2015-05-01 12:56,167,176,-9
2015-05-01 12:57,168,178,-10
2015-05-01 12:58,169,179,-10
2015-05-01 12:59,171,181,-10
2015-05-01 13:00,172,183,-11
2015-05-01 13:01,174,184,-10
2015-05-01 13:02,175,186,-11
2015-05-01 13:03,176,187,-11
2015-05-01 13:04,178,189,-11
2015-05-01 13:05,180,191,-11
2015-05-01 13:06,182,192,-10
2015-05-01 13:07,183,194,-11
2015-05-01 13:08,185,196,-11
2015-05-01 13:09,186,197,-11
2015-05-01 13:10,188,199,-11
2015-05-01 13:11,190,201,-11
2015-05-01 13:12,191,203,-12
2015-05-01 13:13,193,204,-11
2015-05-01 13:14,195,206,-11
2015-05-01 13:15,197,208,-11
2015-05-01 13:16,199,210,-11
2015-05-01 13:17,201,211,-10
2015-05-01 13:18,203,213,-10
2015-05-01 13:19,205,215,-10
2015-05-01 13:20,207,217,-10
2015-05-01 13:21,209,219,-10
2015-05-01 13:22,211,220,-9
2015-05-01 13:23,213,222,-9
2015-05-01 13:24,215,224,-9
2015-05-01 13:25,217,226,-9
2015-05-01 13:26,219,228,-9
2015-05-01 13:27,222,230,-8
2015-05-01 13:28,224,232,-8
2015-05-01 13:29,226,234,-8
2015-05-01 13:30,228,236,-8
2015-05-01 13:31,231,238,-7
2015-05-01 13:32,233,239,-6
2015-05-01 13:33,235,241,-6
2015-05-01 13:34,237,243,-6
2015-05-01 13:35,239,245,-6
2015-05-01 13:36,242,247,-5
2015-05-01 13:37,244,249,-5
2015-05-01 13:38,246,251,-5
2015-05-01 13:39,248,253,-5
2015-05-01 13:40,250,255,-5
2015-05-01 13:41,252,257,-5
2015-05-01 13:42,255,259,-4
2015-05-01 13:43,257,261,-4
2015-05-01 13:44,259,264,-5
2015-05-01 13:45,262,266,-4
2015-05-01 13:46,264,268,-4
2015-05-01 13:47,266,270,-4
2015-05-01 13:48,268,272,-4
2015-05-01 13:49,270,274,-4
2015-05-01 13:50,273,276,-3
2015-05-01 13:51,275,278,-3
2015-05-01 13:52,277,280,-3
2015-05-01 13:53,279,282,-3
2015-05-01 13:54,282,284,-2
2015-05-01 13:55,284,287,-3
2015-05-01 13:56,286,289,-3
2015-05-01 13:57,289,291,-2
2015-05-01 13:58,291,293,-2
2015-05-01 13:59,293,295,-2
2015-05-01 14:00,296,297,-1
2015-05-01 14:01,298,299,-1
2015-05-01 14:02,300,302,-2
2015-05-01 14:03,303,304,-1
2015-05-01 14:04,305,306,-1
2015-05-01 14:05,307,308,-1
2015-05-01 14:06,310,310,0
2015-05-01 14:07,312,313,-1
2015-05-01 14:08,314,315,-1
2015-05-01 14:09,317,317,0
2015-05-01 14:10,319,319,0
2015-05-01 14:11,321,321,0
2015-05-01 14:12,323,324,-1
2015-05-01 14:13,326,326,0
2015-05-01 14:14,328,328,0
2015-05-01 14:15,331,330,1
2015-05-01 14:16,333,333,0
2015-05-01 14:17,335,335,0
2015-05-01 14:18,337,337,0
2015-05-01 14:19,340,339,1
2015-05-01 14:20,342,341,1
2015-05-01 14:21,344,344,0
2015-05-01 14:22,347,346,1
2015-05-01 14:23,349,348,1
2015-05-01 14:24,351,350,1
2015-05-01 14:25,354,353,1
2015-05-01 14:26,356,355,1
2015-05-01 14:27,358,357,1
2015-05-01 14:28,360,359,1
2015-05-01 14:29,363,362,1
2015-05-01 14:30,365,364,1
2015-05-01 14:31,367,366,1
2015-05-01 14:32,370,368,2
2015-05-01 14:33,372,371,1
2015-05-01 14:34,375,373,2
2015-05-01 14:35,377,375,2
2015-05-01 14:36,379,377,2
2015-05-01 14:37,381,380,1
2015-05-01 14:38,384,382,2
2015-05-01 14:39,386,384,2
2015-05-01 14:40,388,386,2
2015-05-01 14:41,390,388,2
2015-05-01 14:42,392,391,1
2015-05-01 14:43,394,393,1
2015-05-01 14:44,397,395,2
2015-05-01 14:45,399,397,2
2015-05-01 14:46,401,399,2
2015-05-01 14:47,403,402,1
2015-05-01 14:48,405,404,1
2015-05-01 14:49,408,406,2
2015-05-01 14:50,409,408,1
2015-05-01 14:51,412,410,2
2015-05-01 14:52,413,413,0
2015-05-01 14:53,415,415,0
2015-05-01 14:54,417,417,0
2015-05-01 14:55,419,419,0
2015-05-01 14:56,421,421,0
2015-05-01 14:57,424,423,1
2015-05-01 14:58,425,425,0
2015-05-01 14:59,428,428,0
2015-05-01 15:00,429,430,-1
2015-05-01 15:01,432,432,0
2015-05-01 15:02,433,434,-1
2015-05-01 15:03,436,436,0
2015-05-01 15:04,438,438,0
2015-05-01 15:05,440,440,0
2015-05-01 15:06,442,442,0
2015-05-01 15:07,444,444,0
2015-05-01 15:08,446,446,0
2015-05-01 15:09,448,448,0
2015-05-01 15:10,450,450,0
2015-05-01 15:11,452,452,0
2015-05-01 15:12,454,454,0
2015-05-01 15:13,456,456,0
2015-05-01 15:14,458,458,0
2015-05-01 15:15,460,460,0
2015-05-01 15:16,462,462,0
2015-05-01 15:17,464,464,0
2015-05-01 15:18,466,466,0
2015-05-01 15:19,468,468,0
2015-05-01 15:20,470,470,0
2015-05-01 15:21,472,472,0
2015-05-01 15:22,474,474,0
2015-05-01 15:23,476,475,1
2015-05-01 15:24,478,477,1
2015-05-01 15:25,480,479,1
2015-05-01 15:26,482,481,1
2015-05-01 15:27,484,483,1
2015-05-01 15:28,486,485,1
2015-05-01 15:29,488,486,2
2015-05-01 15:30,489,488,1
2015-05-01 15:31,491,490,1
2015-05-01 15:32,493,492,1
2015-05-01 15:33,495,493,2
2015-05-01 15:34,497,495,2
2015-05-01 15:35,498,497,1
2015-05-01 15:36,500,498,2
2015-05-01 15:37,502,500,2
2015-05-01 15:38,504,501,3
2015-05-01 15:39,505,503,2
2015-05-01 15:40,507,505,2
2015-05-01 15:41,508,506,2
2015-05-01 15:42,510,508,2
2015-05-01 15:43,511,509,2
2015-05-01 15:44,513,511,2
2015-05-01 15:45,514,512,2
2015-05-01 15:46,516,514,2
2015-05-01 15:47,517,515,2
2015-05-01 15:48,519,517,2
2015-05-01 15:49,520,518,2
2015-05-01 15:50,522,519,3
2015-05-01 15:51,523,521,2
2015-05-01 15:52,524,522,2
2015-05-01 15:53,525,523,2
2015-05-01 15:54,527,525,2
2015-05-01 15:55,528,526,2
2015-05-01 15:56,529,527,2
2015-05-01 15:57,531,529,2
2015-05-01 15:58,532,530,2
2015-05-01 15:59,533,531,2
2015-05-01 16:00,534,532,2
2015-05-01 16:01,536,533,3
2015-05-01 16:02,537,534,3
2015-05-01 16:03,538,535,3
2015-05-01 16:04,539,537,2
2015-05-01 16:05,540,538,2
2015-05-01 16:06,541,539,2
2015-05-01 16:07,542,540,2
2015-05-01 16:08,543,541,2
2015-05-01 16:09,544,542,2
2015-05-01 16:10,545,543,2
2015-05-01 16:11,545,543,2
2015-05-01 16:12,546,544,2
2015-05-01 16:13,547,545,2
2015-05-01 16:14,548,546,2
2015-05-01 16:15,549,547,2
2015-05-01 16:16,550,548,2
2015-05-01 16:17,550,548,2
2015-05-01 16:18,551,549,2
2015-05-01 16:19,552,550,2
2015-05-01 16:20,553,551,2
2015-05-01 16:21,554,551,3
2015-05-01 16:22,554,552,2
2015-05-01 16:23,555,553,2
2015-05-01 16:24,555,553,2
2015-05-01 16:25,556,554,2
2015-05-01 16:26,556,554,2
2015-05-01 16:27,557,555,2
2015-05-01 16:28,557,555,2
2015-05-01 16:29,558,556,2
2015-05-01 16:30,558,556,2
2015-05-01 16:31,558,557,1
2015-05-01 16:32,559,557,2
2015-05-01 16:33,559,558,1
2015-05-01 16:34,559,558,1
2015-05-01 16:35,560,558,2
2015-05-01 16:36,561,559,2
2015-05-01 16:37,561,559,2
2015-05-01 16:38,561,559,2
2015-05-01 16:39,561,559,2
2015-05-01 16:40,561,559,2
2015-05-01 16:41,561,560,1
2015-05-01 16:42,561,560,1
2015-05-01 16:43,561,560,1
2015-05-01 16:44,561,560,1
2015-05-01 16:45,561,560,1
2015-05-01 16:46,561,560,1
2015-05-01 16:47,561,560,1
2015-05-01 16:48,560,560,0
2015-05-01 16:49,560,560,0
2015-05-01 16:50,560,560,0
2015-05-01 16:51,559,560,-1
2015-05-01 16:52,559,560,-1
2015-05-01 16:53,559,560,-1
2015-05-01 16:54,559,560,-1
2015-05-01 16:55,558,560,-2
2015-05-01 16:56,558,559,-1
2015-05-01 16:57,557,559,-2
2015-05-01 16:58,557,559,-2
2015-05-01 16:59,556,559,-3
2015-05-01 17:00,556,558,-2
2015-05-01 17:01,555,558,-3
2015-05-01 17:02,554,558,-4
2015-05-01 17:03,554,557,-3
2015-05-01 17:04,553,557,-4
2015-05-01 17:05,552,557,-5
2015-05-01 17:06,552,556,-4
2015-05-01 17:07,550,556,-6
2015-05-01 17:08,550,555,-5
2015-05-01 17:09,549,555,-6
2015-05-01 17:10,549,554,-5
2015-05-01 17:11,547,554,-7
2015-05-01 17:12,546,553,-7
2015-05-01 17:13,545,552,-7
2015-05-01 17:14,544,552,-8
2015-05-01 17:15,543,551,-8
2015-05-01 17:16,543,551,-8
2015-05-01 17:17,542,550,-8
2015-05-01 17:18,540,549,-9
2015-05-01 17:19,539,549,-10
2015-05-01 17:20,538,548,-10
2015-05-01 17:21,537,547,-10
2015-05-01 17:22,536,546,-10
2015-05-01 17:23,535,545,-10
2015-05-01 17:24,534,545,-11
2015-05-01 17:25,533,544,-11
2015-05-01 17:26,532,543,-11
2015-05-01 17:27,531,542,-11
2015-05-01 17:28,530,541,-11
2015-05-01 17:29,529,540,-11
2015-05-01 17:30,527,539,-12
2015-05-01 17:31,527,538,-11
2015-05-01 17:32,525,537,-12
2015-05-01 17:33,524,536,-12
2015-05-01 17:34,523,535,-12
2015-05-01 17:35,522,534,-12
2015-05-01 17:36,520,533,-13
2015-05-01 17:37,519,532,-13
2015-05-01 17:38,518,531,-13
2015-05-01 17:39,517,530,-13
2015-05-01 17:40,516,529,-13
2015-05-01 17:41,515,528,-13
2015-05-01 17:42,514,527,-13
2015-05-01 17:43,512,526,-14
2015-05-01 17:44,511,524,-13
2015-05-01 17:45,510,523,-13
2015-05-01 17:46,509,522,-13
2015-05-01 17:47,508,521,-13
2015-05-01 17:48,507,520,-13
2015-05-01 17:49,506,518,-12
2015-05-01 17:50,505,517,-12
2015-05-01 17:51,504,516,-12
2015-05-01 17:52,502,515,-13
2015-05-01 17:53,501,513,-12
2015-05-01 17:54,500,512,-12
2015-05-01 17:55,498,511,-13
2015-05-01 17:56,497,509,-12
2015-05-01 17:57,495,508,-13
2015-05-01 17:58,494,507,-13
2015-05-01 17:59,493,505,-12
2015-05-01 18:00,491,504,-13
2015-05-01 18:01,490,502,-12
2015-05-01 18:02,489,501,-12
2015-05-01 18:03,487,500,-13
2015-05-01 18:04,486,498,-12
2015-05-01 18:05,485,497,-12
2015-05-01 18:06,483,495,-12
2015-05-01 18:07,482,494,-12
2015-05-01 18:08,480,492,-12
2015-05-01 18:09,479,491,-12
2015-05-01 18:10,477,489,-12
2015-05-01 18:11,476,488,-12
2015-05-01 18:12,475,486,-11
2015-05-01 18:13,473,485,-12
2015-05-01 18:14,472,483,-11
2015-05-01 18:15,470,482,-12
2015-05-01 18:16,469,480,-11
2015-05-01 18:17,468,479,-11
2015-05-01 18:18,466,477,-11
2015-05-01 18:19,464,476,-12
2015-05-01 18:20,463,474,-11
2015-05-01 18:21,462,473,-11
2015-05-01 18:22,460,471,-11
2015-05-01 18:23,458,469,-11
2015-05-01 18:24,457,468,-11
2015-05-01 18:25,455,466,-11
2015-05-01 18:26,454,465,-11
2015-05-01 18:27,452,463,-11
2015-05-01 18:28,451,461,-10
2015-05-01 18:29,449,460,-11
2015-05-01 18:30,448,458,-10
2015-05-01 18:31,447,457,-10
2015-05-01 18:32,445,455,-10
2015-05-01 18:33,444,453,-9
2015-05-01 18:34,442,452,-10
2015-05-01 18:35,441,450,-9
2015-05-01 18:36,439,448,-9
2015-05-01 18:37,438,447,-9
2015-05-01 18:38,437,445,-8
2015-05-01 18:39,435,444,-9
2015-05-01 18:40,433,442,-9
2015-05-01 18:41,432,440,-8
2015-05-01 18:42,430,439,-9
2015-05-01 18:43,429,437,-8
2015-05-01 18:44,427,435,-8
2015-05-01 18:45,425,434,-9
2015-05-01 18:46,424,432,-8
2015-05-01 18:47,422,430,-8
2015-05-01 18:48,420,429,-9
2015-05-01 18:49,419,427,-8
2015-05-01 18:50,417,425,-8
2015-05-01 18:51,416,424,-8
2015-05-01 18:52,414,422,-8
2015-05-01 18:53,412,420,-8
2015-05-01 18:54,411,419,-8
2015-05-01 18:55,409,417,-8
2015-05-01 18:56,408,415,-7
2015-05-01 18:57,406,414,-8
2015-05-01 18:58,404,412,-8
2015-05-01 18:59,403,410,-7
2015-05-01 19:00,401,409,-8
2015-05-01 19:01,400,407,-7
2015-05-01 19:02,398,405,-7
2015-05-01 19:03,396,404,-8
2015-05-01 19:04,395,402,-7
2015-05-01 19:05,394,400,-6
2015-05-01 19:06,392,399,-7
2015-05-01 19:07,391,397,-6
2015-05-01 19:08,389,395,-6
2015-05-01 19:09,387,394,-7
2015-05-01 19:10,386,392,-6
2015-05-01 19:11,384,390,-6
2015-05-01 19:12,383,389,-6
2015-05-01 19:13,381,387,-6
2015-05-01 19:14,380,385,-5
2015-05-01 19:15,378,384,-6
2015-05-01 19:16,376,382,-6
2015-05-01 19:17,375,380,-5
2015-05-01 19:18,374,379,-5
2015-05-01 19:19,372,377,-5
2015-05-01 19:20,371,375,-4
2015-05-01 19:21,369,374,-5
2015-05-01 19:22,367,372,-5
2015-05-01 19:23,366,370,-4
2015-05-01 19:24,364,369,-5
2015-05-01 19:25,363,367,-4
2015-05-01 19:26,362,366,-4
2015-05-01 19:27,360,364,-4
2015-05-01 19:28,358,362,-4
2015-05-01 19:29,357,361,-4
2015-05-01 19:30,356,359,-3
2015-05-01 19:31,354,357,-3
2015-05-01 19:32,353,356,-3
2015-05-01 19:33,351,354,-3
2015-05-01 19:34,350,353,-3
2015-05-01 19:35,348,351,-3
2015-05-01 19:36,347,349,-2
2015-05-01 19:37,346,348,-2
2015-05-01 19:38,344,346,-2
2015-05-01 19:39,342,345,-3
2015-05-01 19:40,341,343,-2
2015-05-01 19:41,340,341,-1
2015-05-01 19:42,338,340,-2
2015-05-01 19:43,337,338,-1
2015-05-01 19:44,335,337,-2
2015-05-01 19:45,334,335,-1
2015-05-01 19:46,332,333,-1
2015-05-01 19:47,331,332,-1
2015-05-01 19:48,329,330,-1
2015-05-01 19:49,328,329,-1
2015-05-01 19:50,326,327,-1
2015-05-01 19:51,325,326,-1
2015-05-01 19:52,323,324,-1
2015-05-01 19:53,322,323,-1
2015-05-01 19:54,320,321,-1
2015-05-01 19:55,319,319,0
2015-05-01 19:56,318,318,0
2015-05-01 19:57,316,316,0
2015-05-01 19:58,315,315,0
2015-05-01 19:59,313,313,0
2015-05-01 20:00,312,312,0
2015-05-01 20:01,310,310,0
2015-05-01 20:02,309,309,0
2015-05-01 20:03,307,307,0
2015-05-01 20:04,306,306,0
2015-05-01 20:05,305,304,1
2015-05-01 20:06,303,303,0
2015-05-01 20:07,302,301,1
2015-05-01 20:08,300,299,1
2015-05-01 20:09,299,298,1
2015-05-01 20:10,298,296,2
2015-05-01 20:11,297,295,2
2015-05-01 20:12,295,293,2
2015-05-01 20:13,294,292,2
2015-05-01 20:14,292,290,2
2015-05-01 20:15,291,289,2
2015-05-01 20:16,290,287,3
2015-05-01 20:17,288,286,2
2015-05-01 20:18,287,284,3
2015-05-01 20:19,285,283,2
2015-05-01 20:20,284,281,3
2015-05-01 20:21,283,280,3
2015-05-01 20:22,281,278,3
2015-05-01 20:23,280,277,3
2015-05-01 20:24,279,275,4
2015-05-01 20:25,277,274,3
2015-05-01 20:26,276,273,3
2015-05-01 20:27,275,271,4
2015-05-01 20:28,273,270,3
2015-05-01 20:29,272,268,4
2015-05-01 20:30,271,267,4
2015-05-01 20:31,269,265,4
2015-05-01 20:32,268,264,4
2015-05-01 20:33,267,262,5
2015-05-01 20:34,265,261,4
2015-05-01 20:35,264,259,5
2015-05-01 20:36,263,258,5
2015-05-01 20:37,262,256,6
2015-05-01 20:38,260,255,5
2015-05-01 20:39,259,253,6
2015-05-01 20:40,258,252,6
2015-05-01 20:41,256,250,6
2015-05-01 20:42,255,249,6
2015-05-01 20:43,254,248,6
2015-05-01 20:44,252,246,6
2015-05-01 20:45,251,245,6
2015-05-01 20:46,250,243,7
2015-05-01 20:47,248,242,6
2015-05-01 20:48,247,240,7
2015-05-01 20:49,246,239,7
2015-05-01 20:50,245,237,8
2015-05-01 20:51,244,236,8
2015-05-01 20:52,242,235,7
2015-05-01 20:53,241,233,8
2015-05-01 20:54,240,232,8
2015-05-01 20:55,239,230,9
2015-05-01 20:56,237,229,8
2015-05-01 20:57,236,227,9
2015-05-01 20:58,235,226,9
2015-05-01 20:59,233,225,8
2015-05-01 21:00,232,223,9
2015-05-01 21:01,231,222,9
2015-05-01 21:02,230,220,10
2015-05-01 21:03,229,219,10
2015-05-01 21:04,227,217,10
2015-05-01 21:05,226,216,10
2015-05-01 21:06,225,215,10
2015-05-01 21:07,224,213,11
2015-05-01 21:08,223,212,11
2015-05-01 21:09,222,210,12
2015-05-01 21:10,220,209,11
2015-05-01 21:11,219,207,12
2015-05-01 21:12,218,206,12
2015-05-01 21:13,217,205,12
2015-05-01 21:14,215,203,12
2015-05-01 21:15,214,202,12
2015-05-01 21:16,213,200,13
2015-05-01 21:17,212,199,13
2015-05-01 21:18,210,198,12
2015-05-01 21:19,209,196,13
2015-05-01 21:20,208,195,13
2015-05-01 21:21,207,194,13
2015-05-01 21:22,206,192,14
2015-05-01 21:23,205,191,14
2015-05-01 21:24,204,189,15
2015-05-01 21:25,203,188,15
2015-05-01 21:26,202,187,15
2015-05-01 21:27,201,185,16
2015-05-01 21:28,199,184,15
2015-05-01 21:29,198,183,15
2015-05-01 21:30,197,181,16
2015-05-01 21:31,196,180,16
2015-05-01 21:32,195,178,17
2015-05-01 21:33,193,177,16
2015-05-01 21:34,192,176,16
2015-05-01 21:35,191,174,17
2015-05-01 21:36,190,173,17
2015-05-01 21:37,189,172,17
2015-05-01 21:38,188,170,18
2015-05-01 21:39,187,169,18
2015-05-01 21:40,186,168,18
2015-05-01 21:41,185,166,19
2015-05-01 21:42,184,165,19
2015-05-01 21:43,183,164,19
2015-05-01 21:44,182,163,19
2015-05-01 21:45,180,161,19
2015-05-01 21:46,179,160,19
2015-05-01 21:47,178,159,19
2015-05-01 21:48,177,157,20
2015-05-01 21:49,176,156,20
2015-05-01 21:50,175,155,20
2015-05-01 21:51,174,154,20
2015-05-01 21:52,172,152,20
2015-05-01 21:53,171,151,20
2015-05-01 21:54,170,150,20
2015-05-01 21:55,169,149,20
2015-05-01 21:56,168,147,21
2015-05-01 21:57,167,146,21
2015-05-01 21:58,166,145,21
2015-05-01 21:59,165,144,21
2015-05-01 22:00,164,142,22
2015-05-01 22:01,163,141,22
2015-05-01 22:02,162,140,22
2015-05-01 22:03,161,139,22
2015-05-01 22:04,159,138,21
2015-05-01 22:05,158,136,22
2015-05-01 22:06,157,135,22
2015-05-01 22:07,156,134,22
2015-05-01 22:08,155,133,22
2015-05-01 22:09,154,132,22
2015-05-01 22:10,153,131,22
2015-05-01 22:11,152,130,22
2015-05-01 22:12,151,128,23
2015-05-01 22:13,150,127,23
2015-05-01 22:14,149,126,23
2015-05-01 22:15,148,125,23
2015-05-01 22:16,147,124,23
2015-05-01 22:17,146,123,23
2015-05-01 22:18,145,122,23
2015-05-01 22:19,144,121,23
2015-05-01 22:20,143,120,23
2015-05-01 22:21,142,119,23
2015-05-01 22:22,141,118,23
2015-05-01 22:23,140,117,23
2015-05-01 22:24,139,116,23
2015-05-01 22:25,137,115,22
2015-05-01 22:26,136,114,22
2015-05-01 22:27,135,113,22
2015-05-01 22:28,134,112,22
2015-05-01 22:29,133,111,22
2015-05-01 22:30,132,110,22
2015-05-01 22:31,131,109,22
2015-05-01 22:32,130,108,22
2015-05-01 22:33,129,107,22
2015-05-01 22:34,128,106,22
2015-05-01 22:35,127,105,22
2015-05-01 22:36,126,104,22
2015-05-01 22:37,125,103,22
2015-05-01 22:38,124,102,22
2015-05-01 22:39,123,101,22
2015-05-01 22:40,122,101,21
2015-05-01 22:41,121,100,21
2015-05-01 22:42,120,99,21
2015-05-01 22:43,119,98,21
2015-05-01 22:44,118,97,21
2015-05-01 22:45,117,96,21
2015-05-01 22:46,116,96,20
2015-05-01 22:47,115,95,20
2015-05-01 22:48,114,94,20
2015-05-01 22:49,113,93,20
2015-05-01 22:50,112,93,19
2015-05-01 22:51,111,92,19
2015-05-01 22:52,110,91,19
2015-05-01 22:53,110,91,19
2015-05-01 22:54,109,90,19
2015-05-01 22:55,108,89,19
2015-05-01 22:56,107,89,18
2015-05-01 22:57,106,88,18
2015-05-01 22:58,105,87,18
2015-05-01 22:59,104,87,17
2015-05-01 23:00,103,86,17
2015-05-01 23:01,102,86,16
2015-05-01 23:02,101,85,16
2015-05-01 23:03,100,84,16
2015-05-01 23:04,99,84,15
2015-05-01 23:05,99,83,16
2015-05-01 23:06,98,83,15
2015-05-01 23:07,97,82,15
2015-05-01 23:08,96,82,14
2015-05-01 23:09,95,81,14
2015-05-01 23:10,94,81,13
2015-05-01 23:11,93,81,12
2015-05-01 23:12,92,80,12
2015-05-01 23:13,91,80,11
2015-05-01 23:14,90,79,11
2015-05-01 23:15,89,79,10
2015-05-01 23:16,88,79,9
2015-05-01 23:17,87,78,9
2015-05-01 23:18,87,78,9
2015-05-01 23:19,86,78,8
2015-05-01 23:20,85,77,8
2015-05-01 23:21,84,77,7
2015-05-01 23:22,83,77,6
2015-05-01 23:23,82,77,5
2015-05-01 23:24,81,76,5
2015-05-01 23:25,80,76,4
2015-05-01 23:26,79,76,3
2015-05-01 23:27,79,76,3
2015-05-01 23:28,78,75,3
2015-05-01 23:29,77,75,2
2015-05-01 23:30,77,75,2
2015-05-01 23:31,76,75,1
2015-05-01 23:32,75,75,0
2015-05-01 23:33,75,75,0
2015-05-01 23:34,74,75,-1
2015-05-01 23:35,73,75,-2
2015-05-01 23:36,73,75,-2
2015-05-01 23:37,72,75,-3
2015-05-01 23:38,71,75,-4
2015-05-01 23:39,71,75,-4
2015-05-01 23:40,70,75,-5
2015-05-01 23:41,69,75,-6
2015-05-01 23:42,69,75,-6
2015-05-01 23:43,68,75,-7
2015-05-01 23:44,67,75,-8
2015-05-01 23:45,67,75,-8
2015-05-01 23:46,66,75,-9
2015-05-01 23:47,66,75,-9
2015-05-01 23:48,65,76,-11
2015-05-01 23:49,65,76,-11
2015-05-01 23:50,64,76,-12
2015-05-01 23:51,64,76,-12
2015-05-01 23:52,64,76,-12
2015-05-01 23:53,63,77,-14
2015-05-01 23:54,63,77,-14
2015-05-01 23:55,63,77,-14
2015-05-01 23:56,63,77,-14
2015-05-01 23:57,63,78,-15
2015-05-01 23:58,63,78,-15
2015-05-01 23:59,63,78,-15
2015-05-02 0:00,-,79,-
