관측시간,실측조위(Cm),예측조위(Cm),잔차(Cm)
2016-04-30 0:00,423,422,1
2016-04-30 0:01,422,421,1
2016-04-30 0:02,421,419,2
2016-04-30 0:03,419,418,1
2016-04-30 0:04,418,417,1
2016-04-30 0:05,417,415,2
2016-04-30 0:06,415,414,1
2016-04-30 0:07,414,412,2
2016-04-30 0:08,413,411,2
2016-04-30 0:09,412,409,3
2016-04-30 0:10,410,408,2
2016-04-30 0:11,409,406,3
2016-04-30 0:12,408,405,3
2016-04-30 0:13,407,403,4
2016-04-30 0:14,405,402,3
2016-04-30 0:15,404,400,4
2016-04-30 0:16,403,399,4
2016-04-30 0:17,401,397,4
2016-04-30 0:18,400,396,4
2016-04-30 0:19,399,394,5
2016-04-30 0:20,397,393,4
2016-04-30 0:21,396,391,5
2016-04-30 0:22,395,390,5
2016-04-30 0:23,394,388,6
2016-04-30 0:24,392,387,5
2016-04-30 0:25,391,385,6
2016-04-30 0:26,390,384,6
2016-04-30 0:27,388,382,6
2016-04-30 0:28,387,381,6
2016-04-30 0:29,385,379,6
2016-04-30 0:30,384,378,6
2016-04-30 0:31,383,376,7
2016-04-30 0:32,381,375,6
2016-04-30 0:33,380,373,7
2016-04-30 0:34,378,371,7
2016-04-30 0:35,377,370,7
2016-04-30 0:36,376,368,8
2016-04-30 0:37,374,367,7
2016-04-30 0:38,373,365,8
2016-04-30 0:39,372,364,8
2016-04-30 0:40,370,362,8
2016-04-30 0:41,369,361,8
2016-04-30 0:42,367,359,8
2016-04-30 0:43,366,357,9
2016-04-30 0:44,365,356,9
2016-04-30 0:45,363,354,9
2016-04-30 0:46,362,353,9
2016-04-30 0:47,360,351,9
2016-04-30 0:48,359,350,9
2016-04-30 0:49,357,348,9
2016-04-30 0:50,356,347,9
2016-04-30 0:51,354,345,9
2016-04-30 0:52,353,343,10
2016-04-30 0:53,351,342,9
2016-04-30 0:54,350,340,10
2016-04-30 0:55,348,339,9
2016-04-30 0:56,347,337,10
2016-04-30 0:57,345,336,9
2016-04-30 0:58,344,334,10
2016-04-30 0:59,342,333,9
2016-04-30 1:00,340,331,9
2016-04-30 1:01,339,329,10
2016-04-30 1:02,338,328,10
2016-04-30 1:03,336,326,10
2016-04-30 1:04,335,325,10
2016-04-30 1:05,333,323,10
2016-04-30 1:06,332,322,10
2016-04-30 1:07,330,320,10
2016-04-30 1:08,328,319,9
2016-04-30 1:09,327,317,10
2016-04-30 1:10,325,316,9
2016-04-30 1:11,323,314,9
2016-04-30 1:12,322,313,9
2016-04-30 1:13,321,311,10
2016-04-30 1:14,319,310,9
2016-04-30 1:15,318,308,10
2016-04-30 1:16,316,306,10
2016-04-30 1:17,315,305,10
2016-04-30 1:18,313,303,10
2016-04-30 1:19,312,302,10
2016-04-30 1:20,310,300,10
2016-04-30 1:21,309,299,10
2016-04-30 1:22,308,297,11
2016-04-30 1:23,306,296,10
2016-04-30 1:24,304,295,9
2016-04-30 1:25,303,293,10
2016-04-30 1:26,301,292,9
2016-04-30 1:27,300,290,10
2016-04-30 1:28,299,289,10
2016-04-30 1:29,298,287,11
2016-04-30 1:30,296,286,10
2016-04-30 1:31,294,284,10
2016-04-30 1:32,293,283,10
2016-04-30 1:33,292,281,11
2016-04-30 1:34,290,280,10
2016-04-30 1:35,288,278,10
2016-04-30 1:36,287,277,10
2016-04-30 1:37,286,276,10
2016-04-30 1:38,285,274,11
2016-04-30 1:39,283,273,10
2016-04-30 1:40,282,271,11
2016-04-30 1:41,281,270,11
2016-04-30 1:42,279,268,11
2016-04-30 1:43,278,267,11
2016-04-30 1:44,277,266,11
2016-04-30 1:45,275,264,11
2016-04-30 1:46,274,263,11
2016-04-30 1:47,273,261,12
2016-04-30 1:48,271,260,11
2016-04-30 1:49,270,259,11
2016-04-30 1:50,269,257,12
2016-04-30 1:51,267,256,11
2016-04-30 1:52,266,255,11
2016-04-30 1:53,265,253,12
2016-04-30 1:54,263,252,11
2016-04-30 1:55,262,250,12
2016-04-30 1:56,261,249,12
2016-04-30 1:57,260,248,12
2016-04-30 1:58,259,246,13
2016-04-30 1:59,257,245,12
2016-04-30 2:00,256,244,12
2016-04-30 2:01,255,242,13
2016-04-30 2:02,253,241,12
2016-04-30 2:03,252,240,12
2016-04-30 2:04,251,238,13
2016-04-30 2:05,249,237,12
2016-04-30 2:06,248,236,12
2016-04-30 2:07,247,235,12
2016-04-30 2:08,246,233,13
2016-04-30 2:09,244,232,12
2016-04-30 2:10,243,231,12
2016-04-30 2:11,242,229,13
2016-04-30 2:12,241,228,13
2016-04-30 2:13,240,227,13
2016-04-30 2:14,238,226,12
2016-04-30 2:15,237,224,13
2016-04-30 2:16,236,223,13
2016-04-30 2:17,234,222,12
2016-04-30 2:18,233,220,13
2016-04-30 2:19,232,219,13
2016-04-30 2:20,231,218,13
2016-04-30 2:21,229,217,12
2016-04-30 2:22,228,216,12
2016-04-30 2:23,227,214,13
2016-04-30 2:24,226,213,13
2016-04-30 2:25,225,212,13
2016-04-30 2:26,223,211,12
2016-04-30 2:27,222,209,13
2016-04-30 2:28,221,208,13
2016-04-30 2:29,220,207,13
2016-04-30 2:30,219,206,13
2016-04-30 2:31,217,205,12
2016-04-30 2:32,216,203,13
2016-04-30 2:33,215,202,13
2016-04-30 2:34,213,201,12
2016-04-30 2:35,212,200,12
2016-04-30 2:36,211,199,12
2016-04-30 2:37,210,197,13
2016-04-30 2:38,208,196,12
2016-04-30 2:39,207,195,12
2016-04-30 2:40,206,194,12
2016-04-30 2:41,205,193,12
2016-04-30 2:42,204,192,12
2016-04-30 2:43,203,191,12
2016-04-30 2:44,202,189,13
2016-04-30 2:45,201,188,13
2016-04-30 2:46,199,187,12
2016-04-30 2:47,198,186,12
2016-04-30 2:48,197,185,12
2016-04-30 2:49,196,184,12
2016-04-30 2:50,195,183,12
2016-04-30 2:51,194,182,12
2016-04-30 2:52,192,180,12
2016-04-30 2:53,191,179,12
2016-04-30 2:54,190,178,12
2016-04-30 2:55,189,177,12
2016-04-30 2:56,188,176,12
2016-04-30 2:57,187,175,12
2016-04-30 2:58,186,174,12
2016-04-30 2:59,185,173,12
2016-04-30 3:00,183,172,11
2016-04-30 3:01,183,171,12
2016-04-30 3:02,181,170,11
2016-04-30 3:03,180,169,11
2016-04-30 3:04,179,167,12
2016-04-30 3:05,178,166,12
2016-04-30 3:06,177,165,12
2016-04-30 3:07,176,164,12
2016-04-30 3:08,175,163,12
2016-04-30 3:09,174,162,12
2016-04-30 3:10,173,161,12
2016-04-30 3:11,171,160,11
2016-04-30 3:12,171,159,12
2016-04-30 3:13,169,158,11
2016-04-30 3:14,168,157,11
2016-04-30 3:15,167,156,11
2016-04-30 3:16,166,155,11
2016-04-30 3:17,165,154,11
2016-04-30 3:18,164,153,11
2016-04-30 3:19,163,152,11
2016-04-30 3:20,162,151,11
2016-04-30 3:21,161,150,11
2016-04-30 3:22,160,149,11
2016-04-30 3:23,159,148,11
2016-04-30 3:24,158,147,11
2016-04-30 3:25,157,147,10
2016-04-30 3:26,156,146,10
2016-04-30 3:27,155,145,10
2016-04-30 3:28,154,144,10
2016-04-30 3:29,153,143,10
2016-04-30 3:30,152,142,10
2016-04-30 3:31,151,141,10
2016-04-30 3:32,150,140,10
2016-04-30 3:33,149,139,10
2016-04-30 3:34,148,138,10
2016-04-30 3:35,148,137,11
2016-04-30 3:36,146,136,10
2016-04-30 3:37,146,136,10
2016-04-30 3:38,145,135,10
2016-04-30 3:39,144,134,10
2016-04-30 3:40,143,133,10
2016-04-30 3:41,142,132,10
2016-04-30 3:42,141,131,10
2016-04-30 3:43,140,130,10
2016-04-30 3:44,139,130,9
2016-04-30 3:45,138,129,9
2016-04-30 3:46,137,128,9
2016-04-30 3:47,136,127,9
2016-04-30 3:48,135,126,9
2016-04-30 3:49,134,126,8
2016-04-30 3:50,133,125,8
2016-04-30 3:51,132,124,8
2016-04-30 3:52,131,123,8
2016-04-30 3:53,130,122,8
2016-04-30 3:54,129,122,7
2016-04-30 3:55,129,121,8
2016-04-30 3:56,128,120,8
2016-04-30 3:57,127,119,8
2016-04-30 3:58,126,119,7
2016-04-30 3:59,124,118,6
2016-04-30 4:00,123,117,6
2016-04-30 4:01,122,117,5
2016-04-30 4:02,121,116,5
2016-04-30 4:03,121,115,6
2016-04-30 4:04,120,114,6
2016-04-30 4:05,119,114,5
2016-04-30 4:06,117,113,4
2016-04-30 4:07,116,112,4
2016-04-30 4:08,115,112,3
2016-04-30 4:09,115,111,4
2016-04-30 4:10,114,110,4
2016-04-30 4:11,113,110,3
2016-04-30 4:12,112,109,3
2016-04-30 4:13,111,109,2
2016-04-30 4:14,110,108,2
2016-04-30 4:15,109,107,2
2016-04-30 4:16,108,107,1
2016-04-30 4:17,108,106,2
2016-04-30 4:18,106,106,0
2016-04-30 4:19,105,105,0
2016-04-30 4:20,104,105,-1
2016-04-30 4:21,104,104,0
2016-04-30 4:22,103,103,0
2016-04-30 4:23,102,103,-1
2016-04-30 4:24,101,102,-1
2016-04-30 4:25,100,102,-2
2016-04-30 4:26,99,101,-2
2016-04-30 4:27,98,101,-3
2016-04-30 4:28,98,100,-2
2016-04-30 4:29,97,100,-3
2016-04-30 4:30,96,100,-4
2016-04-30 4:31,95,99,-4
2016-04-30 4:32,94,99,-5
2016-04-30 4:33,94,98,-4
2016-04-30 4:34,93,98,-5
2016-04-30 4:35,92,97,-5
2016-04-30 4:36,91,97,-6
2016-04-30 4:37,91,97,-6
2016-04-30 4:38,90,96,-6
2016-04-30 4:39,89,96,-7
2016-04-30 4:40,88,95,-7
2016-04-30 4:41,87,95,-8
2016-04-30 4:42,87,95,-8
2016-04-30 4:43,86,94,-8
2016-04-30 4:44,85,94,-9
2016-04-30 4:45,85,94,-9
2016-04-30 4:46,84,94,-10
2016-04-30 4:47,83,93,-10
2016-04-30 4:48,82,93,-11
2016-04-30 4:49,82,93,-11
2016-04-30 4:50,81,93,-12
2016-04-30 4:51,81,92,-11
2016-04-30 4:52,80,92,-12
2016-04-30 4:53,79,92,-13
2016-04-30 4:54,79,92,-13
2016-04-30 4:55,79,91,-12
2016-04-30 4:56,78,91,-13
2016-04-30 4:57,78,91,-13
2016-04-30 4:58,77,91,-14
2016-04-30 4:59,77,91,-14
2016-04-30 5:00,76,91,-15
2016-04-30 5:01,76,91,-15
2016-04-30 5:02,76,90,-14
2016-04-30 5:03,76,90,-14
2016-04-30 5:04,75,90,-15
2016-04-30 5:05,75,90,-15
2016-04-30 5:06,75,90,-15
2016-04-30 5:07,74,90,-16
2016-04-30 5:08,74,90,-16
2016-04-30 5:09,74,90,-16
2016-04-30 5:10,74,90,-16
2016-04-30 5:11,74,90,-16
2016-04-30 5:12,74,90,-16
2016-04-30 5:13,74,90,-16
2016-04-30 5:14,74,90,-16
2016-04-30 5:15,74,90,-16
2016-04-30 5:16,74,90,-16
2016-04-30 5:17,74,90,-16
2016-04-30 5:18,74,90,-16
2016-04-30 5:19,75,90,-15
2016-04-30 5:20,75,90,-15
2016-04-30 5:21,76,91,-15
2016-04-30 5:22,76,91,-15
2016-04-30 5:23,77,91,-14
2016-04-30 5:24,78,91,-13
2016-04-30 5:25,78,91,-13
2016-04-30 5:26,79,91,-12
2016-04-30 5:27,80,92,-12
2016-04-30 5:28,81,92,-11
2016-04-30 5:29,82,92,-10
2016-04-30 5:30,83,92,-9
2016-04-30 5:31,84,93,-9
2016-04-30 5:32,85,93,-8
2016-04-30 5:33,86,93,-7
2016-04-30 5:34,87,93,-6
2016-04-30 5:35,88,94,-6
2016-04-30 5:36,89,94,-5
2016-04-30 5:37,91,94,-3
2016-04-30 5:38,91,95,-4
2016-04-30 5:39,93,95,-2
2016-04-30 5:40,93,95,-2
2016-04-30 5:41,94,96,-2
2016-04-30 5:42,95,96,-1
2016-04-30 5:43,96,97,-1
2016-04-30 5:44,97,97,0
2016-04-30 5:45,98,97,1
2016-04-30 5:46,99,98,1
2016-04-30 5:47,100,98,2
2016-04-30 5:48,100,99,1
2016-04-30 5:49,101,99,2
2016-04-30 5:50,102,100,2
2016-04-30 5:51,103,100,3
2016-04-30 5:52,104,101,3
2016-04-30 5:53,105,101,4
2016-04-30 5:54,106,102,4
2016-04-30 5:55,107,102,5
2016-04-30 5:56,108,103,5
2016-04-30 5:57,109,104,5
2016-04-30 5:58,110,104,6
2016-04-30 5:59,111,105,6
2016-04-30 6:00,112,105,7
2016-04-30 6:01,112,106,6
2016-04-30 6:02,113,107,6
2016-04-30 6:03,114,107,7
2016-04-30 6:04,115,108,7
2016-04-30 6:05,115,109,6
2016-04-30 6:06,116,110,6
2016-04-30 6:07,117,110,7
2016-04-30 6:08,117,111,6
2016-04-30 6:09,118,112,6
2016-04-30 6:10,119,112,7
2016-04-30 6:11,119,113,6
2016-04-30 6:12,120,114,6
2016-04-30 6:13,120,115,5
2016-04-30 6:14,121,116,5
2016-04-30 6:15,121,116,5
2016-04-30 6:16,122,117,5
2016-04-30 6:17,123,118,5
2016-04-30 6:18,124,119,5
2016-04-30 6:19,124,120,4
2016-04-30 6:20,125,121,4
2016-04-30 6:21,126,122,4
2016-04-30 6:22,126,123,3
2016-04-30 6:23,127,124,3
2016-04-30 6:24,128,125,3
2016-04-30 6:25,129,125,4
2016-04-30 6:26,130,126,4
2016-04-30 6:27,130,127,3
2016-04-30 6:28,131,128,3
2016-04-30 6:29,132,129,3
2016-04-30 6:30,133,130,3
2016-04-30 6:31,134,132,2
2016-04-30 6:32,135,133,2
2016-04-30 6:33,136,134,2
2016-04-30 6:34,137,135,2
2016-04-30 6:35,138,136,2
2016-04-30 6:36,140,137,3
2016-04-30 6:37,141,138,3
2016-04-30 6:38,142,139,3
2016-04-30 6:39,144,140,4
2016-04-30 6:40,145,141,4
2016-04-30 6:41,147,143,4
2016-04-30 6:42,148,144,4
2016-04-30 6:43,149,145,4
2016-04-30 6:44,151,146,5
2016-04-30 6:45,152,147,5
2016-04-30 6:46,154,149,5
2016-04-30 6:47,155,150,5
2016-04-30 6:48,157,151,6
2016-04-30 6:49,159,152,7
2016-04-30 6:50,160,154,6
2016-04-30 6:51,162,155,7
2016-04-30 6:52,164,156,8
2016-04-30 6:53,166,157,9
2016-04-30 6:54,168,159,9
2016-04-30 6:55,170,160,10
2016-04-30 6:56,172,161,11
2016-04-30 6:57,174,163,11
2016-04-30 6:58,176,164,12
2016-04-30 6:59,178,166,12
2016-04-30 7:00,180,167,13
2016-04-30 7:01,182,168,14
2016-04-30 7:02,184,170,14
2016-04-30 7:03,186,171,15
2016-04-30 7:04,188,173,15
2016-04-30 7:05,190,174,16
2016-04-30 7:06,192,175,17
2016-04-30 7:07,194,177,17
2016-04-30 7:08,197,178,19
2016-04-30 7:09,199,180,19
2016-04-30 7:10,201,181,20
2016-04-30 7:11,204,183,21
2016-04-30 7:12,206,184,22
2016-04-30 7:13,208,186,22
2016-04-30 7:14,210,188,22
2016-04-30 7:15,212,189,23
2016-04-30 7:16,214,191,23
2016-04-30 7:17,217,192,25
2016-04-30 7:18,219,194,25
2016-04-30 7:19,221,195,26
2016-04-30 7:20,223,197,26
2016-04-30 7:21,226,199,27
2016-04-30 7:22,228,200,28
2016-04-30 7:23,230,202,28
2016-04-30 7:24,232,204,28
2016-04-30 7:25,234,205,29
2016-04-30 7:26,236,207,29
2016-04-30 7:27,239,209,30
2016-04-30 7:28,241,210,31
2016-04-30 7:29,243,212,31
2016-04-30 7:30,245,214,31
2016-04-30 7:31,248,215,33
2016-04-30 7:32,250,217,33
2016-04-30 7:33,252,219,33
2016-04-30 7:34,254,221,33
2016-04-30 7:35,256,222,34
2016-04-30 7:36,258,224,34
2016-04-30 7:37,260,226,34
2016-04-30 7:38,263,228,35
2016-04-30 7:39,265,229,36
2016-04-30 7:40,267,231,36
2016-04-30 7:41,269,233,36
2016-04-30 7:42,271,235,36
2016-04-30 7:43,273,237,36
2016-04-30 7:44,276,238,38
2016-04-30 7:45,278,240,38
2016-04-30 7:46,280,242,38
2016-04-30 7:47,282,244,38
2016-04-30 7:48,284,246,38
2016-04-30 7:49,287,248,39
2016-04-30 7:50,289,250,39
2016-04-30 7:51,291,251,40
2016-04-30 7:52,-,253,-
2016-04-30 7:53,-,255,-
2016-04-30 7:54,-,257,-
2016-04-30 7:55,293,259,34
2016-04-30 7:56,302,261,41
2016-04-30 7:57,304,263,41
2016-04-30 7:58,306,265,41
2016-04-30 7:59,309,267,42
2016-04-30 8:00,311,269,42
2016-04-30 8:01,313,271,42
2016-04-30 8:02,316,273,43
2016-04-30 8:03,317,275,42
2016-04-30 8:04,320,276,44
2016-04-30 8:05,322,278,44
2016-04-30 8:06,324,280,44
2016-04-30 8:07,326,282,44
2016-04-30 8:08,328,284,44
2016-04-30 8:09,331,286,45
2016-04-30 8:10,332,288,44
2016-04-30 8:11,335,290,45
2016-04-30 8:12,337,292,45
2016-04-30 8:13,339,294,45
2016-04-30 8:14,341,296,45
2016-04-30 8:15,343,298,45
2016-04-30 8:16,345,300,45
2016-04-30 8:17,347,303,44
2016-04-30 8:18,350,305,45
2016-04-30 8:19,352,307,45
2016-04-30 8:20,354,309,45
2016-04-30 8:21,356,311,45
2016-04-30 8:22,358,313,45
2016-04-30 8:23,360,315,45
2016-04-30 8:24,363,317,46
2016-04-30 8:25,365,319,46
2016-04-30 8:26,367,321,46
2016-04-30 8:27,369,323,46
2016-04-30 8:28,371,325,46
2016-04-30 8:29,373,327,46
2016-04-30 8:30,375,329,46
2016-04-30 8:31,377,331,46
2016-04-30 8:32,379,333,46
2016-04-30 8:33,381,335,46
2016-04-30 8:34,384,337,47
2016-04-30 8:35,386,340,46
2016-04-30 8:36,388,342,46
2016-04-30 8:37,390,344,46
2016-04-30 8:38,392,346,46
2016-04-30 8:39,394,348,46
2016-04-30 8:40,396,350,46
2016-04-30 8:41,398,352,46
2016-04-30 8:42,400,354,46
2016-04-30 8:43,402,356,46
2016-04-30 8:44,404,358,46
2016-04-30 8:45,406,360,46
2016-04-30 8:46,408,362,46
2016-04-30 8:47,410,364,46
2016-04-30 8:48,412,366,46
2016-04-30 8:49,414,368,46
2016-04-30 8:50,416,371,45
2016-04-30 8:51,418,373,45
2016-04-30 8:52,420,375,45
2016-04-30 8:53,422,377,45
2016-04-30 8:54,424,379,45
2016-04-30 8:55,426,381,45
2016-04-30 8:56,428,383,45
2016-04-30 8:57,430,385,45
2016-04-30 8:58,432,387,45
2016-04-30 8:59,434,389,45
2016-04-30 9:00,435,391,44
2016-04-30 9:01,437,393,44
2016-04-30 9:02,439,395,44
2016-04-30 9:03,441,397,44
2016-04-30 9:04,443,399,44
2016-04-30 9:05,445,401,44
2016-04-30 9:06,447,403,44
2016-04-30 9:07,449,405,44
2016-04-30 9:08,450,407,43
2016-04-30 9:09,452,409,43
2016-04-30 9:10,453,411,42
2016-04-30 9:11,455,413,42
2016-04-30 9:12,457,415,42
2016-04-30 9:13,458,417,41
2016-04-30 9:14,460,419,41
2016-04-30 9:15,462,421,41
2016-04-30 9:16,464,423,41
2016-04-30 9:17,466,425,41
2016-04-30 9:18,467,427,40
2016-04-30 9:19,469,429,40
2016-04-30 9:20,471,430,41
2016-04-30 9:21,472,432,40
2016-04-30 9:22,474,434,40
2016-04-30 9:23,476,436,40
2016-04-30 9:24,478,438,40
2016-04-30 9:25,479,440,39
2016-04-30 9:26,481,442,39
2016-04-30 9:27,483,444,39
2016-04-30 9:28,484,445,39
2016-04-30 9:29,486,447,39
2016-04-30 9:30,488,449,39
2016-04-30 9:31,490,451,39
2016-04-30 9:32,491,453,38
2016-04-30 9:33,493,454,39
2016-04-30 9:34,495,456,39
2016-04-30 9:35,497,458,39
2016-04-30 9:36,499,460,39
2016-04-30 9:37,500,461,39
2016-04-30 9:38,502,463,39
2016-04-30 9:39,504,465,39
2016-04-30 9:40,505,467,38
2016-04-30 9:41,507,468,39
2016-04-30 9:42,508,470,38
2016-04-30 9:43,510,472,38
2016-04-30 9:44,512,473,39
2016-04-30 9:45,513,475,38
2016-04-30 9:46,515,477,38
2016-04-30 9:47,517,478,39
2016-04-30 9:48,519,480,39
2016-04-30 9:49,520,481,39
2016-04-30 9:50,522,483,39
2016-04-30 9:51,523,484,39
2016-04-30 9:52,525,486,39
2016-04-30 9:53,526,488,38
2016-04-30 9:54,527,489,38
2016-04-30 9:55,529,491,38
2016-04-30 9:56,530,492,38
2016-04-30 9:57,532,493,39
2016-04-30 9:58,533,495,38
2016-04-30 9:59,535,496,39
2016-04-30 10:00,536,498,38
2016-04-30 10:01,537,499,38
2016-04-30 10:02,539,501,38
2016-04-30 10:03,540,502,38
2016-04-30 10:04,541,503,38
2016-04-30 10:05,542,505,37
2016-04-30 10:06,543,506,37
2016-04-30 10:07,544,507,37
2016-04-30 10:08,545,509,36
2016-04-30 10:09,546,510,36
2016-04-30 10:10,547,511,36
2016-04-30 10:11,548,512,36
2016-04-30 10:12,550,514,36
2016-04-30 10:13,550,515,35
2016-04-30 10:14,551,516,35
2016-04-30 10:15,552,517,35
2016-04-30 10:16,553,518,35
2016-04-30 10:17,554,519,35
2016-04-30 10:18,555,520,35
2016-04-30 10:19,555,522,33
2016-04-30 10:20,556,523,33
2016-04-30 10:21,557,524,33
2016-04-30 10:22,558,525,33
2016-04-30 10:23,558,526,32
2016-04-30 10:24,559,527,32
2016-04-30 10:25,560,528,32
2016-04-30 10:26,560,529,31
2016-04-30 10:27,561,530,31
2016-04-30 10:28,562,531,31
2016-04-30 10:29,563,531,32
2016-04-30 10:30,563,532,31
2016-04-30 10:31,563,533,30
2016-04-30 10:32,564,534,30
2016-04-30 10:33,565,535,30
2016-04-30 10:34,566,536,30
2016-04-30 10:35,566,536,30
2016-04-30 10:36,566,537,29
2016-04-30 10:37,567,538,29
2016-04-30 10:38,567,539,28
2016-04-30 10:39,568,539,29
2016-04-30 10:40,568,540,28
2016-04-30 10:41,568,541,27
2016-04-30 10:42,569,541,28
2016-04-30 10:43,569,542,27
2016-04-30 10:44,569,542,27
2016-04-30 10:45,569,543,26
2016-04-30 10:46,570,544,26
2016-04-30 10:47,570,544,26
2016-04-30 10:48,570,545,25
2016-04-30 10:49,571,545,26
2016-04-30 10:50,571,546,25
2016-04-30 10:51,571,546,25
2016-04-30 10:52,571,547,24
2016-04-30 10:53,571,547,24
2016-04-30 10:54,571,547,24
2016-04-30 10:55,571,548,23
2016-04-30 10:56,571,548,23
2016-04-30 10:57,571,548,23
2016-04-30 10:58,570,549,21
2016-04-30 10:59,571,549,22
2016-04-30 11:00,570,549,21
2016-04-30 11:01,570,549,21
2016-04-30 11:02,570,550,20
2016-04-30 11:03,570,550,20
2016-04-30 11:04,570,550,20
2016-04-30 11:05,569,550,19
2016-04-30 11:06,570,550,20
2016-04-30 11:07,569,550,19
2016-04-30 11:08,569,551,18
2016-04-30 11:09,569,551,18
2016-04-30 11:10,568,551,17
2016-04-30 11:11,568,551,17
2016-04-30 11:12,568,551,17
2016-04-30 11:13,567,551,16
2016-04-30 11:14,567,551,16
2016-04-30 11:15,566,551,15
2016-04-30 11:16,566,551,15
2016-04-30 11:17,565,550,15
2016-04-30 11:18,565,550,15
2016-04-30 11:19,564,550,14
2016-04-30 11:20,564,550,14
2016-04-30 11:21,563,550,13
2016-04-30 11:22,562,550,12
2016-04-30 11:23,562,550,12
2016-04-30 11:24,562,549,13
2016-04-30 11:25,561,549,12
2016-04-30 11:26,560,549,11
2016-04-30 11:27,559,549,10
2016-04-30 11:28,559,548,11
2016-04-30 11:29,558,548,10
2016-04-30 11:30,558,548,10
2016-04-30 11:31,557,547,10
2016-04-30 11:32,556,547,9
2016-04-30 11:33,555,546,9
2016-04-30 11:34,555,546,9
2016-04-30 11:35,554,546,8
2016-04-30 11:36,553,545,8
2016-04-30 11:37,552,545,7
2016-04-30 11:38,551,544,7
2016-04-30 11:39,550,544,6
2016-04-30 11:40,549,543,6
2016-04-30 11:41,548,543,5
2016-04-30 11:42,548,542,6
2016-04-30 11:43,547,541,6
2016-04-30 11:44,545,541,4
2016-04-30 11:45,544,540,4
2016-04-30 11:46,544,540,4
2016-04-30 11:47,543,539,4
2016-04-30 11:48,541,538,3
2016-04-30 11:49,541,538,3
2016-04-30 11:50,540,537,3
2016-04-30 11:51,539,536,3
2016-04-30 11:52,537,535,2
2016-04-30 11:53,537,535,2
2016-04-30 11:54,535,534,1
2016-04-30 11:55,535,533,2
2016-04-30 11:56,534,532,2
2016-04-30 11:57,533,531,2
2016-04-30 11:58,531,531,0
2016-04-30 11:59,530,530,0
2016-04-30 12:00,530,529,1
2016-04-30 12:01,528,528,0
2016-04-30 12:02,528,527,1
2016-04-30 12:03,526,526,0
2016-04-30 12:04,525,525,0
2016-04-30 12:05,524,524,0
2016-04-30 12:06,523,523,0
2016-04-30 12:07,522,522,0
2016-04-30 12:08,521,522,-1
2016-04-30 12:09,520,521,-1
2016-04-30 12:10,520,520,0
2016-04-30 12:11,518,518,0
2016-04-30 12:12,518,517,1
2016-04-30 12:13,516,516,0
2016-04-30 12:14,516,515,1
2016-04-30 12:15,515,514,1
2016-04-30 12:16,514,513,1
2016-04-30 12:17,513,512,1
2016-04-30 12:18,512,511,1
2016-04-30 12:19,511,510,1
2016-04-30 12:20,509,509,0
2016-04-30 12:21,509,508,1
2016-04-30 12:22,507,506,1
2016-04-30 12:23,506,505,1
2016-04-30 12:24,505,504,1
2016-04-30 12:25,504,503,1
2016-04-30 12:26,502,502,0
2016-04-30 12:27,502,501,1
2016-04-30 12:28,501,499,2
2016-04-30 12:29,500,498,2
2016-04-30 12:30,499,497,2
2016-04-30 12:31,497,496,1
2016-04-30 12:32,497,494,3
2016-04-30 12:33,495,493,2
2016-04-30 12:34,494,492,2
2016-04-30 12:35,492,491,1
2016-04-30 12:36,492,489,3
2016-04-30 12:37,491,488,3
2016-04-30 12:38,489,487,2
2016-04-30 12:39,488,485,3
2016-04-30 12:40,486,484,2
2016-04-30 12:41,485,483,2
2016-04-30 12:42,484,481,3
2016-04-30 12:43,482,480,2
2016-04-30 12:44,482,479,3
2016-04-30 12:45,480,477,3
2016-04-30 12:46,479,476,3
2016-04-30 12:47,477,475,2
2016-04-30 12:48,476,473,3
2016-04-30 12:49,475,472,3
2016-04-30 12:50,474,470,4
2016-04-30 12:51,473,469,4
2016-04-30 12:52,471,468,3
2016-04-30 12:53,471,466,5
2016-04-30 12:54,470,465,5
2016-04-30 12:55,468,463,5
2016-04-30 12:56,467,462,5
2016-04-30 12:57,466,460,6
2016-04-30 12:58,465,459,6
2016-04-30 12:59,464,458,6
2016-04-30 13:00,462,456,6
2016-04-30 13:01,461,455,6
2016-04-30 13:02,460,453,7
2016-04-30 13:03,459,452,7
2016-04-30 13:04,457,450,7
2016-04-30 13:05,456,449,7
2016-04-30 13:06,455,447,8
2016-04-30 13:07,454,446,8
2016-04-30 13:08,452,444,8
2016-04-30 13:09,451,443,8
2016-04-30 13:10,450,441,9
2016-04-30 13:11,448,440,8
2016-04-30 13:12,447,438,9
2016-04-30 13:13,446,437,9
2016-04-30 13:14,444,435,9
2016-04-30 13:15,443,434,9
2016-04-30 13:16,442,432,10
2016-04-30 13:17,440,431,9
2016-04-30 13:18,439,429,10
2016-04-30 13:19,437,428,9
2016-04-30 13:20,436,426,10
2016-04-30 13:21,434,425,9
2016-04-30 13:22,433,423,10
2016-04-30 13:23,432,422,10
2016-04-30 13:24,430,420,10
2016-04-30 13:25,428,419,9
2016-04-30 13:26,427,417,10
2016-04-30 13:27,425,415,10
2016-04-30 13:28,424,414,10
2016-04-30 13:29,423,412,11
2016-04-30 13:30,421,411,10
2016-04-30 13:31,420,409,11
2016-04-30 13:32,418,408,10
2016-04-30 13:33,417,406,11
2016-04-30 13:34,416,405,11
2016-04-30 13:35,414,403,11
2016-04-30 13:36,413,402,11
2016-04-30 13:37,411,400,11
2016-04-30 13:38,410,399,11
2016-04-30 13:39,409,397,12
2016-04-30 13:40,408,396,12
2016-04-30 13:41,406,394,12
2016-04-30 13:42,404,392,12
2016-04-30 13:43,403,391,12
2016-04-30 13:44,402,389,13
2016-04-30 13:45,400,388,12
2016-04-30 13:46,399,386,13
2016-04-30 13:47,398,385,13
2016-04-30 13:48,396,383,13
2016-04-30 13:49,395,382,13
2016-04-30 13:50,394,380,14
2016-04-30 13:51,392,379,13
2016-04-30 13:52,391,377,14
2016-04-30 13:53,389,376,13
2016-04-30 13:54,388,374,14
2016-04-30 13:55,386,373,13
2016-04-30 13:56,385,371,14
2016-04-30 13:57,384,369,15
2016-04-30 13:58,382,368,14
2016-04-30 13:59,381,366,15
2016-04-30 14:00,379,365,14
2016-04-30 14:01,379,363,16
2016-04-30 14:02,377,362,15
2016-04-30 14:03,375,360,15
2016-04-30 14:04,374,359,15
2016-04-30 14:05,372,357,15
2016-04-30 14:06,371,356,15
2016-04-30 14:07,369,354,15
2016-04-30 14:08,368,353,15
2016-04-30 14:09,367,351,16
2016-04-30 14:10,365,350,15
2016-04-30 14:11,365,348,17
2016-04-30 14:12,363,347,16
2016-04-30 14:13,362,345,17
2016-04-30 14:14,360,344,16
2016-04-30 14:15,359,342,17
2016-04-30 14:16,358,341,17
2016-04-30 14:17,357,339,18
2016-04-30 14:18,355,338,17
2016-04-30 14:19,354,337,17
2016-04-30 14:20,352,335,17
2016-04-30 14:21,351,334,17
2016-04-30 14:22,350,332,18
2016-04-30 14:23,349,331,18
2016-04-30 14:24,347,329,18
2016-04-30 14:25,346,328,18
2016-04-30 14:26,344,326,18
2016-04-30 14:27,343,325,18
2016-04-30 14:28,342,323,19
2016-04-30 14:29,340,322,18
2016-04-30 14:30,340,321,19
2016-04-30 14:31,338,319,19
2016-04-30 14:32,337,318,19
2016-04-30 14:33,335,316,19
2016-04-30 14:34,334,315,19
2016-04-30 14:35,333,313,20
2016-04-30 14:36,332,312,20
2016-04-30 14:37,331,311,20
2016-04-30 14:38,329,309,20
2016-04-30 14:39,328,308,20
2016-04-30 14:40,326,306,20
2016-04-30 14:41,325,305,20
2016-04-30 14:42,324,304,20
2016-04-30 14:43,323,302,21
2016-04-30 14:44,321,301,20
2016-04-30 14:45,320,299,21
2016-04-30 14:46,319,298,21
2016-04-30 14:47,318,297,21
2016-04-30 14:48,316,295,21
2016-04-30 14:49,315,294,21
2016-04-30 14:50,313,292,21
2016-04-30 14:51,313,291,22
2016-04-30 14:52,312,290,22
2016-04-30 14:53,310,288,22
2016-04-30 14:54,309,287,22
2016-04-30 14:55,308,286,22
2016-04-30 14:56,306,284,22
2016-04-30 14:57,306,283,23
2016-04-30 14:58,304,282,22
2016-04-30 14:59,302,280,22
2016-04-30 15:00,301,279,22
2016-04-30 15:01,300,278,22
2016-04-30 15:02,299,276,23
2016-04-30 15:03,297,275,22
2016-04-30 15:04,296,274,22
2016-04-30 15:05,295,272,23
2016-04-30 15:06,294,271,23
2016-04-30 15:07,292,270,22
2016-04-30 15:08,291,269,22
2016-04-30 15:09,290,267,23
2016-04-30 15:10,289,266,23
2016-04-30 15:11,288,265,23
2016-04-30 15:12,287,263,24
2016-04-30 15:13,285,262,23
2016-04-30 15:14,284,261,23
2016-04-30 15:15,283,260,23
2016-04-30 15:16,282,258,24
2016-04-30 15:17,281,257,24
2016-04-30 15:18,280,256,24
2016-04-30 15:19,278,255,23
2016-04-30 15:20,277,253,24
2016-04-30 15:21,276,252,24
2016-04-30 15:22,275,251,24
2016-04-30 15:23,273,250,23
2016-04-30 15:24,273,248,25
2016-04-30 15:25,271,247,24
2016-04-30 15:26,269,246,23
2016-04-30 15:27,269,245,24
2016-04-30 15:28,268,244,24
2016-04-30 15:29,267,242,25
2016-04-30 15:30,266,241,25
2016-04-30 15:31,265,240,25
2016-04-30 15:32,264,239,25
2016-04-30 15:33,263,238,25
2016-04-30 15:34,262,236,26
2016-04-30 15:35,261,235,26
2016-04-30 15:36,259,234,25
2016-04-30 15:37,258,233,25
2016-04-30 15:38,257,232,25
2016-04-30 15:39,256,231,25
2016-04-30 15:40,255,230,25
2016-04-30 15:41,254,228,26
2016-04-30 15:42,253,227,26
2016-04-30 15:43,251,226,25
2016-04-30 15:44,250,225,25
2016-04-30 15:45,249,224,25
2016-04-30 15:46,248,223,25
2016-04-30 15:47,247,222,25
2016-04-30 15:48,246,221,25
2016-04-30 15:49,244,219,25
2016-04-30 15:50,244,218,26
2016-04-30 15:51,243,217,26
2016-04-30 15:52,241,216,25
2016-04-30 15:53,240,215,25
2016-04-30 15:54,239,214,25
2016-04-30 15:55,238,213,25
2016-04-30 15:56,237,212,25
2016-04-30 15:57,236,211,25
2016-04-30 15:58,235,210,25
2016-04-30 15:59,234,209,25
2016-04-30 16:00,233,208,25
2016-04-30 16:01,231,207,24
2016-04-30 16:02,230,206,24
2016-04-30 16:03,229,205,24
2016-04-30 16:04,228,204,24
2016-04-30 16:05,227,203,24
2016-04-30 16:06,226,202,24
2016-04-30 16:07,225,201,24
2016-04-30 16:08,224,200,24
2016-04-30 16:09,223,199,24
2016-04-30 16:10,223,198,25
2016-04-30 16:11,221,197,24
2016-04-30 16:12,220,196,24
2016-04-30 16:13,219,195,24
2016-04-30 16:14,218,194,24
2016-04-30 16:15,217,193,24
2016-04-30 16:16,216,192,24
2016-04-30 16:17,215,191,24
2016-04-30 16:18,214,190,24
2016-04-30 16:19,213,190,23
2016-04-30 16:20,212,189,23
2016-04-30 16:21,211,188,23
2016-04-30 16:22,210,187,23
2016-04-30 16:23,209,186,23
2016-04-30 16:24,208,185,23
2016-04-30 16:25,206,184,22
2016-04-30 16:26,206,183,23
2016-04-30 16:27,205,183,22
2016-04-30 16:28,204,182,22
2016-04-30 16:29,203,181,22
2016-04-30 16:30,202,180,22
2016-04-30 16:31,201,179,22
2016-04-30 16:32,200,179,21
2016-04-30 16:33,199,178,21
2016-04-30 16:34,198,177,21
2016-04-30 16:35,197,176,21
2016-04-30 16:36,196,175,21
2016-04-30 16:37,195,175,20
2016-04-30 16:38,194,174,20
2016-04-30 16:39,193,173,20
2016-04-30 16:40,192,172,20
2016-04-30 16:41,192,172,20
2016-04-30 16:42,191,171,20
2016-04-30 16:43,189,170,19
2016-04-30 16:44,189,169,20
2016-04-30 16:45,188,169,19
2016-04-30 16:46,187,168,19
2016-04-30 16:47,186,167,19
2016-04-30 16:48,185,167,18
2016-04-30 16:49,184,166,18
2016-04-30 16:50,183,165,18
2016-04-30 16:51,182,165,17
2016-04-30 16:52,180,164,16
2016-04-30 16:53,180,163,17
2016-04-30 16:54,180,163,17
2016-04-30 16:55,179,162,17
2016-04-30 16:56,178,162,16
2016-04-30 16:57,177,161,16
2016-04-30 16:58,176,160,16
2016-04-30 16:59,175,160,15
2016-04-30 17:00,175,159,16
2016-04-30 17:01,174,159,15
2016-04-30 17:02,173,158,15
2016-04-30 17:03,172,158,14
2016-04-30 17:04,171,157,14
2016-04-30 17:05,171,156,15
2016-04-30 17:06,170,156,14
2016-04-30 17:07,169,155,14
2016-04-30 17:08,168,155,13
2016-04-30 17:09,167,154,13
2016-04-30 17:10,167,154,13
2016-04-30 17:11,166,154,12
2016-04-30 17:12,165,153,12
2016-04-30 17:13,164,153,11
2016-04-30 17:14,163,152,11
2016-04-30 17:15,163,152,11
2016-04-30 17:16,162,151,11
2016-04-30 17:17,161,151,10
2016-04-30 17:18,161,150,11
2016-04-30 17:19,160,150,10
2016-04-30 17:20,159,150,9
2016-04-30 17:21,158,149,9
2016-04-30 17:22,158,149,9
2016-04-30 17:23,156,149,7
2016-04-30 17:24,156,148,8
2016-04-30 17:25,155,148,7
2016-04-30 17:26,154,148,6
2016-04-30 17:27,154,147,7
2016-04-30 17:28,153,147,6
2016-04-30 17:29,153,147,6
2016-04-30 17:30,152,146,6
2016-04-30 17:31,152,146,6
2016-04-30 17:32,151,146,5
2016-04-30 17:33,150,146,4
2016-04-30 17:34,150,145,5
2016-04-30 17:35,149,145,4
2016-04-30 17:36,149,145,4
2016-04-30 17:37,148,145,3
2016-04-30 17:38,148,144,4
2016-04-30 17:39,147,144,3
2016-04-30 17:40,147,144,3
2016-04-30 17:41,146,144,2
2016-04-30 17:42,146,144,2
2016-04-30 17:43,145,143,2
2016-04-30 17:44,145,143,2
2016-04-30 17:45,144,143,1
2016-04-30 17:46,144,143,1
2016-04-30 17:47,143,143,0
2016-04-30 17:48,143,143,0
2016-04-30 17:49,143,143,0
2016-04-30 17:50,142,143,-1
2016-04-30 17:51,142,143,-1
2016-04-30 17:52,142,142,0
2016-04-30 17:53,141,142,-1
2016-04-30 17:54,141,142,-1
2016-04-30 17:55,140,142,-2
2016-04-30 17:56,140,142,-2
2016-04-30 17:57,140,142,-2
2016-04-30 17:58,139,142,-3
2016-04-30 17:59,139,142,-3
2016-04-30 18:00,139,142,-3
2016-04-30 18:01,139,142,-3
2016-04-30 18:02,139,142,-3
2016-04-30 18:03,139,142,-3
2016-04-30 18:04,138,143,-5
2016-04-30 18:05,138,143,-5
2016-04-30 18:06,138,143,-5
2016-04-30 18:07,138,143,-5
2016-04-30 18:08,138,143,-5
2016-04-30 18:09,138,143,-5
2016-04-30 18:10,138,143,-5
2016-04-30 18:11,138,143,-5
2016-04-30 18:12,138,143,-5
2016-04-30 18:13,138,143,-5
2016-04-30 18:14,138,144,-6
2016-04-30 18:15,138,144,-6
2016-04-30 18:16,139,144,-5
2016-04-30 18:17,139,144,-5
2016-04-30 18:18,139,144,-5
2016-04-30 18:19,139,145,-6
2016-04-30 18:20,139,145,-6
2016-04-30 18:21,140,145,-5
2016-04-30 18:22,140,145,-5
2016-04-30 18:23,140,146,-6
2016-04-30 18:24,141,146,-5
2016-04-30 18:25,141,146,-5
2016-04-30 18:26,141,146,-5
2016-04-30 18:27,142,147,-5
2016-04-30 18:28,142,147,-5
2016-04-30 18:29,143,147,-4
2016-04-30 18:30,143,148,-5
2016-04-30 18:31,143,148,-5
2016-04-30 18:32,144,148,-4
2016-04-30 18:33,144,149,-5
2016-04-30 18:34,145,149,-4
2016-04-30 18:35,145,150,-5
2016-04-30 18:36,146,150,-4
2016-04-30 18:37,146,150,-4
2016-04-30 18:38,147,151,-4
2016-04-30 18:39,148,151,-3
2016-04-30 18:40,148,152,-4
2016-04-30 18:41,149,152,-3
2016-04-30 18:42,149,152,-3
2016-04-30 18:43,150,153,-3
2016-04-30 18:44,151,153,-2
2016-04-30 18:45,152,154,-2
2016-04-30 18:46,152,154,-2
2016-04-30 18:47,153,155,-2
2016-04-30 18:48,154,155,-1
2016-04-30 18:49,154,156,-2
2016-04-30 18:50,155,157,-2
2016-04-30 18:51,155,157,-2
2016-04-30 18:52,156,158,-2
2016-04-30 18:53,157,158,-1
2016-04-30 18:54,158,159,-1
2016-04-30 18:55,158,159,-1
2016-04-30 18:56,159,160,-1
2016-04-30 18:57,160,161,-1
2016-04-30 18:58,161,161,0
2016-04-30 18:59,162,162,0
2016-04-30 19:00,163,162,1
2016-04-30 19:01,164,163,1
2016-04-30 19:02,165,164,1
2016-04-30 19:03,165,164,1
2016-04-30 19:04,166,165,1
2016-04-30 19:05,167,166,1
2016-04-30 19:06,168,167,1
2016-04-30 19:07,168,167,1
2016-04-30 19:08,169,168,1
2016-04-30 19:09,170,169,1
2016-04-30 19:10,170,169,1
2016-04-30 19:11,171,170,1
2016-04-30 19:12,171,171,0
2016-04-30 19:13,172,172,0
2016-04-30 19:14,173,173,0
2016-04-30 19:15,173,173,0
2016-04-30 19:16,174,174,0
2016-04-30 19:17,175,175,0
2016-04-30 19:18,175,176,-1
2016-04-30 19:19,176,177,-1
2016-04-30 19:20,176,177,-1
2016-04-30 19:21,177,178,-1
2016-04-30 19:22,178,179,-1
2016-04-30 19:23,178,180,-2
2016-04-30 19:24,179,181,-2
2016-04-30 19:25,180,182,-2
2016-04-30 19:26,181,183,-2
2016-04-30 19:27,181,184,-3
2016-04-30 19:28,183,184,-1
2016-04-30 19:29,183,185,-2
2016-04-30 19:30,184,186,-2
2016-04-30 19:31,185,187,-2
2016-04-30 19:32,185,188,-3
2016-04-30 19:33,186,189,-3
2016-04-30 19:34,187,190,-3
2016-04-30 19:35,188,191,-3
2016-04-30 19:36,189,192,-3
2016-04-30 19:37,190,193,-3
2016-04-30 19:38,191,194,-3
2016-04-30 19:39,192,195,-3
2016-04-30 19:40,194,196,-2
2016-04-30 19:41,195,197,-2
2016-04-30 19:42,196,198,-2
2016-04-30 19:43,198,199,-1
2016-04-30 19:44,199,200,-1
2016-04-30 19:45,200,201,-1
2016-04-30 19:46,202,202,0
2016-04-30 19:47,203,204,-1
2016-04-30 19:48,205,205,0
2016-04-30 19:49,206,206,0
2016-04-30 19:50,207,207,0
2016-04-30 19:51,209,208,1
2016-04-30 19:52,210,209,1
2016-04-30 19:53,212,210,2
2016-04-30 19:54,213,211,2
2016-04-30 19:55,215,213,2
2016-04-30 19:56,216,214,2
2016-04-30 19:57,218,215,3
2016-04-30 19:58,220,216,4
2016-04-30 19:59,221,217,4
2016-04-30 20:00,223,218,5
2016-04-30 20:01,225,220,5
2016-04-30 20:02,226,221,5
2016-04-30 20:03,228,222,6
2016-04-30 20:04,230,223,7
2016-04-30 20:05,231,224,7
2016-04-30 20:06,233,226,7
2016-04-30 20:07,235,227,8
2016-04-30 20:08,237,228,9
2016-04-30 20:09,239,229,10
2016-04-30 20:10,240,231,9
2016-04-30 20:11,242,232,10
2016-04-30 20:12,243,233,10
2016-04-30 20:13,245,235,10
2016-04-30 20:14,247,236,11
2016-04-30 20:15,248,237,11
2016-04-30 20:16,250,238,12
2016-04-30 20:17,252,240,12
2016-04-30 20:18,254,241,13
2016-04-30 20:19,255,242,13
2016-04-30 20:20,257,244,13
2016-04-30 20:21,259,245,14
2016-04-30 20:22,260,246,14
2016-04-30 20:23,262,248,14
2016-04-30 20:24,263,249,14
2016-04-30 20:25,265,251,14
2016-04-30 20:26,267,252,15
2016-04-30 20:27,269,253,16
2016-04-30 20:28,270,255,15
2016-04-30 20:29,272,256,16
2016-04-30 20:30,274,257,17
2016-04-30 20:31,275,259,16
2016-04-30 20:32,277,260,17
2016-04-30 20:33,279,262,17
2016-04-30 20:34,280,263,17
2016-04-30 20:35,282,264,18
2016-04-30 20:36,284,266,18
2016-04-30 20:37,285,267,18
2016-04-30 20:38,287,269,18
2016-04-30 20:39,288,270,18
2016-04-30 20:40,290,272,18
2016-04-30 20:41,292,273,19
2016-04-30 20:42,294,275,19
2016-04-30 20:43,296,276,20
2016-04-30 20:44,298,277,21
2016-04-30 20:45,300,279,21
2016-04-30 20:46,301,280,21
2016-04-30 20:47,303,282,21
2016-04-30 20:48,305,283,22
2016-04-30 20:49,306,285,21
2016-04-30 20:50,308,286,22
2016-04-30 20:51,310,288,22
2016-04-30 20:52,312,289,23
2016-04-30 20:53,313,291,22
2016-04-30 20:54,315,292,23
2016-04-30 20:55,317,294,23
2016-04-30 20:56,319,295,24
2016-04-30 20:57,320,297,23
2016-04-30 20:58,322,298,24
2016-04-30 20:59,323,300,23
2016-04-30 21:00,325,301,24
2016-04-30 21:01,327,303,24
2016-04-30 21:02,329,304,25
2016-04-30 21:03,330,306,24
2016-04-30 21:04,331,307,24
2016-04-30 21:05,333,309,24
2016-04-30 21:06,334,310,24
2016-04-30 21:07,336,312,24
2016-04-30 21:08,338,313,25
2016-04-30 21:09,340,315,25
2016-04-30 21:10,341,316,25
2016-04-30 21:11,343,318,25
2016-04-30 21:12,344,319,25
2016-04-30 21:13,346,321,25
2016-04-30 21:14,347,322,25
2016-04-30 21:15,349,324,25
2016-04-30 21:16,350,325,25
2016-04-30 21:17,352,327,25
2016-04-30 21:18,353,328,25
2016-04-30 21:19,355,330,25
2016-04-30 21:20,356,332,24
2016-04-30 21:21,358,333,25
2016-04-30 21:22,360,335,25
2016-04-30 21:23,361,336,25
2016-04-30 21:24,362,338,24
2016-04-30 21:25,364,339,25
2016-04-30 21:26,366,341,25
2016-04-30 21:27,367,342,25
2016-04-30 21:28,369,344,25
2016-04-30 21:29,370,345,25
2016-04-30 21:30,372,347,25
2016-04-30 21:31,373,348,25
2016-04-30 21:32,375,350,25
2016-04-30 21:33,376,351,25
2016-04-30 21:34,377,353,24
2016-04-30 21:35,379,354,25
2016-04-30 21:36,381,356,25
2016-04-30 21:37,382,357,25
2016-04-30 21:38,384,358,26
2016-04-30 21:39,385,360,25
2016-04-30 21:40,387,361,26
2016-04-30 21:41,388,363,25
2016-04-30 21:42,390,364,26
2016-04-30 21:43,391,366,25
2016-04-30 21:44,393,367,26
2016-04-30 21:45,394,369,25
2016-04-30 21:46,395,370,25
2016-04-30 21:47,397,372,25
2016-04-30 21:48,398,373,25
2016-04-30 21:49,400,374,26
2016-04-30 21:50,401,376,25
2016-04-30 21:51,403,377,26
2016-04-30 21:52,404,379,25
2016-04-30 21:53,406,380,26
2016-04-30 21:54,407,381,26
2016-04-30 21:55,408,383,25
2016-04-30 21:56,410,384,26
2016-04-30 21:57,411,386,25
2016-04-30 21:58,413,387,26
2016-04-30 21:59,414,388,26
2016-04-30 22:00,415,390,25
2016-04-30 22:01,417,391,26
2016-04-30 22:02,418,392,26
2016-04-30 22:03,420,394,26
2016-04-30 22:04,421,395,26
2016-04-30 22:05,422,396,26
2016-04-30 22:06,424,398,26
2016-04-30 22:07,425,399,26
2016-04-30 22:08,426,400,26
2016-04-30 22:09,428,401,27
2016-04-30 22:10,429,403,26
2016-04-30 22:11,430,404,26
2016-04-30 22:12,431,405,26
2016-04-30 22:13,432,406,26
2016-04-30 22:14,433,408,25
2016-04-30 22:15,434,409,25
2016-04-30 22:16,436,410,26
2016-04-30 22:17,437,411,26
2016-04-30 22:18,438,413,25
2016-04-30 22:19,440,414,26
2016-04-30 22:20,441,415,26
2016-04-30 22:21,442,416,26
2016-04-30 22:22,443,417,26
2016-04-30 22:23,444,418,26
2016-04-30 22:24,445,419,26
2016-04-30 22:25,446,421,25
2016-04-30 22:26,447,422,25
2016-04-30 22:27,449,423,26
2016-04-30 22:28,450,424,26
2016-04-30 22:29,450,425,25
2016-04-30 22:30,451,426,25
2016-04-30 22:31,452,427,25
2016-04-30 22:32,453,428,25
2016-04-30 22:33,454,429,25
2016-04-30 22:34,455,430,25
2016-04-30 22:35,456,431,25
2016-04-30 22:36,457,432,25
2016-04-30 22:37,458,433,25
2016-04-30 22:38,458,434,24
2016-04-30 22:39,459,435,24
2016-04-30 22:40,460,436,24
2016-04-30 22:41,461,437,24
2016-04-30 22:42,462,438,24
2016-04-30 22:43,462,439,23
2016-04-30 22:44,463,439,24
2016-04-30 22:45,464,440,24
2016-04-30 22:46,464,441,23
2016-04-30 22:47,465,442,23
2016-04-30 22:48,466,443,23
2016-04-30 22:49,466,444,22
2016-04-30 22:50,467,444,23
2016-04-30 22:51,467,445,22
2016-04-30 22:52,468,446,22
2016-04-30 22:53,468,447,21
2016-04-30 22:54,469,448,21
2016-04-30 22:55,469,448,21
2016-04-30 22:56,470,449,21
2016-04-30 22:57,471,450,21
2016-04-30 22:58,471,450,21
2016-04-30 22:59,472,451,21
2016-04-30 23:00,472,452,20
2016-04-30 23:01,473,452,21
2016-04-30 23:02,473,453,20
2016-04-30 23:03,474,454,20
2016-04-30 23:04,474,454,20
2016-04-30 23:05,475,455,20
2016-04-30 23:06,475,455,20
2016-04-30 23:07,476,456,20
2016-04-30 23:08,476,456,20
2016-04-30 23:09,477,457,20
2016-04-30 23:10,477,457,20
2016-04-30 23:11,478,458,20
2016-04-30 23:12,478,458,20
2016-04-30 23:13,478,459,19
2016-04-30 23:14,479,459,20
2016-04-30 23:15,479,460,19
2016-04-30 23:16,479,460,19
2016-04-30 23:17,479,460,19
2016-04-30 23:18,480,461,19
2016-04-30 23:19,480,461,19
2016-04-30 23:20,481,461,20
2016-04-30 23:21,481,462,19
2016-04-30 23:22,481,462,19
2016-04-30 23:23,482,462,20
2016-04-30 23:24,482,463,19
2016-04-30 23:25,482,463,19
2016-04-30 23:26,482,463,19
2016-04-30 23:27,482,463,19
2016-04-30 23:28,482,464,18
2016-04-30 23:29,482,464,18
2016-04-30 23:30,483,464,19
2016-04-30 23:31,483,464,19
2016-04-30 23:32,483,464,19
2016-04-30 23:33,483,464,19
2016-04-30 23:34,483,465,18
2016-04-30 23:35,483,465,18
2016-04-30 23:36,483,465,18
2016-04-30 23:37,483,465,18
2016-04-30 23:38,483,465,18
2016-04-30 23:39,483,465,18
2016-04-30 23:40,483,465,18
2016-04-30 23:41,483,465,18
2016-04-30 23:42,483,465,18
2016-04-30 23:43,483,465,18
2016-04-30 23:44,483,465,18
2016-04-30 23:45,482,465,17
2016-04-30 23:46,482,465,17
2016-04-30 23:47,482,465,17
2016-04-30 23:48,481,464,17
2016-04-30 23:49,481,464,17
2016-04-30 23:50,480,464,16
2016-04-30 23:51,479,464,15
2016-04-30 23:52,479,464,15
2016-04-30 23:53,478,464,14
2016-04-30 23:54,477,463,14
2016-04-30 23:55,477,463,14
2016-04-30 23:56,476,463,13
2016-04-30 23:57,476,463,13
2016-04-30 23:58,475,462,13
2016-04-30 23:59,475,462,13
2016-05-01 0:00,474,462,12
2016-05-01 0:01,474,462,12
2016-05-01 0:02,472,461,11
2016-05-01 0:03,472,461,11
2016-05-01 0:04,471,460,11
2016-05-01 0:05,471,460,11
2016-05-01 0:06,469,460,9
2016-05-01 0:07,469,459,10
2016-05-01 0:08,469,459,10
2016-05-01 0:09,468,458,10
2016-05-01 0:10,467,458,9
2016-05-01 0:11,467,458,9
2016-05-01 0:12,466,457,9
2016-05-01 0:13,465,457,8
2016-05-01 0:14,464,456,8
2016-05-01 0:15,463,456,7
2016-05-01 0:16,462,455,7
2016-05-01 0:17,462,454,8
2016-05-01 0:18,461,454,7
2016-05-01 0:19,459,453,6
2016-05-01 0:20,459,453,6
2016-05-01 0:21,458,452,6
2016-05-01 0:22,457,451,6
2016-05-01 0:23,456,451,5
2016-05-01 0:24,455,450,5
2016-05-01 0:25,455,450,5
2016-05-01 0:26,454,449,5
2016-05-01 0:27,453,448,5
2016-05-01 0:28,453,447,6
2016-05-01 0:29,452,447,5
2016-05-01 0:30,451,446,5
2016-05-01 0:31,450,445,5
2016-05-01 0:32,449,444,5
2016-05-01 0:33,448,444,4
2016-05-01 0:34,447,443,4
2016-05-01 0:35,446,442,4
2016-05-01 0:36,446,441,5
2016-05-01 0:37,445,441,4
2016-05-01 0:38,443,440,3
2016-05-01 0:39,442,439,3
2016-05-01 0:40,441,438,3
2016-05-01 0:41,440,437,3
2016-05-01 0:42,439,436,3
2016-05-01 0:43,438,435,3
2016-05-01 0:44,437,435,2
2016-05-01 0:45,436,434,2
2016-05-01 0:46,435,433,2
2016-05-01 0:47,433,432,1
2016-05-01 0:48,432,431,1
2016-05-01 0:49,432,430,2
2016-05-01 0:50,431,429,2
2016-05-01 0:51,430,428,2
2016-05-01 0:52,429,427,2
2016-05-01 0:53,428,426,2
2016-05-01 0:54,427,425,2
2016-05-01 0:55,426,424,2
2016-05-01 0:56,425,423,2
2016-05-01 0:57,424,422,2
2016-05-01 0:58,422,421,1
2016-05-01 0:59,421,420,1
2016-05-01 1:00,420,419,1
2016-05-01 1:01,419,418,1
2016-05-01 1:02,418,417,1
2016-05-01 1:03,417,416,1
2016-05-01 1:04,416,414,2
2016-05-01 1:05,414,413,1
2016-05-01 1:06,413,412,1
2016-05-01 1:07,412,411,1
2016-05-01 1:08,411,410,1
2016-05-01 1:09,410,409,1
2016-05-01 1:10,409,408,1
2016-05-01 1:11,408,407,1
2016-05-01 1:12,406,405,1
2016-05-01 1:13,405,404,1
2016-05-01 1:14,404,403,1
2016-05-01 1:15,403,402,1
2016-05-01 1:16,402,401,1
2016-05-01 1:17,400,399,1
2016-05-01 1:18,399,398,1
2016-05-01 1:19,398,397,1
2016-05-01 1:20,397,396,1
2016-05-01 1:21,395,395,0
2016-05-01 1:22,394,393,1
2016-05-01 1:23,393,392,1
2016-05-01 1:24,392,391,1
2016-05-01 1:25,391,390,1
2016-05-01 1:26,390,388,2
2016-05-01 1:27,388,387,1
2016-05-01 1:28,387,386,1
2016-05-01 1:29,386,385,1
2016-05-01 1:30,384,383,1
2016-05-01 1:31,383,382,1
2016-05-01 1:32,382,381,1
2016-05-01 1:33,381,379,2
2016-05-01 1:34,379,378,1
2016-05-01 1:35,378,377,1
2016-05-01 1:36,377,375,2
2016-05-01 1:37,375,374,1
2016-05-01 1:38,374,373,1
2016-05-01 1:39,373,372,1
2016-05-01 1:40,372,370,2
2016-05-01 1:41,370,369,1
2016-05-01 1:42,369,368,1
2016-05-01 1:43,368,366,2
2016-05-01 1:44,366,365,1
2016-05-01 1:45,365,363,2
2016-05-01 1:46,363,362,1
2016-05-01 1:47,362,361,1
2016-05-01 1:48,361,359,2
2016-05-01 1:49,359,358,1
2016-05-01 1:50,358,357,1
2016-05-01 1:51,357,355,2
2016-05-01 1:52,355,354,1
2016-05-01 1:53,354,353,1
2016-05-01 1:54,353,351,2
2016-05-01 1:55,352,350,2
2016-05-01 1:56,350,348,2
2016-05-01 1:57,348,347,1
2016-05-01 1:58,347,346,1
2016-05-01 1:59,346,344,2
2016-05-01 2:00,344,343,1
2016-05-01 2:01,343,341,2
2016-05-01 2:02,342,340,2
2016-05-01 2:03,340,339,1
2016-05-01 2:04,339,337,2
2016-05-01 2:05,338,336,2
2016-05-01 2:06,336,334,2
2016-05-01 2:07,335,333,2
2016-05-01 2:08,334,332,2
2016-05-01 2:09,333,330,3
2016-05-01 2:10,331,329,2
2016-05-01 2:11,330,327,3
2016-05-01 2:12,328,326,2
2016-05-01 2:13,327,325,2
2016-05-01 2:14,326,323,3
2016-05-01 2:15,324,322,2
2016-05-01 2:16,323,320,3
2016-05-01 2:17,322,319,3
2016-05-01 2:18,321,317,4
2016-05-01 2:19,319,316,3
2016-05-01 2:20,318,315,3
2016-05-01 2:21,317,313,4
2016-05-01 2:22,316,312,4
2016-05-01 2:23,314,310,4
2016-05-01 2:24,313,309,4
2016-05-01 2:25,312,308,4
2016-05-01 2:26,311,306,5
2016-05-01 2:27,309,305,4
2016-05-01 2:28,308,303,5
2016-05-01 2:29,307,302,5
2016-05-01 2:30,305,300,5
2016-05-01 2:31,304,299,5
2016-05-01 2:32,303,298,5
2016-05-01 2:33,302,296,6
2016-05-01 2:34,300,295,5
2016-05-01 2:35,299,293,6
2016-05-01 2:36,298,292,6
2016-05-01 2:37,296,291,5
2016-05-01 2:38,295,289,6
2016-05-01 2:39,294,288,6
2016-05-01 2:40,292,286,6
2016-05-01 2:41,291,285,6
2016-05-01 2:42,290,284,6
2016-05-01 2:43,289,282,7
2016-05-01 2:44,287,281,6
2016-05-01 2:45,286,279,7
2016-05-01 2:46,285,278,7
2016-05-01 2:47,284,277,7
2016-05-01 2:48,283,275,8
2016-05-01 2:49,282,274,8
2016-05-01 2:50,281,272,9
2016-05-01 2:51,279,271,8
2016-05-01 2:52,279,270,9
2016-05-01 2:53,277,268,9
2016-05-01 2:54,276,267,9
2016-05-01 2:55,275,265,10
2016-05-01 2:56,274,264,10
2016-05-01 2:57,273,263,10
2016-05-01 2:58,271,261,10
2016-05-01 2:59,270,260,10
2016-05-01 3:00,269,259,10
2016-05-01 3:01,268,257,11
2016-05-01 3:02,267,256,11
2016-05-01 3:03,265,254,11
2016-05-01 3:04,264,253,11
2016-05-01 3:05,263,252,11
2016-05-01 3:06,262,250,12
2016-05-01 3:07,261,249,12
2016-05-01 3:08,260,248,12
2016-05-01 3:09,259,246,13
2016-05-01 3:10,257,245,12
2016-05-01 3:11,256,244,12
2016-05-01 3:12,255,242,13
2016-05-01 3:13,254,241,13
2016-05-01 3:14,252,240,12
2016-05-01 3:15,251,238,13
2016-05-01 3:16,250,237,13
2016-05-01 3:17,249,236,13
2016-05-01 3:18,248,234,14
2016-05-01 3:19,246,233,13
2016-05-01 3:20,245,232,13
2016-05-01 3:21,244,230,14
2016-05-01 3:22,243,229,14
2016-05-01 3:23,242,228,14
2016-05-01 3:24,241,227,14
2016-05-01 3:25,240,225,15
2016-05-01 3:26,239,224,15
2016-05-01 3:27,237,223,14
2016-05-01 3:28,236,221,15
2016-05-01 3:29,235,220,15
2016-05-01 3:30,233,219,14
2016-05-01 3:31,232,218,14
2016-05-01 3:32,231,216,15
2016-05-01 3:33,230,215,15
2016-05-01 3:34,229,214,15
2016-05-01 3:35,228,213,15
2016-05-01 3:36,227,211,16
2016-05-01 3:37,225,210,15
2016-05-01 3:38,224,209,15
2016-05-01 3:39,223,208,15
2016-05-01 3:40,222,206,16
2016-05-01 3:41,221,205,16
2016-05-01 3:42,220,204,16
2016-05-01 3:43,219,203,16
2016-05-01 3:44,217,202,15
2016-05-01 3:45,216,200,16
2016-05-01 3:46,215,199,16
2016-05-01 3:47,214,198,16
2016-05-01 3:48,213,197,16
2016-05-01 3:49,212,196,16
2016-05-01 3:50,211,194,17
2016-05-01 3:51,210,193,17
2016-05-01 3:52,209,192,17
2016-05-01 3:53,208,191,17
2016-05-01 3:54,207,190,17
2016-05-01 3:55,206,189,17
2016-05-01 3:56,205,188,17
2016-05-01 3:57,204,186,18
2016-05-01 3:58,203,185,18
2016-05-01 3:59,202,184,18
2016-05-01 4:00,201,183,18
2016-05-01 4:01,199,182,17
2016-05-01 4:02,198,181,17
2016-05-01 4:03,197,180,17
2016-05-01 4:04,196,179,17
2016-05-01 4:05,195,178,17
2016-05-01 4:06,194,176,18
2016-05-01 4:07,193,175,18
2016-05-01 4:08,192,174,18
2016-05-01 4:09,191,173,18
2016-05-01 4:10,190,172,18
2016-05-01 4:11,189,171,18
2016-05-01 4:12,188,170,18
2016-05-01 4:13,187,169,18
2016-05-01 4:14,186,168,18
2016-05-01 4:15,185,167,18
2016-05-01 4:16,184,166,18
2016-05-01 4:17,183,165,18
2016-05-01 4:18,182,164,18
2016-05-01 4:19,181,163,18
2016-05-01 4:20,180,162,18
2016-05-01 4:21,178,161,17
2016-05-01 4:22,177,160,17
2016-05-01 4:23,177,159,18
2016-05-01 4:24,175,158,17
2016-05-01 4:25,174,157,17
2016-05-01 4:26,173,156,17
2016-05-01 4:27,172,155,17
2016-05-01 4:28,171,154,17
2016-05-01 4:29,171,153,18
2016-05-01 4:30,170,152,18
2016-05-01 4:31,169,152,17
2016-05-01 4:32,168,151,17
2016-05-01 4:33,167,150,17
2016-05-01 4:34,166,149,17
2016-05-01 4:35,165,148,17
2016-05-01 4:36,164,147,17
2016-05-01 4:37,164,146,18
2016-05-01 4:38,163,145,18
2016-05-01 4:39,162,145,17
2016-05-01 4:40,161,144,17
2016-05-01 4:41,160,143,17
2016-05-01 4:42,159,142,17
2016-05-01 4:43,158,141,17
2016-05-01 4:44,158,140,18
2016-05-01 4:45,156,140,16
2016-05-01 4:46,155,139,16
2016-05-01 4:47,155,138,17
2016-05-01 4:48,154,137,17
2016-05-01 4:49,153,136,17
2016-05-01 4:50,152,136,16
2016-05-01 4:51,151,135,16
2016-05-01 4:52,150,134,16
2016-05-01 4:53,150,133,17
2016-05-01 4:54,149,133,16
2016-05-01 4:55,148,132,16
2016-05-01 4:56,147,131,16
2016-05-01 4:57,146,131,15
2016-05-01 4:58,145,130,15
2016-05-01 4:59,144,129,15
2016-05-01 5:00,143,128,15
2016-05-01 5:01,142,128,14
2016-05-01 5:02,141,127,14
2016-05-01 5:03,140,127,13
2016-05-01 5:04,139,126,13
2016-05-01 5:05,138,125,13
2016-05-01 5:06,138,125,13
2016-05-01 5:07,137,124,13
2016-05-01 5:08,136,123,13
2016-05-01 5:09,135,123,12
2016-05-01 5:10,135,122,13
2016-05-01 5:11,133,122,11
2016-05-01 5:12,133,121,12
2016-05-01 5:13,132,120,12
2016-05-01 5:14,131,120,11
2016-05-01 5:15,131,119,12
2016-05-01 5:16,130,119,11
2016-05-01 5:17,129,118,11
2016-05-01 5:18,128,118,10
2016-05-01 5:19,127,117,10
2016-05-01 5:20,127,117,10
2016-05-01 5:21,126,116,10
2016-05-01 5:22,125,116,9
2016-05-01 5:23,124,115,9
2016-05-01 5:24,123,115,8
2016-05-01 5:25,122,114,8
2016-05-01 5:26,122,114,8
2016-05-01 5:27,121,114,7
2016-05-01 5:28,120,113,7
2016-05-01 5:29,119,113,6
2016-05-01 5:30,119,112,7
2016-05-01 5:31,118,112,6
2016-05-01 5:32,117,112,5
2016-05-01 5:33,117,111,6
2016-05-01 5:34,116,111,5
2016-05-01 5:35,115,111,4
2016-05-01 5:36,114,110,4
2016-05-01 5:37,114,110,4
2016-05-01 5:38,113,110,3
2016-05-01 5:39,113,109,4
2016-05-01 5:40,112,109,3
2016-05-01 5:41,111,109,2
2016-05-01 5:42,111,108,3
2016-05-01 5:43,110,108,2
2016-05-01 5:44,109,108,1
2016-05-01 5:45,109,108,1
2016-05-01 5:46,108,107,1
2016-05-01 5:47,107,107,0
2016-05-01 5:48,107,107,0
2016-05-01 5:49,107,107,0
2016-05-01 5:50,106,107,-1
2016-05-01 5:51,105,106,-1
2016-05-01 5:52,105,106,-1
2016-05-01 5:53,104,106,-2
2016-05-01 5:54,104,106,-2
2016-05-01 5:55,104,106,-2
2016-05-01 5:56,103,106,-3
2016-05-01 5:57,103,105,-2
2016-05-01 5:58,102,105,-3
2016-05-01 5:59,102,105,-3
2016-05-01 6:00,102,105,-3
2016-05-01 6:01,101,105,-4
2016-05-01 6:02,101,105,-4
2016-05-01 6:03,101,105,-4
2016-05-01 6:04,100,105,-5
2016-05-01 6:05,100,105,-5
2016-05-01 6:06,99,105,-6
2016-05-01 6:07,99,105,-6
2016-05-01 6:08,99,105,-6
2016-05-01 6:09,99,105,-6
2016-05-01 6:10,98,105,-7
2016-05-01 6:11,98,105,-7
2016-05-01 6:12,98,105,-7
2016-05-01 6:13,98,105,-7
2016-05-01 6:14,98,105,-7
2016-05-01 6:15,98,105,-7
2016-05-01 6:16,98,105,-7
2016-05-01 6:17,98,105,-7
2016-05-01 6:18,98,105,-7
2016-05-01 6:19,98,106,-8
2016-05-01 6:20,98,106,-8
2016-05-01 6:21,98,106,-8
2016-05-01 6:22,98,106,-8
2016-05-01 6:23,98,106,-8
2016-05-01 6:24,98,106,-8
2016-05-01 6:25,99,106,-7
2016-05-01 6:26,99,107,-8
2016-05-01 6:27,99,107,-8
2016-05-01 6:28,99,107,-8
2016-05-01 6:29,100,107,-7
2016-05-01 6:30,100,108,-8
2016-05-01 6:31,100,108,-8
2016-05-01 6:32,101,108,-7
2016-05-01 6:33,102,108,-6
2016-05-01 6:34,102,109,-7
2016-05-01 6:35,103,109,-6
2016-05-01 6:36,104,109,-5
2016-05-01 6:37,105,110,-5
2016-05-01 6:38,106,110,-4
2016-05-01 6:39,106,110,-4
2016-05-01 6:40,107,111,-4
2016-05-01 6:41,109,111,-2
2016-05-01 6:42,110,111,-1
2016-05-01 6:43,110,112,-2
2016-05-01 6:44,112,112,0
2016-05-01 6:45,112,113,-1
2016-05-01 6:46,114,113,1
2016-05-01 6:47,115,113,2
2016-05-01 6:48,116,114,2
2016-05-01 6:49,117,114,3
2016-05-01 6:50,118,115,3
2016-05-01 6:51,119,115,4
2016-05-01 6:52,120,116,4
2016-05-01 6:53,121,116,5
2016-05-01 6:54,121,117,4
2016-05-01 6:55,122,117,5
2016-05-01 6:56,124,118,6
2016-05-01 6:57,124,118,6
2016-05-01 6:58,125,119,6
2016-05-01 6:59,127,119,8
2016-05-01 7:00,127,120,7
2016-05-01 7:01,129,121,8
2016-05-01 7:02,129,121,8
2016-05-01 7:03,130,122,8
2016-05-01 7:04,131,122,9
2016-05-01 7:05,131,123,8
2016-05-01 7:06,132,124,8
2016-05-01 7:07,133,124,9
2016-05-01 7:08,133,125,8
2016-05-01 7:09,134,126,8
2016-05-01 7:10,135,126,9
2016-05-01 7:11,135,127,8
2016-05-01 7:12,136,128,8
2016-05-01 7:13,136,128,8
2016-05-01 7:14,137,129,8
2016-05-01 7:15,137,130,7
2016-05-01 7:16,138,131,7
2016-05-01 7:17,138,131,7
2016-05-01 7:18,139,132,7
2016-05-01 7:19,140,133,7
2016-05-01 7:20,140,134,6
2016-05-01 7:21,141,135,6
2016-05-01 7:22,141,135,6
2016-05-01 7:23,142,136,6
2016-05-01 7:24,143,137,6
2016-05-01 7:25,144,138,6
2016-05-01 7:26,145,139,6
2016-05-01 7:27,146,140,6
2016-05-01 7:28,147,141,6
2016-05-01 7:29,148,141,7
2016-05-01 7:30,148,142,6
2016-05-01 7:31,149,143,6
2016-05-01 7:32,150,144,6
2016-05-01 7:33,151,145,6
2016-05-01 7:34,152,146,6
2016-05-01 7:35,152,147,5
2016-05-01 7:36,153,148,5
2016-05-01 7:37,154,149,5
2016-05-01 7:38,155,150,5
2016-05-01 7:39,157,151,6
2016-05-01 7:40,158,152,6
2016-05-01 7:41,159,153,6
2016-05-01 7:42,160,154,6
2016-05-01 7:43,162,155,7
2016-05-01 7:44,163,156,7
2016-05-01 7:45,165,157,8
2016-05-01 7:46,166,158,8
2016-05-01 7:47,167,159,8
2016-05-01 7:48,169,160,9
2016-05-01 7:49,170,162,8
2016-05-01 7:50,171,163,8
2016-05-01 7:51,172,164,8
2016-05-01 7:52,-,165,-
2016-05-01 7:53,-,166,-
2016-05-01 7:54,-,167,-
2016-05-01 7:55,174,168,6
2016-05-01 7:56,181,170,11
2016-05-01 7:57,182,171,11
2016-05-01 7:58,184,172,12
2016-05-01 7:59,186,173,13
2016-05-01 8:00,187,174,13
2016-05-01 8:01,189,176,13
2016-05-01 8:02,191,177,14
2016-05-01 8:03,193,178,15
2016-05-01 8:04,194,179,15
2016-05-01 8:05,196,181,15
2016-05-01 8:06,198,182,16
2016-05-01 8:07,200,183,17
2016-05-01 8:08,202,184,18
2016-05-01 8:09,204,186,18
2016-05-01 8:10,205,187,18
2016-05-01 8:11,207,188,19
2016-05-01 8:12,209,190,19
2016-05-01 8:13,211,191,20
2016-05-01 8:14,213,192,21
2016-05-01 8:15,215,194,21
2016-05-01 8:16,216,195,21
2016-05-01 8:17,218,196,22
2016-05-01 8:18,220,198,22
2016-05-01 8:19,222,199,23
2016-05-01 8:20,224,201,23
2016-05-01 8:21,225,202,23
2016-05-01 8:22,227,203,24
2016-05-01 8:23,229,205,24
2016-05-01 8:24,231,206,25
2016-05-01 8:25,232,208,24
2016-05-01 8:26,234,209,25
2016-05-01 8:27,236,211,25
2016-05-01 8:28,238,212,26
2016-05-01 8:29,240,214,26
2016-05-01 8:30,242,215,27
2016-05-01 8:31,243,217,26
2016-05-01 8:32,245,218,27
2016-05-01 8:33,247,220,27
2016-05-01 8:34,249,221,28
2016-05-01 8:35,250,223,27
2016-05-01 8:36,252,224,28
2016-05-01 8:37,254,226,28
2016-05-01 8:38,256,227,29
2016-05-01 8:39,258,229,29
2016-05-01 8:40,260,230,30
2016-05-01 8:41,261,232,29
2016-05-01 8:42,263,234,29
2016-05-01 8:43,265,235,30
2016-05-01 8:44,267,237,30
2016-05-01 8:45,269,238,31
2016-05-01 8:46,270,240,30
2016-05-01 8:47,272,242,30
2016-05-01 8:48,274,243,31
2016-05-01 8:49,276,245,31
2016-05-01 8:50,278,246,32
2016-05-01 8:51,280,248,32
2016-05-01 8:52,281,250,31
2016-05-01 8:53,283,251,32
2016-05-01 8:54,285,253,32
2016-05-01 8:55,287,255,32
2016-05-01 8:56,289,256,33
2016-05-01 8:57,291,258,33
2016-05-01 8:58,293,260,33
2016-05-01 8:59,295,261,34
2016-05-01 9:00,297,263,34
2016-05-01 9:01,299,265,34
2016-05-01 9:02,300,266,34
2016-05-01 9:03,302,268,34
2016-05-01 9:04,304,270,34
2016-05-01 9:05,306,272,34
2016-05-01 9:06,308,273,35
2016-05-01 9:07,310,275,35
2016-05-01 9:08,312,277,35
2016-05-01 9:09,314,279,35
2016-05-01 9:10,316,280,36
2016-05-01 9:11,317,282,35
2016-05-01 9:12,319,284,35
2016-05-01 9:13,321,285,36
2016-05-01 9:14,323,287,36
2016-05-01 9:15,324,289,35
2016-05-01 9:16,326,291,35
2016-05-01 9:17,328,293,35
2016-05-01 9:18,330,294,36
2016-05-01 9:19,332,296,36
2016-05-01 9:20,334,298,36
2016-05-01 9:21,336,300,36
2016-05-01 9:22,337,301,36
2016-05-01 9:23,339,303,36
2016-05-01 9:24,341,305,36
2016-05-01 9:25,343,307,36
2016-05-01 9:26,344,309,35
2016-05-01 9:27,346,310,36
2016-05-01 9:28,348,312,36
2016-05-01 9:29,349,314,35
2016-05-01 9:30,351,316,35
2016-05-01 9:31,353,318,35
2016-05-01 9:32,355,319,36
2016-05-01 9:33,357,321,36
2016-05-01 9:34,359,323,36
2016-05-01 9:35,360,325,35
2016-05-01 9:36,362,327,35
2016-05-01 9:37,364,328,36
2016-05-01 9:38,366,330,36
2016-05-01 9:39,367,332,35
2016-05-01 9:40,369,334,35
2016-05-01 9:41,371,336,35
2016-05-01 9:42,373,337,36
2016-05-01 9:43,375,339,36
2016-05-01 9:44,377,341,36
2016-05-01 9:45,378,343,35
2016-05-01 9:46,381,345,36
2016-05-01 9:47,382,347,35
2016-05-01 9:48,385,348,37
2016-05-01 9:49,387,350,37
2016-05-01 9:50,388,352,36
2016-05-01 9:51,390,354,36
2016-05-01 9:52,392,356,36
2016-05-01 9:53,394,357,37
2016-05-01 9:54,395,359,36
2016-05-01 9:55,397,361,36
2016-05-01 9:56,399,363,36
2016-05-01 9:57,401,365,36
2016-05-01 9:58,403,366,37
2016-05-01 9:59,404,368,36
2016-05-01 10:00,406,370,36
2016-05-01 10:01,408,372,36
2016-05-01 10:02,409,374,35
2016-05-01 10:03,411,375,36
2016-05-01 10:04,413,377,36
2016-05-01 10:05,414,379,35
2016-05-01 10:06,416,381,35
2016-05-01 10:07,417,382,35
2016-05-01 10:08,419,384,35
2016-05-01 10:09,421,386,35
2016-05-01 10:10,423,388,35
2016-05-01 10:11,424,389,35
2016-05-01 10:12,426,391,35
2016-05-01 10:13,427,393,34
2016-05-01 10:14,429,395,34
2016-05-01 10:15,430,396,34
2016-05-01 10:16,432,398,34
2016-05-01 10:17,434,400,34
2016-05-01 10:18,435,402,33
2016-05-01 10:19,437,403,34
2016-05-01 10:20,438,405,33
2016-05-01 10:21,440,407,33
2016-05-01 10:22,441,408,33
2016-05-01 10:23,443,410,33
2016-05-01 10:24,445,412,33
2016-05-01 10:25,446,413,33
2016-05-01 10:26,448,415,33
2016-05-01 10:27,449,417,32
2016-05-01 10:28,450,418,32
2016-05-01 10:29,452,420,32
2016-05-01 10:30,453,422,31
2016-05-01 10:31,455,423,32
2016-05-01 10:32,456,425,31
2016-05-01 10:33,457,427,30
2016-05-01 10:34,459,428,31
2016-05-01 10:35,460,430,30
2016-05-01 10:36,461,431,30
2016-05-01 10:37,463,433,30
2016-05-01 10:38,464,435,29
2016-05-01 10:39,465,436,29
2016-05-01 10:40,467,438,29
2016-05-01 10:41,468,439,29
2016-05-01 10:42,469,441,28
2016-05-01 10:43,471,442,29
2016-05-01 10:44,472,444,28
2016-05-01 10:45,473,445,28
2016-05-01 10:46,474,447,27
2016-05-01 10:47,475,448,27
2016-05-01 10:48,477,450,27
2016-05-01 10:49,478,451,27
2016-05-01 10:50,480,453,27
2016-05-01 10:51,481,454,27
2016-05-01 10:52,482,456,26
2016-05-01 10:53,483,457,26
2016-05-01 10:54,485,459,26
2016-05-01 10:55,486,460,26
2016-05-01 10:56,487,461,26
2016-05-01 10:57,488,463,25
2016-05-01 10:58,489,464,25
2016-05-01 10:59,490,466,24
2016-05-01 11:00,491,467,24
2016-05-01 11:01,493,468,25
2016-05-01 11:02,494,470,24
2016-05-01 11:03,495,471,24
2016-05-01 11:04,496,472,24
2016-05-01 11:05,497,473,24
2016-05-01 11:06,499,475,24
2016-05-01 11:07,500,476,24
2016-05-01 11:08,501,477,24
2016-05-01 11:09,502,479,23
2016-05-01 11:10,503,480,23
2016-05-01 11:11,504,481,23
2016-05-01 11:12,505,482,23
2016-05-01 11:13,506,483,23
2016-05-01 11:14,507,485,22
2016-05-01 11:15,508,486,22
2016-05-01 11:16,509,487,22
2016-05-01 11:17,510,488,22
2016-05-01 11:18,511,489,22
2016-05-01 11:19,512,490,22
2016-05-01 11:20,512,491,21
2016-05-01 11:21,513,493,20
2016-05-01 11:22,514,494,20
2016-05-01 11:23,515,495,20
2016-05-01 11:24,516,496,20
2016-05-01 11:25,516,497,19
2016-05-01 11:26,517,498,19
2016-05-01 11:27,518,499,19
2016-05-01 11:28,518,500,18
2016-05-01 11:29,519,501,18
2016-05-01 11:30,520,502,18
2016-05-01 11:31,520,503,17
2016-05-01 11:32,521,504,17
2016-05-01 11:33,521,504,17
2016-05-01 11:34,522,505,17
2016-05-01 11:35,523,506,17
2016-05-01 11:36,523,507,16
2016-05-01 11:37,524,508,16
2016-05-01 11:38,525,509,16
2016-05-01 11:39,525,510,15
2016-05-01 11:40,526,510,16
2016-05-01 11:41,526,511,15
2016-05-01 11:42,527,512,15
2016-05-01 11:43,528,513,15
2016-05-01 11:44,528,513,15
2016-05-01 11:45,529,514,15
2016-05-01 11:46,529,515,14
2016-05-01 11:47,529,516,13
2016-05-01 11:48,529,516,13
2016-05-01 11:49,530,517,13
2016-05-01 11:50,530,518,12
2016-05-01 11:51,531,518,13
2016-05-01 11:52,531,519,12
2016-05-01 11:53,532,519,13
2016-05-01 11:54,533,520,13
2016-05-01 11:55,533,521,12
2016-05-01 11:56,533,521,12
2016-05-01 11:57,534,522,12
2016-05-01 11:58,534,522,12
2016-05-01 11:59,535,523,12
2016-05-01 12:00,535,523,12
2016-05-01 12:01,536,524,12
2016-05-01 12:02,536,524,12
2016-05-01 12:03,537,524,13
2016-05-01 12:04,537,525,12
2016-05-01 12:05,537,525,12
2016-05-01 12:06,537,526,11
2016-05-01 12:07,538,526,12
2016-05-01 12:08,538,526,12
2016-05-01 12:09,538,527,11
2016-05-01 12:10,538,527,11
2016-05-01 12:11,538,527,11
2016-05-01 12:12,538,528,10
2016-05-01 12:13,538,528,10
2016-05-01 12:14,538,528,10
2016-05-01 12:15,538,528,10
2016-05-01 12:16,538,529,9
2016-05-01 12:17,538,529,9
2016-05-01 12:18,538,529,9
2016-05-01 12:19,538,529,9
2016-05-01 12:20,538,529,9
2016-05-01 12:21,538,529,9
2016-05-01 12:22,537,530,7
2016-05-01 12:23,537,530,7
2016-05-01 12:24,537,530,7
2016-05-01 12:25,537,530,7
2016-05-01 12:26,537,530,7
2016-05-01 12:27,536,530,6
2016-05-01 12:28,537,530,7
2016-05-01 12:29,537,530,7
2016-05-01 12:30,536,530,6
2016-05-01 12:31,536,530,6
2016-05-01 12:32,536,530,6
2016-05-01 12:33,536,530,6
2016-05-01 12:34,536,530,6
2016-05-01 12:35,536,530,6
2016-05-01 12:36,536,529,7
2016-05-01 12:37,536,529,7
2016-05-01 12:38,536,529,7
2016-05-01 12:39,536,529,7
2016-05-01 12:40,536,529,7
2016-05-01 12:41,536,529,7
2016-05-01 12:42,535,528,7
2016-05-01 12:43,535,528,7
2016-05-01 12:44,535,528,7
2016-05-01 12:45,534,528,6
2016-05-01 12:46,533,527,6
2016-05-01 12:47,533,527,6
2016-05-01 12:48,532,527,5
2016-05-01 12:49,531,526,5
2016-05-01 12:50,530,526,4
2016-05-01 12:51,530,526,4
2016-05-01 12:52,529,525,4
2016-05-01 12:53,528,525,3
2016-05-01 12:54,527,525,2
2016-05-01 12:55,526,524,2
2016-05-01 12:56,525,524,1
2016-05-01 12:57,524,523,1
2016-05-01 12:58,523,523,0
2016-05-01 12:59,521,522,-1
2016-05-01 13:00,520,522,-2
2016-05-01 13:01,520,521,-1
2016-05-01 13:02,518,521,-3
2016-05-01 13:03,517,520,-3
2016-05-01 13:04,516,520,-4
2016-05-01 13:05,515,519,-4
2016-05-01 13:06,514,519,-5
2016-05-01 13:07,513,518,-5
2016-05-01 13:08,512,518,-6
2016-05-01 13:09,512,517,-5
2016-05-01 13:10,511,516,-5
2016-05-01 13:11,509,516,-7
2016-05-01 13:12,509,515,-6
2016-05-01 13:13,508,514,-6
2016-05-01 13:14,507,514,-7
2016-05-01 13:15,505,513,-8
2016-05-01 13:16,505,512,-7
2016-05-01 13:17,504,511,-7
2016-05-01 13:18,503,511,-8
2016-05-01 13:19,502,510,-8
2016-05-01 13:20,502,509,-7
2016-05-01 13:21,501,508,-7
2016-05-01 13:22,500,508,-8
2016-05-01 13:23,498,507,-9
2016-05-01 13:24,498,506,-8
2016-05-01 13:25,497,505,-8
2016-05-01 13:26,496,504,-8
2016-05-01 13:27,494,503,-9
2016-05-01 13:28,493,503,-10
2016-05-01 13:29,492,502,-10
2016-05-01 13:30,492,501,-9
2016-05-01 13:31,491,500,-9
2016-05-01 13:32,490,499,-9
2016-05-01 13:33,488,498,-10
2016-05-01 13:34,487,497,-10
2016-05-01 13:35,487,496,-9
2016-05-01 13:36,485,495,-10
2016-05-01 13:37,485,494,-9
2016-05-01 13:38,483,493,-10
2016-05-01 13:39,483,492,-9
2016-05-01 13:40,482,491,-9
2016-05-01 13:41,480,490,-10
2016-05-01 13:42,479,489,-10
2016-05-01 13:43,478,488,-10
2016-05-01 13:44,477,487,-10
2016-05-01 13:45,476,486,-10
2016-05-01 13:46,475,485,-10
2016-05-01 13:47,472,484,-12
2016-05-01 13:48,473,483,-10
2016-05-01 13:49,471,482,-11
2016-05-01 13:50,470,481,-11
2016-05-01 13:51,469,479,-10
2016-05-01 13:52,469,478,-9
2016-05-01 13:53,467,477,-10
2016-05-01 13:54,467,476,-9
2016-05-01 13:55,466,475,-9
2016-05-01 13:56,465,474,-9
2016-05-01 13:57,464,473,-9
2016-05-01 13:58,463,471,-8
2016-05-01 13:59,462,470,-8
2016-05-01 14:00,461,469,-8
2016-05-01 14:01,459,468,-9
2016-05-01 14:02,459,467,-8
2016-05-01 14:03,457,465,-8
2016-05-01 14:04,456,464,-8
2016-05-01 14:05,455,463,-8
2016-05-01 14:06,454,462,-8
2016-05-01 14:07,453,460,-7
2016-05-01 14:08,452,459,-7
2016-05-01 14:09,450,458,-8
2016-05-01 14:10,449,457,-8
2016-05-01 14:11,447,455,-8
2016-05-01 14:12,447,454,-7
2016-05-01 14:13,446,453,-7
2016-05-01 14:14,445,451,-6
2016-05-01 14:15,443,450,-7
2016-05-01 14:16,443,449,-6
2016-05-01 14:17,441,447,-6
2016-05-01 14:18,440,446,-6
2016-05-01 14:19,439,445,-6
2016-05-01 14:20,438,443,-5
2016-05-01 14:21,437,442,-5
2016-05-01 14:22,435,441,-6
2016-05-01 14:23,434,439,-5
2016-05-01 14:24,433,438,-5
2016-05-01 14:25,432,437,-5
2016-05-01 14:26,431,435,-4
2016-05-01 14:27,430,434,-4
2016-05-01 14:28,427,432,-5
2016-05-01 14:29,427,431,-4
2016-05-01 14:30,424,430,-6
2016-05-01 14:31,425,428,-3
2016-05-01 14:32,423,427,-4
2016-05-01 14:33,422,425,-3
2016-05-01 14:34,421,424,-3
2016-05-01 14:35,420,423,-3
2016-05-01 14:36,419,421,-2
2016-05-01 14:37,418,420,-2
2016-05-01 14:38,417,418,-1
2016-05-01 14:39,415,417,-2
2016-05-01 14:40,414,415,-1
2016-05-01 14:41,413,414,-1
2016-05-01 14:42,412,412,0
2016-05-01 14:43,411,411,0
2016-05-01 14:44,409,410,-1
2016-05-01 14:45,408,408,0
2016-05-01 14:46,407,407,0
2016-05-01 14:47,405,405,0
2016-05-01 14:48,404,404,0
2016-05-01 14:49,403,402,1
2016-05-01 14:50,401,401,0
2016-05-01 14:51,400,399,1
2016-05-01 14:52,398,398,0
2016-05-01 14:53,397,396,1
2016-05-01 14:54,397,395,2
2016-05-01 14:55,395,393,2
2016-05-01 14:56,394,392,2
2016-05-01 14:57,393,390,3
2016-05-01 14:58,392,389,3
2016-05-01 14:59,390,387,3
2016-05-01 15:00,388,386,2
2016-05-01 15:01,388,384,4
2016-05-01 15:02,387,383,4
2016-05-01 15:03,385,381,4
2016-05-01 15:04,383,380,3
2016-05-01 15:05,382,378,4
2016-05-01 15:06,381,377,4
2016-05-01 15:07,380,375,5
2016-05-01 15:08,379,374,5
2016-05-01 15:09,377,372,5
2016-05-01 15:10,377,371,6
2016-05-01 15:11,375,369,6
2016-05-01 15:12,374,368,6
2016-05-01 15:13,373,366,7
2016-05-01 15:14,371,365,6
2016-05-01 15:15,370,363,7
2016-05-01 15:16,369,362,7
2016-05-01 15:17,367,360,7
2016-05-01 15:18,366,359,7
2016-05-01 15:19,365,357,8
2016-05-01 15:20,364,356,8
2016-05-01 15:21,362,354,8
2016-05-01 15:22,360,353,7
2016-05-01 15:23,359,351,8
2016-05-01 15:24,359,350,9
2016-05-01 15:25,357,348,9
2016-05-01 15:26,356,347,9
2016-05-01 15:27,355,346,9
2016-05-01 15:28,354,344,10
2016-05-01 15:29,353,343,10
2016-05-01 15:30,351,341,10
2016-05-01 15:31,350,340,10
2016-05-01 15:32,349,338,11
2016-05-01 15:33,348,337,11
2016-05-01 15:34,346,335,11
2016-05-01 15:35,345,334,11
2016-05-01 15:36,344,332,12
2016-05-01 15:37,342,331,11
2016-05-01 15:38,340,329,11
2016-05-01 15:39,341,328,13
2016-05-01 15:40,339,326,13
2016-05-01 15:41,338,325,13
2016-05-01 15:42,337,323,14
2016-05-01 15:43,335,322,13
2016-05-01 15:44,334,320,14
2016-05-01 15:45,333,319,14
2016-05-01 15:46,332,318,14
2016-05-01 15:47,331,316,15
2016-05-01 15:48,329,315,14
2016-05-01 15:49,328,313,15
2016-05-01 15:50,326,312,14
2016-05-01 15:51,326,310,16
2016-05-01 15:52,324,309,15
2016-05-01 15:53,323,307,16
2016-05-01 15:54,322,306,16
2016-05-01 15:55,321,305,16
2016-05-01 15:56,319,303,16
2016-05-01 15:57,318,302,16
2016-05-01 15:58,317,300,17
2016-05-01 15:59,315,299,16
2016-05-01 16:00,315,298,17
2016-05-01 16:01,313,296,17
2016-05-01 16:02,312,295,17
2016-05-01 16:03,311,293,18
2016-05-01 16:04,309,292,17
2016-05-01 16:05,309,291,18
2016-05-01 16:06,306,289,17
2016-05-01 16:07,306,288,18
2016-05-01 16:08,304,286,18
2016-05-01 16:09,304,285,19
2016-05-01 16:10,302,284,18
2016-05-01 16:11,301,282,19
2016-05-01 16:12,300,281,19
2016-05-01 16:13,299,280,19
2016-05-01 16:14,298,278,20
2016-05-01 16:15,297,277,20
2016-05-01 16:16,295,276,19
2016-05-01 16:17,294,274,20
2016-05-01 16:18,293,273,20
2016-05-01 16:19,292,272,20
2016-05-01 16:20,291,270,21
2016-05-01 16:21,289,269,20
2016-05-01 16:22,288,268,20
2016-05-01 16:23,287,267,20
2016-05-01 16:24,285,265,20
2016-05-01 16:25,285,264,21
2016-05-01 16:26,283,263,20
2016-05-01 16:27,282,261,21
2016-05-01 16:28,282,260,22
2016-05-01 16:29,281,259,22
2016-05-01 16:30,279,258,21
2016-05-01 16:31,278,256,22
2016-05-01 16:32,277,255,22
2016-05-01 16:33,276,254,22
2016-05-01 16:34,274,253,21
2016-05-01 16:35,273,251,22
2016-05-01 16:36,272,250,22
2016-05-01 16:37,271,249,22
2016-05-01 16:38,269,248,21
2016-05-01 16:39,269,247,22
2016-05-01 16:40,268,245,23
2016-05-01 16:41,266,244,22
2016-05-01 16:42,265,243,22
2016-05-01 16:43,264,242,22
2016-05-01 16:44,263,241,22
2016-05-01 16:45,262,239,23
2016-05-01 16:46,261,238,23
2016-05-01 16:47,259,237,22
2016-05-01 16:48,259,236,23
2016-05-01 16:49,257,235,22
2016-05-01 16:50,256,234,22
2016-05-01 16:51,256,233,23
2016-05-01 16:52,254,231,23
2016-05-01 16:53,253,230,23
2016-05-01 16:54,252,229,23
2016-05-01 16:55,251,228,23
2016-05-01 16:56,250,227,23
2016-05-01 16:57,249,226,23
2016-05-01 16:58,248,225,23
2016-05-01 16:59,247,224,23
2016-05-01 17:00,246,223,23
2016-05-01 17:01,244,222,22
2016-05-01 17:02,244,221,23
2016-05-01 17:03,242,220,22
2016-05-01 17:04,241,218,23
2016-05-01 17:05,240,217,23
2016-05-01 17:06,240,216,24
2016-05-01 17:07,238,215,23
2016-05-01 17:08,237,214,23
2016-05-01 17:09,236,213,23
2016-05-01 17:10,235,212,23
2016-05-01 17:11,234,211,23
2016-05-01 17:12,233,210,23
2016-05-01 17:13,233,209,24
2016-05-01 17:14,231,208,23
2016-05-01 17:15,230,207,23
2016-05-01 17:16,229,206,23
2016-05-01 17:17,228,206,22
2016-05-01 17:18,227,205,22
2016-05-01 17:19,226,204,22
2016-05-01 17:20,225,203,22
2016-05-01 17:21,224,202,22
2016-05-01 17:22,223,201,22
2016-05-01 17:23,222,200,22
2016-05-01 17:24,221,199,22
2016-05-01 17:25,221,198,23
2016-05-01 17:26,219,197,22
2016-05-01 17:27,218,196,22
2016-05-01 17:28,217,196,21
2016-05-01 17:29,216,195,21
2016-05-01 17:30,215,194,21
2016-05-01 17:31,214,193,21
2016-05-01 17:32,213,192,21
2016-05-01 17:33,212,191,21
2016-05-01 17:34,211,190,21
2016-05-01 17:35,210,190,20
2016-05-01 17:36,209,189,20
2016-05-01 17:37,208,188,20
2016-05-01 17:38,207,187,20
2016-05-01 17:39,207,186,21
2016-05-01 17:40,205,186,19
2016-05-01 17:41,204,185,19
2016-05-01 17:42,204,184,20
2016-05-01 17:43,203,183,20
2016-05-01 17:44,202,183,19
2016-05-01 17:45,200,182,18
2016-05-01 17:46,200,181,19
2016-05-01 17:47,199,180,19
2016-05-01 17:48,198,180,18
2016-05-01 17:49,197,179,18
2016-05-01 17:50,196,178,18
2016-05-01 17:51,195,178,17
2016-05-01 17:52,194,177,17
2016-05-01 17:53,193,176,17
2016-05-01 17:54,192,176,16
2016-05-01 17:55,191,175,16
2016-05-01 17:56,191,174,17
2016-05-01 17:57,190,174,16
2016-05-01 17:58,189,173,16
2016-05-01 17:59,188,172,16
2016-05-01 18:00,187,172,15
2016-05-01 18:01,186,171,15
2016-05-01 18:02,185,170,15
2016-05-01 18:03,184,170,14
2016-05-01 18:04,183,169,14
2016-05-01 18:05,182,169,13
2016-05-01 18:06,182,168,14
2016-05-01 18:07,181,168,13
2016-05-01 18:08,180,167,13
2016-05-01 18:09,179,166,13
2016-05-01 18:10,178,166,12
2016-05-01 18:11,177,165,12
2016-05-01 18:12,176,165,11
2016-05-01 18:13,175,164,11
2016-05-01 18:14,175,164,11
2016-05-01 18:15,174,163,11
2016-05-01 18:16,173,163,10
2016-05-01 18:17,172,162,10
2016-05-01 18:18,171,162,9
2016-05-01 18:19,171,161,10
2016-05-01 18:20,170,161,9
2016-05-01 18:21,169,160,9
2016-05-01 18:22,168,160,8
2016-05-01 18:23,167,159,8
2016-05-01 18:24,167,159,8
2016-05-01 18:25,166,159,7
2016-05-01 18:26,165,158,7
2016-05-01 18:27,164,158,6
2016-05-01 18:28,164,157,7
2016-05-01 18:29,163,157,6
2016-05-01 18:30,162,157,5
2016-05-01 18:31,161,156,5
2016-05-01 18:32,160,156,4
2016-05-01 18:33,159,156,3
2016-05-01 18:34,159,155,4
2016-05-01 18:35,158,155,3
2016-05-01 18:36,158,154,4
2016-05-01 18:37,157,154,3
2016-05-01 18:38,156,154,2
2016-05-01 18:39,155,154,1
2016-05-01 18:40,155,153,2
2016-05-01 18:41,154,153,1
2016-05-01 18:42,153,153,0
2016-05-01 18:43,153,152,1
2016-05-01 18:44,152,152,0
2016-05-01 18:45,152,152,0
2016-05-01 18:46,151,152,-1
2016-05-01 18:47,151,151,0
2016-05-01 18:48,150,151,-1
2016-05-01 18:49,150,151,-1
2016-05-01 18:50,149,151,-2
2016-05-01 18:51,149,150,-1
2016-05-01 18:52,148,150,-2
2016-05-01 18:53,148,150,-2
2016-05-01 18:54,147,150,-3
2016-05-01 18:55,147,150,-3
2016-05-01 18:56,146,150,-4
2016-05-01 18:57,145,149,-4
2016-05-01 18:58,145,149,-4
2016-05-01 18:59,145,149,-4
2016-05-01 19:00,144,149,-5
2016-05-01 19:01,143,149,-6
2016-05-01 19:02,143,149,-6
2016-05-01 19:03,143,149,-6
2016-05-01 19:04,142,149,-7
2016-05-01 19:05,142,148,-6
2016-05-01 19:06,141,148,-7
2016-05-01 19:07,141,148,-7
2016-05-01 19:08,141,148,-7
2016-05-01 19:09,141,148,-7
2016-05-01 19:10,140,148,-8
2016-05-01 19:11,140,148,-8
2016-05-01 19:12,139,148,-9
2016-05-01 19:13,139,148,-9
2016-05-01 19:14,139,148,-9
2016-05-01 19:15,139,148,-9
2016-05-01 19:16,138,148,-10
2016-05-01 19:17,138,148,-10
2016-05-01 19:18,138,148,-10
2016-05-01 19:19,138,148,-10
2016-05-01 19:20,137,148,-11
2016-05-01 19:21,137,148,-11
2016-05-01 19:22,136,148,-12
2016-05-01 19:23,136,148,-12
2016-05-01 19:24,136,149,-13
2016-05-01 19:25,136,149,-13
2016-05-01 19:26,136,149,-13
2016-05-01 19:27,135,149,-14
2016-05-01 19:28,135,149,-14
2016-05-01 19:29,135,149,-14
2016-05-01 19:30,135,149,-14
2016-05-01 19:31,135,149,-14
2016-05-01 19:32,134,150,-16
2016-05-01 19:33,134,150,-16
2016-05-01 19:34,134,150,-16
2016-05-01 19:35,134,150,-16
2016-05-01 19:36,134,150,-16
2016-05-01 19:37,133,150,-17
2016-05-01 19:38,133,151,-18
2016-05-01 19:39,133,151,-18
2016-05-01 19:40,133,151,-18
2016-05-01 19:41,133,151,-18
2016-05-01 19:42,133,152,-19
2016-05-01 19:43,133,152,-19
2016-05-01 19:44,133,152,-19
2016-05-01 19:45,133,152,-19
2016-05-01 19:46,133,153,-20
2016-05-01 19:47,133,153,-20
2016-05-01 19:48,133,153,-20
2016-05-01 19:49,134,154,-20
2016-05-01 19:50,134,154,-20
2016-05-01 19:51,134,154,-20
2016-05-01 19:52,134,155,-21
2016-05-01 19:53,135,155,-20
2016-05-01 19:54,135,155,-20
2016-05-01 19:55,135,156,-21
2016-05-01 19:56,136,156,-20
2016-05-01 19:57,136,156,-20
2016-05-01 19:58,137,157,-20
2016-05-01 19:59,137,157,-20
2016-05-01 20:00,138,158,-20
2016-05-01 20:01,138,158,-20
2016-05-01 20:02,139,159,-20
2016-05-01 20:03,139,159,-20
2016-05-01 20:04,140,159,-19
2016-05-01 20:05,140,160,-20
2016-05-01 20:06,141,160,-19
2016-05-01 20:07,142,161,-19
2016-05-01 20:08,142,161,-19
2016-05-01 20:09,143,162,-19
2016-05-01 20:10,144,162,-18
2016-05-01 20:11,144,163,-19
2016-05-01 20:12,145,163,-18
2016-05-01 20:13,146,164,-18
2016-05-01 20:14,147,165,-18
2016-05-01 20:15,147,165,-18
2016-05-01 20:16,148,166,-18
2016-05-01 20:17,149,166,-17
2016-05-01 20:18,149,167,-18
2016-05-01 20:19,150,167,-17
2016-05-01 20:20,151,168,-17
2016-05-01 20:21,151,169,-18
2016-05-01 20:22,152,169,-17
2016-05-01 20:23,153,170,-17
2016-05-01 20:24,154,171,-17
2016-05-01 20:25,155,171,-16
2016-05-01 20:26,155,172,-17
2016-05-01 20:27,156,173,-17
2016-05-01 20:28,157,173,-16
2016-05-01 20:29,158,174,-16
2016-05-01 20:30,158,175,-17
2016-05-01 20:31,159,175,-16
2016-05-01 20:32,160,176,-16
2016-05-01 20:33,161,177,-16
2016-05-01 20:34,161,178,-17
2016-05-01 20:35,162,178,-16
2016-05-01 20:36,163,179,-16
2016-05-01 20:37,163,180,-17
2016-05-01 20:38,164,181,-17
2016-05-01 20:39,164,181,-17
2016-05-01 20:40,165,182,-17
2016-05-01 20:41,166,183,-17
2016-05-01 20:42,166,184,-18
2016-05-01 20:43,167,185,-18
2016-05-01 20:44,167,185,-18
2016-05-01 20:45,168,186,-18
2016-05-01 20:46,168,187,-19
2016-05-01 20:47,169,188,-19
2016-05-01 20:48,169,189,-20
2016-05-01 20:49,170,190,-20
2016-05-01 20:50,171,191,-20
2016-05-01 20:51,172,191,-19
2016-05-01 20:52,172,192,-20
2016-05-01 20:53,173,193,-20
2016-05-01 20:54,174,194,-20
2016-05-01 20:55,175,195,-20
2016-05-01 20:56,175,196,-21
2016-05-01 20:57,176,197,-21
2016-05-01 20:58,177,198,-21
2016-05-01 20:59,178,199,-21
2016-05-01 21:00,179,200,-21
2016-05-01 21:01,180,201,-21
2016-05-01 21:02,181,202,-21
2016-05-01 21:03,182,203,-21
2016-05-01 21:04,183,204,-21
2016-05-01 21:05,184,205,-21
2016-05-01 21:06,185,206,-21
2016-05-01 21:07,186,207,-21
2016-05-01 21:08,188,208,-20
2016-05-01 21:09,189,209,-20
2016-05-01 21:10,190,210,-20
2016-05-01 21:11,191,211,-20
2016-05-01 21:12,193,212,-19
2016-05-01 21:13,194,213,-19
2016-05-01 21:14,196,214,-18
2016-05-01 21:15,197,216,-19
2016-05-01 21:16,199,217,-18
2016-05-01 21:17,200,218,-18
2016-05-01 21:18,202,219,-17
2016-05-01 21:19,203,220,-17
2016-05-01 21:20,204,221,-17
2016-05-01 21:21,206,222,-16
2016-05-01 21:22,207,223,-16
2016-05-01 21:23,209,225,-16
2016-05-01 21:24,210,226,-16
2016-05-01 21:25,212,227,-15
2016-05-01 21:26,213,228,-15
2016-05-01 21:27,215,229,-14
2016-05-01 21:28,216,230,-14
2016-05-01 21:29,218,232,-14
2016-05-01 21:30,220,233,-13
2016-05-01 21:31,221,234,-13
2016-05-01 21:32,223,235,-12
2016-05-01 21:33,224,237,-13
2016-05-01 21:34,226,238,-12
2016-05-01 21:35,227,239,-12
2016-05-01 21:36,229,240,-11
2016-05-01 21:37,230,241,-11
2016-05-01 21:38,232,243,-11
2016-05-01 21:39,233,244,-11
2016-05-01 21:40,235,245,-10
2016-05-01 21:41,236,247,-11
2016-05-01 21:42,238,248,-10
2016-05-01 21:43,240,249,-9
2016-05-01 21:44,241,250,-9
2016-05-01 21:45,242,252,-10
2016-05-01 21:46,244,253,-9
2016-05-01 21:47,245,254,-9
2016-05-01 21:48,247,256,-9
2016-05-01 21:49,249,257,-8
2016-05-01 21:50,250,258,-8
2016-05-01 21:51,252,260,-8
2016-05-01 21:52,253,261,-8
2016-05-01 21:53,255,262,-7
2016-05-01 21:54,257,264,-7
2016-05-01 21:55,258,265,-7
2016-05-01 21:56,260,266,-6
2016-05-01 21:57,262,268,-6
2016-05-01 21:58,263,269,-6
2016-05-01 21:59,265,270,-5
2016-05-01 22:00,266,272,-6
2016-05-01 22:01,268,273,-5
2016-05-01 22:02,269,275,-6
2016-05-01 22:03,271,276,-5
2016-05-01 22:04,273,277,-4
2016-05-01 22:05,274,279,-5
2016-05-01 22:06,276,280,-4
2016-05-01 22:07,278,282,-4
2016-05-01 22:08,279,283,-4
2016-05-01 22:09,281,284,-3
2016-05-01 22:10,283,286,-3
2016-05-01 22:11,284,287,-3
2016-05-01 22:12,286,289,-3
2016-05-01 22:13,287,290,-3
2016-05-01 22:14,289,292,-3
2016-05-01 22:15,291,293,-2
2016-05-01 22:16,292,294,-2
2016-05-01 22:17,294,296,-2
2016-05-01 22:18,296,297,-1
2016-05-01 22:19,298,299,-1
2016-05-01 22:20,299,300,-1
2016-05-01 22:21,301,302,-1
2016-05-01 22:22,302,303,-1
2016-05-01 22:23,304,304,0
2016-05-01 22:24,306,306,0
2016-05-01 22:25,308,307,1
2016-05-01 22:26,309,309,0
2016-05-01 22:27,311,310,1
2016-05-01 22:28,313,312,1
2016-05-01 22:29,315,313,2
2016-05-01 22:30,316,315,1
2016-05-01 22:31,318,316,2
2016-05-01 22:32,319,317,2
2016-05-01 22:33,321,319,2
2016-05-01 22:34,323,320,3
2016-05-01 22:35,324,322,2
2016-05-01 22:36,326,323,3
2016-05-01 22:37,328,325,3
2016-05-01 22:38,329,326,3
2016-05-01 22:39,331,328,3
2016-05-01 22:40,333,329,4
2016-05-01 22:41,334,331,3
2016-05-01 22:42,336,332,4
2016-05-01 22:43,337,333,4
2016-05-01 22:44,339,335,4
2016-05-01 22:45,340,336,4
2016-05-01 22:46,342,338,4
2016-05-01 22:47,344,339,5
2016-05-01 22:48,345,341,4
2016-05-01 22:49,347,342,5
2016-05-01 22:50,349,344,5
2016-05-01 22:51,350,345,5
2016-05-01 22:52,352,346,6
2016-05-01 22:53,354,348,6
2016-05-01 22:54,355,349,6
2016-05-01 22:55,356,351,5
2016-05-01 22:56,358,352,6
2016-05-01 22:57,359,354,5
2016-05-01 22:58,361,355,6
2016-05-01 22:59,363,356,7
2016-05-01 23:00,364,358,6
2016-05-01 23:01,366,359,7
2016-05-01 23:02,368,361,7
2016-05-01 23:03,369,362,7
2016-05-01 23:04,371,364,7
2016-05-01 23:05,372,365,7
2016-05-01 23:06,374,366,8
2016-05-01 23:07,375,368,7
2016-05-01 23:08,377,369,8
2016-05-01 23:09,378,371,7
2016-05-01 23:10,380,372,8
2016-05-01 23:11,381,373,8
2016-05-01 23:12,383,375,8
2016-05-01 23:13,384,376,8
2016-05-01 23:14,386,377,9
2016-05-01 23:15,387,379,8
2016-05-01 23:16,389,380,9
2016-05-01 23:17,390,381,9
2016-05-01 23:18,392,383,9
2016-05-01 23:19,393,384,9
2016-05-01 23:20,395,385,10
2016-05-01 23:21,396,387,9
2016-05-01 23:22,397,388,9
2016-05-01 23:23,398,389,9
2016-05-01 23:24,400,391,9
2016-05-01 23:25,401,392,9
2016-05-01 23:26,403,393,10
2016-05-01 23:27,404,395,9
2016-05-01 23:28,406,396,10
2016-05-01 23:29,407,397,10
2016-05-01 23:30,408,398,10
2016-05-01 23:31,410,400,10
2016-05-01 23:32,411,401,10
2016-05-01 23:33,412,402,10
2016-05-01 23:34,413,403,10
2016-05-01 23:35,415,405,10
2016-05-01 23:36,416,406,10
2016-05-01 23:37,417,407,10
2016-05-01 23:38,419,408,11
2016-05-01 23:39,420,409,11
2016-05-01 23:40,421,411,10
2016-05-01 23:41,422,412,10
2016-05-01 23:42,424,413,11
2016-05-01 23:43,425,414,11
2016-05-01 23:44,426,415,11
2016-05-01 23:45,428,416,12
2016-05-01 23:46,429,417,12
2016-05-01 23:47,430,419,11
2016-05-01 23:48,431,420,11
2016-05-01 23:49,432,421,11
2016-05-01 23:50,433,422,11
2016-05-01 23:51,434,423,11
2016-05-01 23:52,435,424,11
2016-05-01 23:53,437,425,12
2016-05-01 23:54,438,426,12
2016-05-01 23:55,439,427,12
2016-05-01 23:56,440,428,12
2016-05-01 23:57,441,429,12
2016-05-01 23:58,442,430,12
2016-05-01 23:59,443,431,12
2016-05-02 0:00,-,432,-
