관측시간,실측조위(Cm),예측조위(Cm),잔차(Cm)
2017-04-30 0:00,294,309,-15
2017-04-30 0:01,292,308,-16
2017-04-30 0:02,290,307,-17
2017-04-30 0:03,289,306,-17
2017-04-30 0:04,287,305,-18
2017-04-30 0:05,285,304,-19
2017-04-30 0:06,284,303,-19
2017-04-30 0:07,282,301,-19
2017-04-30 0:08,281,300,-19
2017-04-30 0:09,279,299,-20
2017-04-30 0:10,278,298,-20
2017-04-30 0:11,277,297,-20
2017-04-30 0:12,275,296,-21
2017-04-30 0:13,274,295,-21
2017-04-30 0:14,272,293,-21
2017-04-30 0:15,270,292,-22
2017-04-30 0:16,269,291,-22
2017-04-30 0:17,268,290,-22
2017-04-30 0:18,266,289,-23
2017-04-30 0:19,265,288,-23
2017-04-30 0:20,263,286,-23
2017-04-30 0:21,262,285,-23
2017-04-30 0:22,261,284,-23
2017-04-30 0:23,260,283,-23
2017-04-30 0:24,258,282,-24
2017-04-30 0:25,257,281,-24
2017-04-30 0:26,255,279,-24
2017-04-30 0:27,254,278,-24
2017-04-30 0:28,252,277,-25
2017-04-30 0:29,251,276,-25
2017-04-30 0:30,250,274,-24
2017-04-30 0:31,248,273,-25
2017-04-30 0:32,247,272,-25
2017-04-30 0:33,245,271,-26
2017-04-30 0:34,244,270,-26
2017-04-30 0:35,243,268,-25
2017-04-30 0:36,242,267,-25
2017-04-30 0:37,240,266,-26
2017-04-30 0:38,239,265,-26
2017-04-30 0:39,237,263,-26
2017-04-30 0:40,236,262,-26
2017-04-30 0:41,234,261,-27
2017-04-30 0:42,233,260,-27
2017-04-30 0:43,232,258,-26
2017-04-30 0:44,231,257,-26
2017-04-30 0:45,229,256,-27
2017-04-30 0:46,228,254,-26
2017-04-30 0:47,227,253,-26
2017-04-30 0:48,225,252,-27
2017-04-30 0:49,224,250,-26
2017-04-30 0:50,223,249,-26
2017-04-30 0:51,222,248,-26
2017-04-30 0:52,221,246,-25
2017-04-30 0:53,219,245,-26
2017-04-30 0:54,218,244,-26
2017-04-30 0:55,216,242,-26
2017-04-30 0:56,215,241,-26
2017-04-30 0:57,214,240,-26
2017-04-30 0:58,213,238,-25
2017-04-30 0:59,211,237,-26
2017-04-30 1:00,210,236,-26
2017-04-30 1:01,209,234,-25
2017-04-30 1:02,208,233,-25
2017-04-30 1:03,206,232,-26
2017-04-30 1:04,205,230,-25
2017-04-30 1:05,204,229,-25
2017-04-30 1:06,202,227,-25
2017-04-30 1:07,201,226,-25
2017-04-30 1:08,200,225,-25
2017-04-30 1:09,199,223,-24
2017-04-30 1:10,197,222,-25
2017-04-30 1:11,196,220,-24
2017-04-30 1:12,195,219,-24
2017-04-30 1:13,194,217,-23
2017-04-30 1:14,192,216,-24
2017-04-30 1:15,191,215,-24
2017-04-30 1:16,190,213,-23
2017-04-30 1:17,189,212,-23
2017-04-30 1:18,188,210,-22
2017-04-30 1:19,186,209,-23
2017-04-30 1:20,185,207,-22
2017-04-30 1:21,184,206,-22
2017-04-30 1:22,183,205,-22
2017-04-30 1:23,182,203,-21
2017-04-30 1:24,180,202,-22
2017-04-30 1:25,179,200,-21
2017-04-30 1:26,178,199,-21
2017-04-30 1:27,177,197,-20
2017-04-30 1:28,175,196,-21
2017-04-30 1:29,174,194,-20
2017-04-30 1:30,173,193,-20
2017-04-30 1:31,172,192,-20
2017-04-30 1:32,171,190,-19
2017-04-30 1:33,170,189,-19
2017-04-30 1:34,169,187,-18
2017-04-30 1:35,168,186,-18
2017-04-30 1:36,167,184,-17
2017-04-30 1:37,166,183,-17
2017-04-30 1:38,164,181,-17
2017-04-30 1:39,163,180,-17
2017-04-30 1:40,162,178,-16
2017-04-30 1:41,161,177,-16
2017-04-30 1:42,159,176,-17
2017-04-30 1:43,158,174,-16
2017-04-30 1:44,157,173,-16
2017-04-30 1:45,156,171,-15
2017-04-30 1:46,155,170,-15
2017-04-30 1:47,154,168,-14
2017-04-30 1:48,153,167,-14
2017-04-30 1:49,152,166,-14
2017-04-30 1:50,151,164,-13
2017-04-30 1:51,150,163,-13
2017-04-30 1:52,149,161,-12
2017-04-30 1:53,148,160,-12
2017-04-30 1:54,146,159,-13
2017-04-30 1:55,145,157,-12
2017-04-30 1:56,144,156,-12
2017-04-30 1:57,143,154,-11
2017-04-30 1:58,142,153,-11
2017-04-30 1:59,141,152,-11
2017-04-30 2:00,139,150,-11
2017-04-30 2:01,138,149,-11
2017-04-30 2:02,137,148,-11
2017-04-30 2:03,136,146,-10
2017-04-30 2:04,135,145,-10
2017-04-30 2:05,134,144,-10
2017-04-30 2:06,133,142,-9
2017-04-30 2:07,132,141,-9
2017-04-30 2:08,131,140,-9
2017-04-30 2:09,130,138,-8
2017-04-30 2:10,129,137,-8
2017-04-30 2:11,128,136,-8
2017-04-30 2:12,127,134,-7
2017-04-30 2:13,126,133,-7
2017-04-30 2:14,125,132,-7
2017-04-30 2:15,124,131,-7
2017-04-30 2:16,122,129,-7
2017-04-30 2:17,121,128,-7
2017-04-30 2:18,120,127,-7
2017-04-30 2:19,119,126,-7
2017-04-30 2:20,118,124,-6
2017-04-30 2:21,117,123,-6
2017-04-30 2:22,116,122,-6
2017-04-30 2:23,115,121,-6
2017-04-30 2:24,114,120,-6
2017-04-30 2:25,113,119,-6
2017-04-30 2:26,113,117,-4
2017-04-30 2:27,111,116,-5
2017-04-30 2:28,111,115,-4
2017-04-30 2:29,109,114,-5
2017-04-30 2:30,109,113,-4
2017-04-30 2:31,108,112,-4
2017-04-30 2:32,106,111,-5
2017-04-30 2:33,105,110,-5
2017-04-30 2:34,104,109,-5
2017-04-30 2:35,103,108,-5
2017-04-30 2:36,102,107,-5
2017-04-30 2:37,101,106,-5
2017-04-30 2:38,100,105,-5
2017-04-30 2:39,99,104,-5
2017-04-30 2:40,98,103,-5
2017-04-30 2:41,98,102,-4
2017-04-30 2:42,97,101,-4
2017-04-30 2:43,96,100,-4
2017-04-30 2:44,95,99,-4
2017-04-30 2:45,94,98,-4
2017-04-30 2:46,93,97,-4
2017-04-30 2:47,92,96,-4
2017-04-30 2:48,91,96,-5
2017-04-30 2:49,90,95,-5
2017-04-30 2:50,89,94,-5
2017-04-30 2:51,88,93,-5
2017-04-30 2:52,88,92,-4
2017-04-30 2:53,87,92,-5
2017-04-30 2:54,86,91,-5
2017-04-30 2:55,85,90,-5
2017-04-30 2:56,84,89,-5
2017-04-30 2:57,83,89,-6
2017-04-30 2:58,82,88,-6
2017-04-30 2:59,81,87,-6
2017-04-30 3:00,80,87,-7
2017-04-30 3:01,79,86,-7
2017-04-30 3:02,78,85,-7
2017-04-30 3:03,78,85,-7
2017-04-30 3:04,77,84,-7
2017-04-30 3:05,76,84,-8
2017-04-30 3:06,75,83,-8
2017-04-30 3:07,74,82,-8
2017-04-30 3:08,73,82,-9
2017-04-30 3:09,72,81,-9
2017-04-30 3:10,72,81,-9
2017-04-30 3:11,71,81,-10
2017-04-30 3:12,70,80,-10
2017-04-30 3:13,69,80,-11
2017-04-30 3:14,69,79,-10
2017-04-30 3:15,68,79,-11
2017-04-30 3:16,67,78,-11
2017-04-30 3:17,66,78,-12
2017-04-30 3:18,65,78,-13
2017-04-30 3:19,65,77,-12
2017-04-30 3:20,64,77,-13
2017-04-30 3:21,63,77,-14
2017-04-30 3:22,62,77,-15
2017-04-30 3:23,61,76,-15
2017-04-30 3:24,61,76,-15
2017-04-30 3:25,60,76,-16
2017-04-30 3:26,59,76,-17
2017-04-30 3:27,58,76,-18
2017-04-30 3:28,58,76,-18
2017-04-30 3:29,57,75,-18
2017-04-30 3:30,56,75,-19
2017-04-30 3:31,56,75,-19
2017-04-30 3:32,55,75,-20
2017-04-30 3:33,55,75,-20
2017-04-30 3:34,54,75,-21
2017-04-30 3:35,53,75,-22
2017-04-30 3:36,53,75,-22
2017-04-30 3:37,52,75,-23
2017-04-30 3:38,52,75,-23
2017-04-30 3:39,52,75,-23
2017-04-30 3:40,51,76,-25
2017-04-30 3:41,51,76,-25
2017-04-30 3:42,51,76,-25
2017-04-30 3:43,51,76,-25
2017-04-30 3:44,50,76,-26
2017-04-30 3:45,50,77,-27
2017-04-30 3:46,51,77,-26
2017-04-30 3:47,51,77,-26
2017-04-30 3:48,51,77,-26
2017-04-30 3:49,52,78,-26
2017-04-30 3:50,52,78,-26
2017-04-30 3:51,54,78,-24
2017-04-30 3:52,55,79,-24
2017-04-30 3:53,56,79,-23
2017-04-30 3:54,57,80,-23
2017-04-30 3:55,59,80,-21
2017-04-30 3:56,61,81,-20
2017-04-30 3:57,64,81,-17
2017-04-30 3:58,67,82,-15
2017-04-30 3:59,70,82,-12
2017-04-30 4:00,73,83,-10
2017-04-30 4:01,76,83,-7
2017-04-30 4:02,79,84,-5
2017-04-30 4:03,81,84,-3
2017-04-30 4:04,84,85,-1
2017-04-30 4:05,86,86,0
2017-04-30 4:06,89,87,2
2017-04-30 4:07,91,87,4
2017-04-30 4:08,93,88,5
2017-04-30 4:09,95,89,6
2017-04-30 4:10,97,90,7
2017-04-30 4:11,98,90,8
2017-04-30 4:12,100,91,9
2017-04-30 4:13,101,92,9
2017-04-30 4:14,103,93,10
2017-04-30 4:15,105,94,11
2017-04-30 4:16,107,95,12
2017-04-30 4:17,109,96,13
2017-04-30 4:18,111,97,14
2017-04-30 4:19,113,98,15
2017-04-30 4:20,114,99,15
2017-04-30 4:21,116,100,16
2017-04-30 4:22,117,101,16
2017-04-30 4:23,118,102,16
2017-04-30 4:24,120,103,17
2017-04-30 4:25,122,105,17
2017-04-30 4:26,124,106,18
2017-04-30 4:27,127,107,20
2017-04-30 4:28,128,108,20
2017-04-30 4:29,130,110,20
2017-04-30 4:30,131,111,20
2017-04-30 4:31,133,112,21
2017-04-30 4:32,135,114,21
2017-04-30 4:33,136,115,21
2017-04-30 4:34,138,116,22
2017-04-30 4:35,140,118,22
2017-04-30 4:36,142,119,23
2017-04-30 4:37,143,121,22
2017-04-30 4:38,146,122,24
2017-04-30 4:39,147,124,23
2017-04-30 4:40,149,125,24
2017-04-30 4:41,150,127,23
2017-04-30 4:42,151,129,22
2017-04-30 4:43,152,130,22
2017-04-30 4:44,154,132,22
2017-04-30 4:45,155,134,21
2017-04-30 4:46,156,135,21
2017-04-30 4:47,158,137,21
2017-04-30 4:48,159,139,20
2017-04-30 4:49,161,141,20
2017-04-30 4:50,162,143,19
2017-04-30 4:51,164,144,20
2017-04-30 4:52,166,146,20
2017-04-30 4:53,167,148,19
2017-04-30 4:54,169,150,19
2017-04-30 4:55,170,152,18
2017-04-30 4:56,172,154,18
2017-04-30 4:57,174,156,18
2017-04-30 4:58,175,158,17
2017-04-30 4:59,177,160,17
2017-04-30 5:00,179,162,17
2017-04-30 5:01,180,164,16
2017-04-30 5:02,182,167,15
2017-04-30 5:03,183,169,14
2017-04-30 5:04,185,171,14
2017-04-30 5:05,187,173,14
2017-04-30 5:06,188,176,12
2017-04-30 5:07,190,178,12
2017-04-30 5:08,192,180,12
2017-04-30 5:09,194,182,12
2017-04-30 5:10,196,185,11
2017-04-30 5:11,198,187,11
2017-04-30 5:12,200,190,10
2017-04-30 5:13,203,192,11
2017-04-30 5:14,205,195,10
2017-04-30 5:15,207,197,10
2017-04-30 5:16,209,200,9
2017-04-30 5:17,211,202,9
2017-04-30 5:18,214,205,9
2017-04-30 5:19,216,207,9
2017-04-30 5:20,219,210,9
2017-04-30 5:21,222,212,10
2017-04-30 5:22,224,215,9
2017-04-30 5:23,227,218,9
2017-04-30 5:24,229,221,8
2017-04-30 5:25,232,223,9
2017-04-30 5:26,235,226,9
2017-04-30 5:27,238,229,9
2017-04-30 5:28,241,232,9
2017-04-30 5:29,244,234,10
2017-04-30 5:30,246,237,9
2017-04-30 5:31,249,240,9
2017-04-30 5:32,252,243,9
2017-04-30 5:33,255,246,9
2017-04-30 5:34,258,249,9
2017-04-30 5:35,261,252,9
2017-04-30 5:36,265,255,10
2017-04-30 5:37,267,258,9
2017-04-30 5:38,271,261,10
2017-04-30 5:39,274,264,10
2017-04-30 5:40,277,267,10
2017-04-30 5:41,280,270,10
2017-04-30 5:42,283,273,10
2017-04-30 5:43,286,277,9
2017-04-30 5:44,290,280,10
2017-04-30 5:45,293,283,10
2017-04-30 5:46,296,286,10
2017-04-30 5:47,299,289,10
2017-04-30 5:48,303,293,10
2017-04-30 5:49,306,296,10
2017-04-30 5:50,310,299,11
2017-04-30 5:51,313,303,10
2017-04-30 5:52,316,306,10
2017-04-30 5:53,319,309,10
2017-04-30 5:54,323,313,10
2017-04-30 5:55,326,316,10
2017-04-30 5:56,330,319,11
2017-04-30 5:57,333,323,10
2017-04-30 5:58,336,326,10
2017-04-30 5:59,340,330,10
2017-04-30 6:00,343,333,10
2017-04-30 6:01,347,337,10
2017-04-30 6:02,350,340,10
2017-04-30 6:03,354,344,10
2017-04-30 6:04,357,347,10
2017-04-30 6:05,361,351,10
2017-04-30 6:06,364,354,10
2017-04-30 6:07,368,358,10
2017-04-30 6:08,372,361,11
2017-04-30 6:09,375,365,10
2017-04-30 6:10,379,368,11
2017-04-30 6:11,382,372,10
2017-04-30 6:12,385,376,9
2017-04-30 6:13,388,379,9
2017-04-30 6:14,392,383,9
2017-04-30 6:15,396,386,10
2017-04-30 6:16,399,390,9
2017-04-30 6:17,403,394,9
2017-04-30 6:18,407,397,10
2017-04-30 6:19,410,401,9
2017-04-30 6:20,413,405,8
2017-04-30 6:21,417,408,9
2017-04-30 6:22,421,412,9
2017-04-30 6:23,424,416,8
2017-04-30 6:24,427,420,7
2017-04-30 6:25,431,423,8
2017-04-30 6:26,434,427,7
2017-04-30 6:27,437,431,6
2017-04-30 6:28,440,434,6
2017-04-30 6:29,444,438,6
2017-04-30 6:30,447,442,5
2017-04-30 6:31,451,446,5
2017-04-30 6:32,454,449,5
2017-04-30 6:33,458,453,5
2017-04-30 6:34,461,457,4
2017-04-30 6:35,464,460,4
2017-04-30 6:36,467,464,3
2017-04-30 6:37,471,468,3
2017-04-30 6:38,474,472,2
2017-04-30 6:39,477,475,2
2017-04-30 6:40,481,479,2
2017-04-30 6:41,484,483,1
2017-04-30 6:42,487,486,1
2017-04-30 6:43,490,490,0
2017-04-30 6:44,493,494,-1
2017-04-30 6:45,497,497,0
2017-04-30 6:46,501,501,0
2017-04-30 6:47,504,505,-1
2017-04-30 6:48,508,508,0
2017-04-30 6:49,511,512,-1
2017-04-30 6:50,514,516,-2
2017-04-30 6:51,517,519,-2
2017-04-30 6:52,521,523,-2
2017-04-30 6:53,524,526,-2
2017-04-30 6:54,528,530,-2
2017-04-30 6:55,531,534,-3
2017-04-30 6:56,535,537,-2
2017-04-30 6:57,538,541,-3
2017-04-30 6:58,541,544,-3
2017-04-30 6:59,544,548,-4
2017-04-30 7:00,547,551,-4
2017-04-30 7:01,551,555,-4
2017-04-30 7:02,555,558,-3
2017-04-30 7:03,558,561,-3
2017-04-30 7:04,562,565,-3
2017-04-30 7:05,565,568,-3
2017-04-30 7:06,568,572,-4
2017-04-30 7:07,572,575,-3
2017-04-30 7:08,575,578,-3
2017-04-30 7:09,579,582,-3
2017-04-30 7:10,582,585,-3
2017-04-30 7:11,586,588,-2
2017-04-30 7:12,589,592,-3
2017-04-30 7:13,593,595,-2
2017-04-30 7:14,596,598,-2
2017-04-30 7:15,599,601,-2
2017-04-30 7:16,603,604,-1
2017-04-30 7:17,606,607,-1
2017-04-30 7:18,609,611,-2
2017-04-30 7:19,612,614,-2
2017-04-30 7:20,615,617,-2
2017-04-30 7:21,618,620,-2
2017-04-30 7:22,621,623,-2
2017-04-30 7:23,624,626,-2
2017-04-30 7:24,628,629,-1
2017-04-30 7:25,632,632,0
2017-04-30 7:26,635,634,1
2017-04-30 7:27,638,637,1
2017-04-30 7:28,641,640,1
2017-04-30 7:29,644,643,1
2017-04-30 7:30,647,646,1
2017-04-30 7:31,650,648,2
2017-04-30 7:32,653,651,2
2017-04-30 7:33,656,654,2
2017-04-30 7:34,658,656,2
2017-04-30 7:35,660,659,1
2017-04-30 7:36,663,661,2
2017-04-30 7:37,666,664,2
2017-04-30 7:38,668,666,2
2017-04-30 7:39,671,669,2
2017-04-30 7:40,673,671,2
2017-04-30 7:41,675,674,1
2017-04-30 7:42,678,676,2
2017-04-30 7:43,681,678,3
2017-04-30 7:44,684,680,4
2017-04-30 7:45,686,683,3
2017-04-30 7:46,689,685,4
2017-04-30 7:47,691,687,4
2017-04-30 7:48,693,689,4
2017-04-30 7:49,695,691,4
2017-04-30 7:50,697,693,4
2017-04-30 7:51,699,695,4
2017-04-30 7:52,701,697,4
2017-04-30 7:53,703,699,4
2017-04-30 7:54,705,701,4
2017-04-30 7:55,707,703,4
2017-04-30 7:56,709,704,5
2017-04-30 7:57,711,706,5
2017-04-30 7:58,712,708,4
2017-04-30 7:59,714,709,5
2017-04-30 8:00,715,711,4
2017-04-30 8:01,717,712,5
2017-04-30 8:02,719,714,5
2017-04-30 8:03,720,715,5
2017-04-30 8:04,722,717,5
2017-04-30 8:05,724,718,6
2017-04-30 8:06,725,720,5
2017-04-30 8:07,727,721,6
2017-04-30 8:08,728,722,6
2017-04-30 8:09,730,723,7
2017-04-30 8:10,731,724,7
2017-04-30 8:11,732,726,6
2017-04-30 8:12,733,727,6
2017-04-30 8:13,734,728,6
2017-04-30 8:14,735,729,6
2017-04-30 8:15,736,730,6
2017-04-30 8:16,737,730,7
2017-04-30 8:17,738,731,7
2017-04-30 8:18,739,732,7
2017-04-30 8:19,739,733,6
2017-04-30 8:20,740,733,7
2017-04-30 8:21,741,734,7
2017-04-30 8:22,742,735,7
2017-04-30 8:23,742,735,7
2017-04-30 8:24,743,736,7
2017-04-30 8:25,744,736,8
2017-04-30 8:26,744,737,7
2017-04-30 8:27,745,737,8
2017-04-30 8:28,745,737,8
2017-04-30 8:29,746,738,8
2017-04-30 8:30,746,738,8
2017-04-30 8:31,746,738,8
2017-04-30 8:32,746,738,8
2017-04-30 8:33,745,739,6
2017-04-30 8:34,745,739,6
2017-04-30 8:35,745,739,6
2017-04-30 8:36,745,739,6
2017-04-30 8:37,745,739,6
2017-04-30 8:38,745,738,7
2017-04-30 8:39,745,738,7
2017-04-30 8:40,745,738,7
2017-04-30 8:41,744,738,6
2017-04-30 8:42,744,738,6
2017-04-30 8:43,743,737,6
2017-04-30 8:44,743,737,6
2017-04-30 8:45,742,737,5
2017-04-30 8:46,742,736,6
2017-04-30 8:47,741,736,5
2017-04-30 8:48,741,735,6
2017-04-30 8:49,740,735,5
2017-04-30 8:50,739,734,5
2017-04-30 8:51,739,733,6
2017-04-30 8:52,738,733,5
2017-04-30 8:53,738,732,6
2017-04-30 8:54,737,731,6
2017-04-30 8:55,736,730,6
2017-04-30 8:56,735,730,5
2017-04-30 8:57,734,729,5
2017-04-30 8:58,733,728,5
2017-04-30 8:59,732,727,5
2017-04-30 9:00,730,726,4
2017-04-30 9:01,729,725,4
2017-04-30 9:02,728,724,4
2017-04-30 9:03,727,723,4
2017-04-30 9:04,726,722,4
2017-04-30 9:05,725,721,4
2017-04-30 9:06,724,719,5
2017-04-30 9:07,722,718,4
2017-04-30 9:08,721,717,4
2017-04-30 9:09,720,716,4
2017-04-30 9:10,718,714,4
2017-04-30 9:11,717,713,4
2017-04-30 9:12,716,712,4
2017-04-30 9:13,714,710,4
2017-04-30 9:14,713,709,4
2017-04-30 9:15,712,707,5
2017-04-30 9:16,711,706,5
2017-04-30 9:17,709,704,5
2017-04-30 9:18,708,703,5
2017-04-30 9:19,707,701,6
2017-04-30 9:20,705,699,6
2017-04-30 9:21,703,698,5
2017-04-30 9:22,701,696,5
2017-04-30 9:23,700,694,6
2017-04-30 9:24,698,693,5
2017-04-30 9:25,696,691,5
2017-04-30 9:26,695,689,6
2017-04-30 9:27,693,687,6
2017-04-30 9:28,692,686,6
2017-04-30 9:29,690,684,6
2017-04-30 9:30,688,682,6
2017-04-30 9:31,687,680,7
2017-04-30 9:32,685,678,7
2017-04-30 9:33,683,676,7
2017-04-30 9:34,682,674,8
2017-04-30 9:35,680,672,8
2017-04-30 9:36,678,670,8
2017-04-30 9:37,677,668,9
2017-04-30 9:38,675,666,9
2017-04-30 9:39,674,664,10
2017-04-30 9:40,672,662,10
2017-04-30 9:41,671,660,11
2017-04-30 9:42,669,658,11
2017-04-30 9:43,668,656,12
2017-04-30 9:44,666,654,12
2017-04-30 9:45,665,652,13
2017-04-30 9:46,663,650,13
2017-04-30 9:47,662,648,14
2017-04-30 9:48,660,645,15
2017-04-30 9:49,658,643,15
2017-04-30 9:50,657,641,16
2017-04-30 9:51,655,639,16
2017-04-30 9:52,654,637,17
2017-04-30 9:53,652,635,17
2017-04-30 9:54,650,632,18
2017-04-30 9:55,648,630,18
2017-04-30 9:56,646,628,18
2017-04-30 9:57,644,626,18
2017-04-30 9:58,642,623,19
2017-04-30 9:59,639,621,18
2017-04-30 10:00,638,619,19
2017-04-30 10:01,636,617,19
2017-04-30 10:02,634,614,20
2017-04-30 10:03,632,612,20
2017-04-30 10:04,630,610,20
2017-04-30 10:05,628,607,21
2017-04-30 10:06,626,605,21
2017-04-30 10:07,624,603,21
2017-04-30 10:08,622,601,21
2017-04-30 10:09,620,598,22
2017-04-30 10:10,618,596,22
2017-04-30 10:11,616,594,22
2017-04-30 10:12,614,591,23
2017-04-30 10:13,612,589,23
2017-04-30 10:14,610,587,23
2017-04-30 10:15,607,585,22
2017-04-30 10:16,605,582,23
2017-04-30 10:17,603,580,23
2017-04-30 10:18,601,578,23
2017-04-30 10:19,599,575,24
2017-04-30 10:20,597,573,24
2017-04-30 10:21,595,571,24
2017-04-30 10:22,593,569,24
2017-04-30 10:23,591,566,25
2017-04-30 10:24,588,564,24
2017-04-30 10:25,587,562,25
2017-04-30 10:26,584,559,25
2017-04-30 10:27,582,557,25
2017-04-30 10:28,580,555,25
2017-04-30 10:29,578,553,25
2017-04-30 10:30,575,551,24
2017-04-30 10:31,574,548,26
2017-04-30 10:32,571,546,25
2017-04-30 10:33,569,544,25
2017-04-30 10:34,567,542,25
2017-04-30 10:35,565,539,26
2017-04-30 10:36,563,537,26
2017-04-30 10:37,561,535,26
2017-04-30 10:38,559,533,26
2017-04-30 10:39,557,531,26
2017-04-30 10:40,555,529,26
2017-04-30 10:41,552,526,26
2017-04-30 10:42,549,524,25
2017-04-30 10:43,548,522,26
2017-04-30 10:44,546,520,26
2017-04-30 10:45,544,518,26
2017-04-30 10:46,542,516,26
2017-04-30 10:47,540,514,26
2017-04-30 10:48,538,512,26
2017-04-30 10:49,536,510,26
2017-04-30 10:50,534,507,27
2017-04-30 10:51,532,505,27
2017-04-30 10:52,530,503,27
2017-04-30 10:53,527,501,26
2017-04-30 10:54,525,499,26
2017-04-30 10:55,523,497,26
2017-04-30 10:56,521,495,26
2017-04-30 10:57,519,493,26
2017-04-30 10:58,517,491,26
2017-04-30 10:59,515,489,26
2017-04-30 11:00,513,487,26
2017-04-30 11:01,511,485,26
2017-04-30 11:02,509,484,25
2017-04-30 11:03,508,482,26
2017-04-30 11:04,505,480,25
2017-04-30 11:05,503,478,25
2017-04-30 11:06,501,476,25
2017-04-30 11:07,500,474,26
2017-04-30 11:08,498,472,26
2017-04-30 11:09,495,470,25
2017-04-30 11:10,494,469,25
2017-04-30 11:11,492,467,25
2017-04-30 11:12,490,465,25
2017-04-30 11:13,488,463,25
2017-04-30 11:14,486,461,25
2017-04-30 11:15,484,460,24
2017-04-30 11:16,482,458,24
2017-04-30 11:17,480,456,24
2017-04-30 11:18,478,454,24
2017-04-30 11:19,476,453,23
2017-04-30 11:20,473,451,22
2017-04-30 11:21,472,449,23
2017-04-30 11:22,470,447,23
2017-04-30 11:23,468,446,22
2017-04-30 11:24,466,444,22
2017-04-30 11:25,464,442,22
2017-04-30 11:26,463,441,22
2017-04-30 11:27,460,439,21
2017-04-30 11:28,458,437,21
2017-04-30 11:29,456,436,20
2017-04-30 11:30,454,434,20
2017-04-30 11:31,452,433,19
2017-04-30 11:32,450,431,19
2017-04-30 11:33,449,429,20
2017-04-30 11:34,447,428,19
2017-04-30 11:35,445,426,19
2017-04-30 11:36,443,425,18
2017-04-30 11:37,441,423,18
2017-04-30 11:38,439,422,17
2017-04-30 11:39,437,420,17
2017-04-30 11:40,435,419,16
2017-04-30 11:41,433,417,16
2017-04-30 11:42,431,416,15
2017-04-30 11:43,429,414,15
2017-04-30 11:44,428,413,15
2017-04-30 11:45,426,411,15
2017-04-30 11:46,425,410,15
2017-04-30 11:47,423,408,15
2017-04-30 11:48,420,407,13
2017-04-30 11:49,419,405,14
2017-04-30 11:50,417,404,13
2017-04-30 11:51,415,402,13
2017-04-30 11:52,413,401,12
2017-04-30 11:53,412,399,13
2017-04-30 11:54,410,398,12
2017-04-30 11:55,408,397,11
2017-04-30 11:56,407,395,12
2017-04-30 11:57,404,394,10
2017-04-30 11:58,403,392,11
2017-04-30 11:59,401,391,10
2017-04-30 12:00,399,390,9
2017-04-30 12:01,397,388,9
2017-04-30 12:02,395,387,8
2017-04-30 12:03,394,386,8
2017-04-30 12:04,392,384,8
2017-04-30 12:05,390,383,7
2017-04-30 12:06,388,381,7
2017-04-30 12:07,386,380,6
2017-04-30 12:08,385,379,6
2017-04-30 12:09,383,377,6
2017-04-30 12:10,381,376,5
2017-04-30 12:11,379,375,4
2017-04-30 12:12,377,373,4
2017-04-30 12:13,375,372,3
2017-04-30 12:14,374,371,3
2017-04-30 12:15,372,369,3
2017-04-30 12:16,371,368,3
2017-04-30 12:17,369,367,2
2017-04-30 12:18,367,365,2
2017-04-30 12:19,365,364,1
2017-04-30 12:20,363,363,0
2017-04-30 12:21,362,361,1
2017-04-30 12:22,360,360,0
2017-04-30 12:23,358,359,-1
2017-04-30 12:24,356,357,-1
2017-04-30 12:25,354,356,-2
2017-04-30 12:26,353,355,-2
2017-04-30 12:27,351,353,-2
2017-04-30 12:28,349,352,-3
2017-04-30 12:29,347,351,-4
2017-04-30 12:30,346,349,-3
2017-04-30 12:31,344,348,-4
2017-04-30 12:32,343,347,-4
2017-04-30 12:33,341,345,-4
2017-04-30 12:34,339,344,-5
2017-04-30 12:35,338,343,-5
2017-04-30 12:36,336,341,-5
2017-04-30 12:37,334,340,-6
2017-04-30 12:38,333,339,-6
2017-04-30 12:39,331,337,-6
2017-04-30 12:40,329,336,-7
2017-04-30 12:41,328,335,-7
2017-04-30 12:42,326,333,-7
2017-04-30 12:43,325,332,-7
2017-04-30 12:44,323,331,-8
2017-04-30 12:45,321,329,-8
2017-04-30 12:46,319,328,-9
2017-04-30 12:47,318,327,-9
2017-04-30 12:48,317,325,-8
2017-04-30 12:49,315,324,-9
2017-04-30 12:50,313,323,-10
2017-04-30 12:51,312,321,-9
2017-04-30 12:52,310,320,-10
2017-04-30 12:53,309,318,-9
2017-04-30 12:54,307,317,-10
2017-04-30 12:55,306,316,-10
2017-04-30 12:56,304,314,-10
2017-04-30 12:57,303,313,-10
2017-04-30 12:58,301,311,-10
2017-04-30 12:59,300,310,-10
2017-04-30 13:00,298,309,-11
2017-04-30 13:01,297,307,-10
2017-04-30 13:02,296,306,-10
2017-04-30 13:03,294,305,-11
2017-04-30 13:04,293,303,-10
2017-04-30 13:05,291,302,-11
2017-04-30 13:06,290,300,-10
2017-04-30 13:07,288,299,-11
2017-04-30 13:08,287,297,-10
2017-04-30 13:09,285,296,-11
2017-04-30 13:10,284,295,-11
2017-04-30 13:11,282,293,-11
2017-04-30 13:12,281,292,-11
2017-04-30 13:13,280,290,-10
2017-04-30 13:14,278,289,-11
2017-04-30 13:15,277,287,-10
2017-04-30 13:16,275,286,-11
2017-04-30 13:17,274,285,-11
2017-04-30 13:18,273,283,-10
2017-04-30 13:19,271,282,-11
2017-04-30 13:20,270,280,-10
2017-04-30 13:21,268,279,-11
2017-04-30 13:22,267,277,-10
2017-04-30 13:23,265,276,-11
2017-04-30 13:24,264,274,-10
2017-04-30 13:25,263,273,-10
2017-04-30 13:26,261,271,-10
2017-04-30 13:27,260,270,-10
2017-04-30 13:28,259,268,-9
2017-04-30 13:29,258,267,-9
2017-04-30 13:30,256,266,-10
2017-04-30 13:31,255,264,-9
2017-04-30 13:32,254,263,-9
2017-04-30 13:33,252,261,-9
2017-04-30 13:34,251,260,-9
2017-04-30 13:35,250,258,-8
2017-04-30 13:36,248,257,-9
2017-04-30 13:37,247,255,-8
2017-04-30 13:38,246,254,-8
2017-04-30 13:39,244,252,-8
2017-04-30 13:40,243,251,-8
2017-04-30 13:41,242,249,-7
2017-04-30 13:42,241,248,-7
2017-04-30 13:43,240,246,-6
2017-04-30 13:44,238,245,-7
2017-04-30 13:45,237,243,-6
2017-04-30 13:46,236,242,-6
2017-04-30 13:47,234,240,-6
2017-04-30 13:48,233,239,-6
2017-04-30 13:49,231,237,-6
2017-04-30 13:50,230,236,-6
2017-04-30 13:51,229,234,-5
2017-04-30 13:52,227,233,-6
2017-04-30 13:53,226,231,-5
2017-04-30 13:54,225,230,-5
2017-04-30 13:55,224,228,-4
2017-04-30 13:56,223,227,-4
2017-04-30 13:57,221,226,-5
2017-04-30 13:58,220,224,-4
2017-04-30 13:59,219,223,-4
2017-04-30 14:00,217,221,-4
2017-04-30 14:01,216,220,-4
2017-04-30 14:02,215,218,-3
2017-04-30 14:03,214,217,-3
2017-04-30 14:04,212,215,-3
2017-04-30 14:05,211,214,-3
2017-04-30 14:06,210,212,-2
2017-04-30 14:07,209,211,-2
2017-04-30 14:08,208,210,-2
2017-04-30 14:09,207,208,-1
2017-04-30 14:10,206,207,-1
2017-04-30 14:11,205,205,0
2017-04-30 14:12,204,204,0
2017-04-30 14:13,202,202,0
2017-04-30 14:14,201,201,0
2017-04-30 14:15,200,200,0
2017-04-30 14:16,199,198,1
2017-04-30 14:17,197,197,0
2017-04-30 14:18,196,195,1
2017-04-30 14:19,195,194,1
2017-04-30 14:20,194,193,1
2017-04-30 14:21,193,191,2
2017-04-30 14:22,192,190,2
2017-04-30 14:23,190,189,1
2017-04-30 14:24,190,187,3
2017-04-30 14:25,188,186,2
2017-04-30 14:26,187,185,2
2017-04-30 14:27,186,183,3
2017-04-30 14:28,185,182,3
2017-04-30 14:29,184,181,3
2017-04-30 14:30,183,179,4
2017-04-30 14:31,182,178,4
2017-04-30 14:32,181,177,4
2017-04-30 14:33,180,175,5
2017-04-30 14:34,179,174,5
2017-04-30 14:35,177,173,4
2017-04-30 14:36,176,172,4
2017-04-30 14:37,175,170,5
2017-04-30 14:38,174,169,5
2017-04-30 14:39,173,168,5
2017-04-30 14:40,172,167,5
2017-04-30 14:41,171,166,5
2017-04-30 14:42,170,164,6
2017-04-30 14:43,169,163,6
2017-04-30 14:44,168,162,6
2017-04-30 14:45,167,161,6
2017-04-30 14:46,165,160,5
2017-04-30 14:47,165,159,6
2017-04-30 14:48,164,157,7
2017-04-30 14:49,163,156,7
2017-04-30 14:50,161,155,6
2017-04-30 14:51,160,154,6
2017-04-30 14:52,159,153,6
2017-04-30 14:53,159,152,7
2017-04-30 14:54,157,151,6
2017-04-30 14:55,156,150,6
2017-04-30 14:56,156,149,7
2017-04-30 14:57,154,148,6
2017-04-30 14:58,153,147,6
2017-04-30 14:59,152,146,6
2017-04-30 15:00,151,145,6
2017-04-30 15:01,150,144,6
2017-04-30 15:02,149,143,6
2017-04-30 15:03,148,142,6
2017-04-30 15:04,147,141,6
2017-04-30 15:05,146,140,6
2017-04-30 15:06,145,139,6
2017-04-30 15:07,144,138,6
2017-04-30 15:08,143,137,6
2017-04-30 15:09,142,136,6
2017-04-30 15:10,141,136,5
2017-04-30 15:11,141,135,6
2017-04-30 15:12,140,134,6
2017-04-30 15:13,138,133,5
2017-04-30 15:14,138,132,6
2017-04-30 15:15,136,132,4
2017-04-30 15:16,135,131,4
2017-04-30 15:17,135,130,5
2017-04-30 15:18,133,129,4
2017-04-30 15:19,132,129,3
2017-04-30 15:20,132,128,4
2017-04-30 15:21,131,127,4
2017-04-30 15:22,130,127,3
2017-04-30 15:23,129,126,3
2017-04-30 15:24,129,125,4
2017-04-30 15:25,128,125,3
2017-04-30 15:26,126,124,2
2017-04-30 15:27,126,123,3
2017-04-30 15:28,124,123,1
2017-04-30 15:29,124,122,2
2017-04-30 15:30,121,122,-1
2017-04-30 15:31,120,121,-1
2017-04-30 15:32,119,121,-2
2017-04-30 15:33,118,120,-2
2017-04-30 15:34,117,120,-3
2017-04-30 15:35,116,119,-3
2017-04-30 15:36,116,119,-3
2017-04-30 15:37,114,118,-4
2017-04-30 15:38,113,118,-5
2017-04-30 15:39,113,117,-4
2017-04-30 15:40,112,117,-5
2017-04-30 15:41,111,117,-6
2017-04-30 15:42,110,116,-6
2017-04-30 15:43,109,116,-7
2017-04-30 15:44,109,116,-7
2017-04-30 15:45,108,115,-7
2017-04-30 15:46,107,115,-8
2017-04-30 15:47,106,115,-9
2017-04-30 15:48,105,115,-10
2017-04-30 15:49,104,114,-10
2017-04-30 15:50,103,114,-11
2017-04-30 15:51,101,114,-13
2017-04-30 15:52,100,114,-14
2017-04-30 15:53,99,114,-15
2017-04-30 15:54,97,114,-17
2017-04-30 15:55,97,113,-16
2017-04-30 15:56,97,113,-16
2017-04-30 15:57,97,113,-16
2017-04-30 15:58,95,113,-18
2017-04-30 15:59,95,113,-18
2017-04-30 16:00,94,113,-19
2017-04-30 16:01,94,113,-19
2017-04-30 16:02,94,113,-19
2017-04-30 16:03,92,113,-21
2017-04-30 16:04,93,113,-20
2017-04-30 16:05,92,113,-21
2017-04-30 16:06,92,113,-21
2017-04-30 16:07,91,113,-22
2017-04-30 16:08,90,113,-23
2017-04-30 16:09,90,114,-24
2017-04-30 16:10,89,114,-25
2017-04-30 16:11,90,114,-24
2017-04-30 16:12,90,114,-24
2017-04-30 16:13,89,114,-25
2017-04-30 16:14,89,115,-26
2017-04-30 16:15,90,115,-25
2017-04-30 16:16,90,115,-25
2017-04-30 16:17,91,115,-24
2017-04-30 16:18,92,116,-24
2017-04-30 16:19,92,116,-24
2017-04-30 16:20,91,116,-25
2017-04-30 16:21,92,117,-25
2017-04-30 16:22,92,117,-25
2017-04-30 16:23,93,118,-25
2017-04-30 16:24,95,118,-23
2017-04-30 16:25,96,118,-22
2017-04-30 16:26,98,119,-21
2017-04-30 16:27,99,119,-20
2017-04-30 16:28,101,120,-19
2017-04-30 16:29,102,121,-19
2017-04-30 16:30,106,121,-15
2017-04-30 16:31,108,122,-14
2017-04-30 16:32,110,122,-12
2017-04-30 16:33,113,123,-10
2017-04-30 16:34,115,123,-8
2017-04-30 16:35,117,124,-7
2017-04-30 16:36,120,125,-5
2017-04-30 16:37,122,126,-4
2017-04-30 16:38,124,126,-2
2017-04-30 16:39,127,127,0
2017-04-30 16:40,129,128,1
2017-04-30 16:41,131,129,2
2017-04-30 16:42,133,129,4
2017-04-30 16:43,135,130,5
2017-04-30 16:44,137,131,6
2017-04-30 16:45,139,132,7
2017-04-30 16:46,141,133,8
2017-04-30 16:47,143,134,9
2017-04-30 16:48,145,135,10
2017-04-30 16:49,147,136,11
2017-04-30 16:50,149,137,12
2017-04-30 16:51,150,138,12
2017-04-30 16:52,152,139,13
2017-04-30 16:53,153,140,13
2017-04-30 16:54,155,141,14
2017-04-30 16:55,156,142,14
2017-04-30 16:56,157,143,14
2017-04-30 16:57,159,144,15
2017-04-30 16:58,161,145,16
2017-04-30 16:59,163,146,17
2017-04-30 17:00,164,148,16
2017-04-30 17:01,166,149,17
2017-04-30 17:02,167,150,17
2017-04-30 17:03,168,151,17
2017-04-30 17:04,170,153,17
2017-04-30 17:05,171,154,17
2017-04-30 17:06,172,155,17
2017-04-30 17:07,173,157,16
2017-04-30 17:08,175,158,17
2017-04-30 17:09,176,159,17
2017-04-30 17:10,177,161,16
2017-04-30 17:11,178,162,16
2017-04-30 17:12,179,164,15
2017-04-30 17:13,180,165,15
2017-04-30 17:14,182,167,15
2017-04-30 17:15,183,168,15
2017-04-30 17:16,184,170,14
2017-04-30 17:17,185,171,14
2017-04-30 17:18,186,173,13
2017-04-30 17:19,186,175,11
2017-04-30 17:20,187,176,11
2017-04-30 17:21,188,178,10
2017-04-30 17:22,189,180,9
2017-04-30 17:23,190,181,9
2017-04-30 17:24,191,183,8
2017-04-30 17:25,192,185,7
2017-04-30 17:26,193,187,6
2017-04-30 17:27,194,188,6
2017-04-30 17:28,195,190,5
2017-04-30 17:29,196,192,4
2017-04-30 17:30,197,194,3
2017-04-30 17:31,199,196,3
2017-04-30 17:32,200,198,2
2017-04-30 17:33,201,200,1
2017-04-30 17:34,202,202,0
2017-04-30 17:35,204,204,0
2017-04-30 17:36,205,206,-1
2017-04-30 17:37,206,208,-2
2017-04-30 17:38,208,210,-2
2017-04-30 17:39,209,212,-3
2017-04-30 17:40,210,214,-4
2017-04-30 17:41,212,216,-4
2017-04-30 17:42,214,218,-4
2017-04-30 17:43,215,220,-5
2017-04-30 17:44,217,222,-5
2017-04-30 17:45,219,225,-6
2017-04-30 17:46,221,227,-6
2017-04-30 17:47,222,229,-7
2017-04-30 17:48,224,231,-7
2017-04-30 17:49,226,234,-8
2017-04-30 17:50,227,236,-9
2017-04-30 17:51,230,238,-8
2017-04-30 17:52,231,241,-10
2017-04-30 17:53,234,243,-9
2017-04-30 17:54,236,245,-9
2017-04-30 17:55,238,248,-10
2017-04-30 17:56,240,250,-10
2017-04-30 17:57,242,253,-11
2017-04-30 17:58,244,255,-11
2017-04-30 17:59,246,257,-11
2017-04-30 18:00,248,260,-12
2017-04-30 18:01,251,262,-11
2017-04-30 18:02,253,265,-12
2017-04-30 18:03,256,267,-11
2017-04-30 18:04,258,270,-12
2017-04-30 18:05,261,273,-12
2017-04-30 18:06,263,275,-12
2017-04-30 18:07,266,278,-12
2017-04-30 18:08,268,280,-12
2017-04-30 18:09,271,283,-12
2017-04-30 18:10,273,286,-13
2017-04-30 18:11,276,288,-12
2017-04-30 18:12,279,291,-12
2017-04-30 18:13,281,294,-13
2017-04-30 18:14,284,297,-13
2017-04-30 18:15,287,299,-12
2017-04-30 18:16,289,302,-13
2017-04-30 18:17,292,305,-13
2017-04-30 18:18,295,308,-13
2017-04-30 18:19,298,310,-12
2017-04-30 18:20,300,313,-13
2017-04-30 18:21,303,316,-13
2017-04-30 18:22,306,319,-13
2017-04-30 18:23,308,322,-14
2017-04-30 18:24,312,324,-12
2017-04-30 18:25,315,327,-12
2017-04-30 18:26,317,330,-13
2017-04-30 18:27,320,333,-13
2017-04-30 18:28,323,336,-13
2017-04-30 18:29,326,339,-13
2017-04-30 18:30,329,342,-13
2017-04-30 18:31,331,345,-14
2017-04-30 18:32,334,348,-14
2017-04-30 18:33,337,351,-14
2017-04-30 18:34,340,354,-14
2017-04-30 18:35,342,357,-15
2017-04-30 18:36,345,360,-15
2017-04-30 18:37,348,363,-15
2017-04-30 18:38,351,365,-14
2017-04-30 18:39,354,368,-14
2017-04-30 18:40,356,371,-15
2017-04-30 18:41,359,374,-15
2017-04-30 18:42,362,377,-15
2017-04-30 18:43,365,380,-15
2017-04-30 18:44,368,383,-15
2017-04-30 18:45,371,387,-16
2017-04-30 18:46,373,390,-17
2017-04-30 18:47,376,393,-17
2017-04-30 18:48,379,396,-17
2017-04-30 18:49,381,399,-18
2017-04-30 18:50,384,402,-18
2017-04-30 18:51,387,405,-18
2017-04-30 18:52,390,408,-18
2017-04-30 18:53,393,411,-18
2017-04-30 18:54,396,414,-18
2017-04-30 18:55,398,417,-19
2017-04-30 18:56,401,420,-19
2017-04-30 18:57,404,423,-19
2017-04-30 18:58,407,426,-19
2017-04-30 18:59,410,429,-19
2017-04-30 19:00,413,432,-19
2017-04-30 19:01,415,435,-20
2017-04-30 19:02,418,438,-20
2017-04-30 19:03,421,441,-20
2017-04-30 19:04,424,444,-20
2017-04-30 19:05,426,447,-21
2017-04-30 19:06,429,450,-21
2017-04-30 19:07,432,453,-21
2017-04-30 19:08,434,456,-22
2017-04-30 19:09,438,459,-21
2017-04-30 19:10,440,462,-22
2017-04-30 19:11,443,465,-22
2017-04-30 19:12,446,468,-22
2017-04-30 19:13,448,471,-23
2017-04-30 19:14,451,473,-22
2017-04-30 19:15,454,476,-22
2017-04-30 19:16,456,479,-23
2017-04-30 19:17,459,482,-23
2017-04-30 19:18,462,485,-23
2017-04-30 19:19,464,488,-24
2017-04-30 19:20,467,491,-24
2017-04-30 19:21,470,493,-23
2017-04-30 19:22,472,496,-24
2017-04-30 19:23,474,499,-25
2017-04-30 19:24,477,502,-25
2017-04-30 19:25,480,505,-25
2017-04-30 19:26,482,507,-25
2017-04-30 19:27,485,510,-25
2017-04-30 19:28,487,513,-26
2017-04-30 19:29,489,516,-27
2017-04-30 19:30,491,518,-27
2017-04-30 19:31,493,521,-28
2017-04-30 19:32,496,523,-27
2017-04-30 19:33,498,526,-28
2017-04-30 19:34,501,529,-28
2017-04-30 19:35,503,531,-28
2017-04-30 19:36,505,534,-29
2017-04-30 19:37,508,536,-28
2017-04-30 19:38,510,539,-29
2017-04-30 19:39,512,541,-29
2017-04-30 19:40,514,544,-30
2017-04-30 19:41,517,546,-29
2017-04-30 19:42,519,549,-30
2017-04-30 19:43,522,551,-29
2017-04-30 19:44,524,553,-29
2017-04-30 19:45,527,556,-29
2017-04-30 19:46,529,558,-29
2017-04-30 19:47,532,560,-28
2017-04-30 19:48,534,563,-29
2017-04-30 19:49,536,565,-29
2017-04-30 19:50,539,567,-28
2017-04-30 19:51,541,569,-28
2017-04-30 19:52,543,571,-28
2017-04-30 19:53,545,574,-29
2017-04-30 19:54,547,576,-29
2017-04-30 19:55,550,578,-28
2017-04-30 19:56,552,580,-28
2017-04-30 19:57,554,582,-28
2017-04-30 19:58,557,584,-27
2017-04-30 19:59,559,586,-27
2017-04-30 20:00,561,588,-27
2017-04-30 20:01,563,589,-26
2017-04-30 20:02,564,591,-27
2017-04-30 20:03,567,593,-26
2017-04-30 20:04,569,595,-26
2017-04-30 20:05,571,597,-26
2017-04-30 20:06,573,598,-25
2017-04-30 20:07,575,600,-25
2017-04-30 20:08,577,602,-25
2017-04-30 20:09,578,603,-25
2017-04-30 20:10,580,605,-25
2017-04-30 20:11,582,606,-24
2017-04-30 20:12,584,608,-24
2017-04-30 20:13,586,609,-23
2017-04-30 20:14,588,611,-23
2017-04-30 20:15,589,612,-23
2017-04-30 20:16,592,613,-21
2017-04-30 20:17,593,615,-22
2017-04-30 20:18,596,616,-20
2017-04-30 20:19,597,617,-20
2017-04-30 20:20,599,619,-20
2017-04-30 20:21,600,620,-20
2017-04-30 20:22,602,621,-19
2017-04-30 20:23,603,622,-19
2017-04-30 20:24,604,623,-19
2017-04-30 20:25,605,624,-19
2017-04-30 20:26,607,625,-18
2017-04-30 20:27,608,626,-18
2017-04-30 20:28,609,627,-18
2017-04-30 20:29,610,628,-18
2017-04-30 20:30,611,629,-18
2017-04-30 20:31,612,629,-17
2017-04-30 20:32,614,630,-16
2017-04-30 20:33,614,631,-17
2017-04-30 20:34,616,632,-16
2017-04-30 20:35,616,632,-16
2017-04-30 20:36,617,633,-16
2017-04-30 20:37,618,633,-15
2017-04-30 20:38,619,634,-15
2017-04-30 20:39,620,634,-14
2017-04-30 20:40,620,635,-15
2017-04-30 20:41,621,635,-14
2017-04-30 20:42,621,636,-15
2017-04-30 20:43,622,636,-14
2017-04-30 20:44,623,636,-13
2017-04-30 20:45,623,636,-13
2017-04-30 20:46,623,637,-14
2017-04-30 20:47,624,637,-13
2017-04-30 20:48,624,637,-13
2017-04-30 20:49,625,637,-12
2017-04-30 20:50,625,637,-12
2017-04-30 20:51,625,637,-12
2017-04-30 20:52,625,637,-12
2017-04-30 20:53,626,637,-11
2017-04-30 20:54,626,637,-11
2017-04-30 20:55,627,637,-10
2017-04-30 20:56,626,637,-11
2017-04-30 20:57,626,637,-11
2017-04-30 20:58,626,636,-10
2017-04-30 20:59,625,636,-11
2017-04-30 21:00,626,636,-10
2017-04-30 21:01,626,635,-9
2017-04-30 21:02,626,635,-9
2017-04-30 21:03,625,635,-10
2017-04-30 21:04,625,634,-9
2017-04-30 21:05,625,634,-9
2017-04-30 21:06,624,633,-9
2017-04-30 21:07,624,633,-9
2017-04-30 21:08,623,632,-9
2017-04-30 21:09,622,631,-9
2017-04-30 21:10,621,631,-10
2017-04-30 21:11,621,630,-9
2017-04-30 21:12,620,629,-9
2017-04-30 21:13,620,629,-9
2017-04-30 21:14,619,628,-9
2017-04-30 21:15,618,627,-9
2017-04-30 21:16,617,626,-9
2017-04-30 21:17,616,625,-9
2017-04-30 21:18,615,624,-9
2017-04-30 21:19,614,623,-9
2017-04-30 21:20,613,622,-9
2017-04-30 21:21,612,621,-9
2017-04-30 21:22,610,620,-10
2017-04-30 21:23,609,619,-10
2017-04-30 21:24,608,618,-10
2017-04-30 21:25,607,617,-10
2017-04-30 21:26,606,616,-10
2017-04-30 21:27,605,615,-10
2017-04-30 21:28,604,613,-9
2017-04-30 21:29,603,612,-9
2017-04-30 21:30,601,611,-10
2017-04-30 21:31,600,610,-10
2017-04-30 21:32,599,608,-9
2017-04-30 21:33,597,607,-10
2017-04-30 21:34,596,606,-10
2017-04-30 21:35,595,604,-9
2017-04-30 21:36,593,603,-10
2017-04-30 21:37,592,601,-9
2017-04-30 21:38,590,600,-10
2017-04-30 21:39,589,598,-9
2017-04-30 21:40,587,597,-10
2017-04-30 21:41,586,595,-9
2017-04-30 21:42,584,594,-10
2017-04-30 21:43,582,592,-10
2017-04-30 21:44,581,591,-10
2017-04-30 21:45,580,589,-9
2017-04-30 21:46,578,587,-9
2017-04-30 21:47,576,586,-10
2017-04-30 21:48,575,584,-9
2017-04-30 21:49,573,582,-9
2017-04-30 21:50,572,581,-9
2017-04-30 21:51,570,579,-9
2017-04-30 21:52,568,577,-9
2017-04-30 21:53,567,575,-8
2017-04-30 21:54,566,574,-8
2017-04-30 21:55,564,572,-8
2017-04-30 21:56,563,570,-7
2017-04-30 21:57,561,568,-7
2017-04-30 21:58,559,566,-7
2017-04-30 21:59,558,564,-6
2017-04-30 22:00,557,563,-6
2017-04-30 22:01,555,561,-6
2017-04-30 22:02,553,559,-6
2017-04-30 22:03,552,557,-5
2017-04-30 22:04,550,555,-5
2017-04-30 22:05,549,553,-4
2017-04-30 22:06,548,551,-3
2017-04-30 22:07,546,549,-3
2017-04-30 22:08,544,547,-3
2017-04-30 22:09,542,545,-3
2017-04-30 22:10,541,543,-2
2017-04-30 22:11,539,541,-2
2017-04-30 22:12,538,539,-1
2017-04-30 22:13,536,537,-1
2017-04-30 22:14,534,535,-1
2017-04-30 22:15,532,533,-1
2017-04-30 22:16,531,531,0
2017-04-30 22:17,529,529,0
2017-04-30 22:18,527,527,0
2017-04-30 22:19,525,525,0
2017-04-30 22:20,523,523,0
2017-04-30 22:21,522,521,1
2017-04-30 22:22,520,519,1
2017-04-30 22:23,518,517,1
2017-04-30 22:24,516,515,1
2017-04-30 22:25,514,513,1
2017-04-30 22:26,512,511,1
2017-04-30 22:27,510,509,1
2017-04-30 22:28,508,507,1
2017-04-30 22:29,507,505,2
2017-04-30 22:30,505,503,2
2017-04-30 22:31,503,501,2
2017-04-30 22:32,501,498,3
2017-04-30 22:33,499,496,3
2017-04-30 22:34,497,494,3
2017-04-30 22:35,495,492,3
2017-04-30 22:36,493,490,3
2017-04-30 22:37,492,488,4
2017-04-30 22:38,489,486,3
2017-04-30 22:39,488,484,4
2017-04-30 22:40,486,482,4
2017-04-30 22:41,484,480,4
2017-04-30 22:42,482,478,4
2017-04-30 22:43,480,476,4
2017-04-30 22:44,478,474,4
2017-04-30 22:45,477,472,5
2017-04-30 22:46,475,470,5
2017-04-30 22:47,473,468,5
2017-04-30 22:48,471,466,5
2017-04-30 22:49,469,464,5
2017-04-30 22:50,467,462,5
2017-04-30 22:51,466,460,6
2017-04-30 22:52,463,458,5
2017-04-30 22:53,461,456,5
2017-04-30 22:54,460,454,6
2017-04-30 22:55,458,452,6
2017-04-30 22:56,456,450,6
2017-04-30 22:57,454,448,6
2017-04-30 22:58,452,446,6
2017-04-30 22:59,450,445,5
2017-04-30 23:00,449,443,6
2017-04-30 23:01,447,441,6
2017-04-30 23:02,445,439,6
2017-04-30 23:03,443,437,6
2017-04-30 23:04,441,435,6
2017-04-30 23:05,439,433,6
2017-04-30 23:06,437,431,6
2017-04-30 23:07,435,430,5
2017-04-30 23:08,434,428,6
2017-04-30 23:09,432,426,6
2017-04-30 23:10,430,424,6
2017-04-30 23:11,428,422,6
2017-04-30 23:12,426,421,5
2017-04-30 23:13,424,419,5
2017-04-30 23:14,422,417,5
2017-04-30 23:15,421,415,6
2017-04-30 23:16,419,413,6
2017-04-30 23:17,417,412,5
2017-04-30 23:18,415,410,5
2017-04-30 23:19,414,408,6
2017-04-30 23:20,412,407,5
2017-04-30 23:21,410,405,5
2017-04-30 23:22,408,403,5
2017-04-30 23:23,406,402,4
2017-04-30 23:24,404,400,4
2017-04-30 23:25,402,398,4
2017-04-30 23:26,401,397,4
2017-04-30 23:27,399,395,4
2017-04-30 23:28,397,393,4
2017-04-30 23:29,395,392,3
2017-04-30 23:30,394,390,4
2017-04-30 23:31,392,389,3
2017-04-30 23:32,390,387,3
2017-04-30 23:33,388,385,3
2017-04-30 23:34,387,384,3
2017-04-30 23:35,385,382,3
2017-04-30 23:36,383,381,2
2017-04-30 23:37,381,379,2
2017-04-30 23:38,379,378,1
2017-04-30 23:39,377,376,1
2017-04-30 23:40,376,375,1
2017-04-30 23:41,374,373,1
2017-04-30 23:42,372,372,0
2017-04-30 23:43,371,370,1
2017-04-30 23:44,369,369,0
2017-04-30 23:45,367,367,0
2017-04-30 23:46,365,366,-1
2017-04-30 23:47,364,365,-1
2017-04-30 23:48,362,363,-1
2017-04-30 23:49,360,362,-2
2017-04-30 23:50,359,360,-1
2017-04-30 23:51,357,359,-2
2017-04-30 23:52,356,358,-2
2017-04-30 23:53,354,356,-2
2017-04-30 23:54,352,355,-3
2017-04-30 23:55,350,354,-4
2017-04-30 23:56,349,352,-3
2017-04-30 23:57,347,351,-4
2017-04-30 23:58,346,350,-4
2017-04-30 23:59,344,348,-4
2017-05-01 0:00,342,347,-5
2017-05-01 0:01,341,346,-5
2017-05-01 0:02,339,344,-5
2017-05-01 0:03,338,343,-5
2017-05-01 0:04,336,342,-6
2017-05-01 0:05,335,341,-6
2017-05-01 0:06,333,339,-6
2017-05-01 0:07,331,338,-7
2017-05-01 0:08,329,337,-8
2017-05-01 0:09,328,336,-8
2017-05-01 0:10,326,334,-8
2017-05-01 0:11,324,333,-9
2017-05-01 0:12,323,332,-9
2017-05-01 0:13,321,331,-10
2017-05-01 0:14,319,329,-10
2017-05-01 0:15,318,328,-10
2017-05-01 0:16,316,327,-11
2017-05-01 0:17,315,326,-11
2017-05-01 0:18,313,325,-12
2017-05-01 0:19,311,323,-12
2017-05-01 0:20,310,322,-12
2017-05-01 0:21,308,321,-13
2017-05-01 0:22,306,320,-14
2017-05-01 0:23,305,319,-14
2017-05-01 0:24,303,317,-14
2017-05-01 0:25,302,316,-14
2017-05-01 0:26,300,315,-15
2017-05-01 0:27,299,314,-15
2017-05-01 0:28,298,313,-15
2017-05-01 0:29,296,312,-16
2017-05-01 0:30,295,310,-15
2017-05-01 0:31,293,309,-16
2017-05-01 0:32,292,308,-16
2017-05-01 0:33,290,307,-17
2017-05-01 0:34,289,306,-17
2017-05-01 0:35,287,305,-18
2017-05-01 0:36,286,303,-17
2017-05-01 0:37,284,302,-18
2017-05-01 0:38,283,301,-18
2017-05-01 0:39,281,300,-19
2017-05-01 0:40,280,299,-19
2017-05-01 0:41,278,298,-20
2017-05-01 0:42,277,296,-19
2017-05-01 0:43,276,295,-19
2017-05-01 0:44,274,294,-20
2017-05-01 0:45,273,293,-20
2017-05-01 0:46,271,292,-21
2017-05-01 0:47,269,291,-22
2017-05-01 0:48,268,289,-21
2017-05-01 0:49,267,288,-21
2017-05-01 0:50,265,287,-22
2017-05-01 0:51,264,286,-22
2017-05-01 0:52,263,285,-22
2017-05-01 0:53,261,284,-23
2017-05-01 0:54,260,283,-23
2017-05-01 0:55,259,281,-22
2017-05-01 0:56,257,280,-23
2017-05-01 0:57,256,279,-23
2017-05-01 0:58,254,278,-24
2017-05-01 0:59,253,277,-24
2017-05-01 1:00,251,275,-24
2017-05-01 1:01,250,274,-24
2017-05-01 1:02,249,273,-24
2017-05-01 1:03,247,272,-25
2017-05-01 1:04,246,271,-25
2017-05-01 1:05,244,270,-26
2017-05-01 1:06,243,268,-25
2017-05-01 1:07,242,267,-25
2017-05-01 1:08,240,266,-26
2017-05-01 1:09,239,265,-26
2017-05-01 1:10,238,263,-25
2017-05-01 1:11,236,262,-26
2017-05-01 1:12,235,261,-26
2017-05-01 1:13,233,260,-27
2017-05-01 1:14,232,259,-27
2017-05-01 1:15,231,257,-26
2017-05-01 1:16,230,256,-26
2017-05-01 1:17,228,255,-27
2017-05-01 1:18,227,254,-27
2017-05-01 1:19,226,252,-26
2017-05-01 1:20,225,251,-26
2017-05-01 1:21,223,250,-27
2017-05-01 1:22,222,249,-27
2017-05-01 1:23,221,247,-26
2017-05-01 1:24,220,246,-26
2017-05-01 1:25,219,245,-26
2017-05-01 1:26,217,244,-27
2017-05-01 1:27,216,242,-26
2017-05-01 1:28,215,241,-26
2017-05-01 1:29,213,240,-27
2017-05-01 1:30,212,239,-27
2017-05-01 1:31,211,237,-26
2017-05-01 1:32,210,236,-26
2017-05-01 1:33,208,235,-27
2017-05-01 1:34,207,233,-26
2017-05-01 1:35,206,232,-26
2017-05-01 1:36,205,231,-26
2017-05-01 1:37,203,229,-26
2017-05-01 1:38,202,228,-26
2017-05-01 1:39,201,227,-26
2017-05-01 1:40,200,226,-26
2017-05-01 1:41,199,224,-25
2017-05-01 1:42,197,223,-26
2017-05-01 1:43,196,222,-26
2017-05-01 1:44,195,220,-25
2017-05-01 1:45,193,219,-26
2017-05-01 1:46,193,218,-25
2017-05-01 1:47,191,216,-25
2017-05-01 1:48,190,215,-25
2017-05-01 1:49,189,214,-25
2017-05-01 1:50,188,212,-24
2017-05-01 1:51,187,211,-24
2017-05-01 1:52,186,210,-24
2017-05-01 1:53,184,208,-24
2017-05-01 1:54,183,207,-24
2017-05-01 1:55,182,205,-23
2017-05-01 1:56,181,204,-23
2017-05-01 1:57,179,203,-24
2017-05-01 1:58,178,201,-23
2017-05-01 1:59,177,200,-23
2017-05-01 2:00,176,199,-23
2017-05-01 2:01,175,197,-22
2017-05-01 2:02,174,196,-22
2017-05-01 2:03,173,195,-22
2017-05-01 2:04,172,193,-21
2017-05-01 2:05,171,192,-21
2017-05-01 2:06,169,191,-22
2017-05-01 2:07,168,189,-21
2017-05-01 2:08,168,188,-20
2017-05-01 2:09,166,186,-20
2017-05-01 2:10,165,185,-20
2017-05-01 2:11,164,184,-20
2017-05-01 2:12,162,182,-20
2017-05-01 2:13,161,181,-20
2017-05-01 2:14,159,180,-21
2017-05-01 2:15,158,178,-20
2017-05-01 2:16,158,177,-19
2017-05-01 2:17,156,176,-20
2017-05-01 2:18,155,174,-19
2017-05-01 2:19,154,173,-19
2017-05-01 2:20,153,172,-19
2017-05-01 2:21,152,170,-18
2017-05-01 2:22,150,169,-19
2017-05-01 2:23,149,168,-19
2017-05-01 2:24,148,166,-18
2017-05-01 2:25,148,165,-17
2017-05-01 2:26,147,164,-17
2017-05-01 2:27,146,162,-16
2017-05-01 2:28,145,161,-16
2017-05-01 2:29,144,160,-16
2017-05-01 2:30,143,158,-15
2017-05-01 2:31,142,157,-15
2017-05-01 2:32,140,156,-16
2017-05-01 2:33,140,154,-14
2017-05-01 2:34,138,153,-15
2017-05-01 2:35,137,152,-15
2017-05-01 2:36,136,150,-14
2017-05-01 2:37,134,149,-15
2017-05-01 2:38,133,148,-15
2017-05-01 2:39,132,147,-15
2017-05-01 2:40,131,145,-14
2017-05-01 2:41,130,144,-14
2017-05-01 2:42,129,143,-14
2017-05-01 2:43,128,142,-14
2017-05-01 2:44,127,140,-13
2017-05-01 2:45,126,139,-13
2017-05-01 2:46,125,138,-13
2017-05-01 2:47,124,137,-13
2017-05-01 2:48,122,136,-14
2017-05-01 2:49,121,134,-13
2017-05-01 2:50,120,133,-13
2017-05-01 2:51,119,132,-13
2017-05-01 2:52,118,131,-13
2017-05-01 2:53,117,130,-13
2017-05-01 2:54,116,128,-12
2017-05-01 2:55,115,127,-12
2017-05-01 2:56,114,126,-12
2017-05-01 2:57,113,125,-12
2017-05-01 2:58,112,124,-12
2017-05-01 2:59,111,123,-12
2017-05-01 3:00,111,122,-11
2017-05-01 3:01,110,121,-11
2017-05-01 3:02,109,120,-11
2017-05-01 3:03,108,118,-10
2017-05-01 3:04,107,117,-10
2017-05-01 3:05,106,116,-10
2017-05-01 3:06,105,115,-10
2017-05-01 3:07,104,114,-10
2017-05-01 3:08,103,113,-10
2017-05-01 3:09,102,112,-10
2017-05-01 3:10,101,111,-10
2017-05-01 3:11,100,110,-10
2017-05-01 3:12,99,109,-10
2017-05-01 3:13,98,108,-10
2017-05-01 3:14,97,107,-10
2017-05-01 3:15,96,107,-11
2017-05-01 3:16,95,106,-11
2017-05-01 3:17,94,105,-11
2017-05-01 3:18,93,104,-11
2017-05-01 3:19,92,103,-11
2017-05-01 3:20,91,102,-11
2017-05-01 3:21,90,101,-11
2017-05-01 3:22,89,100,-11
2017-05-01 3:23,88,100,-12
2017-05-01 3:24,87,99,-12
2017-05-01 3:25,86,98,-12
2017-05-01 3:26,85,97,-12
2017-05-01 3:27,84,96,-12
2017-05-01 3:28,83,96,-13
2017-05-01 3:29,82,95,-13
2017-05-01 3:30,81,94,-13
2017-05-01 3:31,81,93,-12
2017-05-01 3:32,80,93,-13
2017-05-01 3:33,79,92,-13
2017-05-01 3:34,78,91,-13
2017-05-01 3:35,77,91,-14
2017-05-01 3:36,76,90,-14
2017-05-01 3:37,75,89,-14
2017-05-01 3:38,74,89,-15
2017-05-01 3:39,74,88,-14
2017-05-01 3:40,73,88,-15
2017-05-01 3:41,72,87,-15
2017-05-01 3:42,71,87,-16
2017-05-01 3:43,70,86,-16
2017-05-01 3:44,69,86,-17
2017-05-01 3:45,68,85,-17
2017-05-01 3:46,67,85,-18
2017-05-01 3:47,66,84,-18
2017-05-01 3:48,65,84,-19
2017-05-01 3:49,65,83,-18
2017-05-01 3:50,64,83,-19
2017-05-01 3:51,63,83,-20
2017-05-01 3:52,62,82,-20
2017-05-01 3:53,61,82,-21
2017-05-01 3:54,60,81,-21
2017-05-01 3:55,60,81,-21
2017-05-01 3:56,59,81,-22
2017-05-01 3:57,58,81,-23
2017-05-01 3:58,57,80,-23
2017-05-01 3:59,57,80,-23
2017-05-01 4:00,56,80,-24
2017-05-01 4:01,55,80,-25
2017-05-01 4:02,54,79,-25
2017-05-01 4:03,54,79,-25
2017-05-01 4:04,53,79,-26
2017-05-01 4:05,53,79,-26
2017-05-01 4:06,52,79,-27
2017-05-01 4:07,51,79,-28
2017-05-01 4:08,51,79,-28
2017-05-01 4:09,50,79,-29
2017-05-01 4:10,49,79,-30
2017-05-01 4:11,48,79,-31
2017-05-01 4:12,48,79,-31
2017-05-01 4:13,48,79,-31
2017-05-01 4:14,47,79,-32
2017-05-01 4:15,47,79,-32
2017-05-01 4:16,46,79,-33
2017-05-01 4:17,46,79,-33
2017-05-01 4:18,45,79,-34
2017-05-01 4:19,45,79,-34
2017-05-01 4:20,45,79,-34
2017-05-01 4:21,44,79,-35
2017-05-01 4:22,44,80,-36
2017-05-01 4:23,44,80,-36
2017-05-01 4:24,44,80,-36
2017-05-01 4:25,44,80,-36
2017-05-01 4:26,44,81,-37
2017-05-01 4:27,45,81,-36
2017-05-01 4:28,45,81,-36
2017-05-01 4:29,45,82,-37
2017-05-01 4:30,46,82,-36
2017-05-01 4:31,47,82,-35
2017-05-01 4:32,48,83,-35
2017-05-01 4:33,49,83,-34
2017-05-01 4:34,51,84,-33
2017-05-01 4:35,53,84,-31
2017-05-01 4:36,55,85,-30
2017-05-01 4:37,57,85,-28
2017-05-01 4:38,59,86,-27
2017-05-01 4:39,62,86,-24
2017-05-01 4:40,64,87,-23
2017-05-01 4:41,67,87,-20
2017-05-01 4:42,70,88,-18
2017-05-01 4:43,72,89,-17
2017-05-01 4:44,74,89,-15
2017-05-01 4:45,76,90,-14
2017-05-01 4:46,78,91,-13
2017-05-01 4:47,80,91,-11
2017-05-01 4:48,82,92,-10
2017-05-01 4:49,84,93,-9
2017-05-01 4:50,86,94,-8
2017-05-01 4:51,88,95,-7
2017-05-01 4:52,90,95,-5
2017-05-01 4:53,92,96,-4
2017-05-01 4:54,94,97,-3
2017-05-01 4:55,-,98,-
2017-05-01 4:56,96,99,-3
2017-05-01 4:57,98,100,-2
2017-05-01 4:58,99,101,-2
2017-05-01 4:59,101,102,-1
2017-05-01 5:00,102,103,-1
2017-05-01 5:01,104,104,0
2017-05-01 5:02,105,105,0
2017-05-01 5:03,107,106,1
2017-05-01 5:04,108,107,1
2017-05-01 5:05,110,108,2
2017-05-01 5:06,111,110,1
2017-05-01 5:07,112,111,1
2017-05-01 5:08,114,112,2
2017-05-01 5:09,116,113,3
2017-05-01 5:10,117,114,3
2017-05-01 5:11,118,116,2
2017-05-01 5:12,120,117,3
2017-05-01 5:13,121,118,3
2017-05-01 5:14,123,120,3
2017-05-01 5:15,125,121,4
2017-05-01 5:16,126,122,4
2017-05-01 5:17,128,124,4
2017-05-01 5:18,129,125,4
2017-05-01 5:19,130,127,3
2017-05-01 5:20,132,128,4
2017-05-01 5:21,133,130,3
2017-05-01 5:22,134,131,3
2017-05-01 5:23,135,133,2
2017-05-01 5:24,136,134,2
2017-05-01 5:25,138,136,2
2017-05-01 5:26,139,138,1
2017-05-01 5:27,140,139,1
2017-05-01 5:28,141,141,0
2017-05-01 5:29,143,143,0
2017-05-01 5:30,144,144,0
2017-05-01 5:31,146,146,0
2017-05-01 5:32,147,148,-1
2017-05-01 5:33,148,150,-2
2017-05-01 5:34,150,152,-2
2017-05-01 5:35,151,153,-2
2017-05-01 5:36,152,155,-3
2017-05-01 5:37,154,157,-3
2017-05-01 5:38,155,159,-4
2017-05-01 5:39,156,161,-5
2017-05-01 5:40,158,163,-5
2017-05-01 5:41,160,165,-5
2017-05-01 5:42,161,167,-6
2017-05-01 5:43,163,169,-6
2017-05-01 5:44,165,171,-6
2017-05-01 5:45,166,173,-7
2017-05-01 5:46,168,175,-7
2017-05-01 5:47,169,177,-8
2017-05-01 5:48,171,180,-9
2017-05-01 5:49,173,182,-9
2017-05-01 5:50,174,184,-10
2017-05-01 5:51,176,186,-10
2017-05-01 5:52,178,188,-10
2017-05-01 5:53,181,191,-10
2017-05-01 5:54,182,193,-11
2017-05-01 5:55,184,195,-11
2017-05-01 5:56,186,198,-12
2017-05-01 5:57,189,200,-11
2017-05-01 5:58,190,202,-12
2017-05-01 5:59,192,205,-13
2017-05-01 6:00,195,207,-12
2017-05-01 6:01,197,209,-12
2017-05-01 6:02,200,212,-12
2017-05-01 6:03,202,214,-12
2017-05-01 6:04,204,217,-13
2017-05-01 6:05,206,219,-13
2017-05-01 6:06,209,222,-13
2017-05-01 6:07,211,225,-14
2017-05-01 6:08,214,227,-13
2017-05-01 6:09,217,230,-13
2017-05-01 6:10,219,232,-13
2017-05-01 6:11,222,235,-13
2017-05-01 6:12,225,238,-13
2017-05-01 6:13,227,240,-13
2017-05-01 6:14,230,243,-13
2017-05-01 6:15,232,246,-14
2017-05-01 6:16,235,249,-14
2017-05-01 6:17,238,251,-13
2017-05-01 6:18,241,254,-13
2017-05-01 6:19,244,257,-13
2017-05-01 6:20,247,260,-13
2017-05-01 6:21,249,263,-14
2017-05-01 6:22,252,265,-13
2017-05-01 6:23,255,268,-13
2017-05-01 6:24,258,271,-13
2017-05-01 6:25,261,274,-13
2017-05-01 6:26,264,277,-13
2017-05-01 6:27,267,280,-13
2017-05-01 6:28,270,283,-13
2017-05-01 6:29,273,286,-13
2017-05-01 6:30,276,289,-13
2017-05-01 6:31,279,292,-13
2017-05-01 6:32,282,295,-13
2017-05-01 6:33,285,298,-13
2017-05-01 6:34,288,301,-13
2017-05-01 6:35,291,304,-13
2017-05-01 6:36,295,307,-12
2017-05-01 6:37,298,310,-12
2017-05-01 6:38,301,313,-12
2017-05-01 6:39,304,317,-13
2017-05-01 6:40,307,320,-13
2017-05-01 6:41,310,323,-13
2017-05-01 6:42,313,326,-13
2017-05-01 6:43,317,329,-12
2017-05-01 6:44,320,332,-12
2017-05-01 6:45,323,336,-13
2017-05-01 6:46,326,339,-13
2017-05-01 6:47,330,342,-12
2017-05-01 6:48,333,345,-12
2017-05-01 6:49,336,349,-13
2017-05-01 6:50,340,352,-12
2017-05-01 6:51,342,355,-13
2017-05-01 6:52,346,358,-12
2017-05-01 6:53,349,362,-13
2017-05-01 6:54,353,365,-12
2017-05-01 6:55,355,368,-13
2017-05-01 6:56,359,372,-13
2017-05-01 6:57,361,375,-14
2017-05-01 6:58,364,378,-14
2017-05-01 6:59,368,381,-13
2017-05-01 7:00,371,385,-14
2017-05-01 7:01,374,388,-14
2017-05-01 7:02,377,391,-14
2017-05-01 7:03,380,395,-15
2017-05-01 7:04,383,398,-15
2017-05-01 7:05,387,402,-15
2017-05-01 7:06,390,405,-15
2017-05-01 7:07,393,408,-15
2017-05-01 7:08,396,412,-16
2017-05-01 7:09,399,415,-16
2017-05-01 7:10,402,418,-16
2017-05-01 7:11,405,422,-17
2017-05-01 7:12,409,425,-16
2017-05-01 7:13,412,428,-16
2017-05-01 7:14,414,432,-18
2017-05-01 7:15,418,435,-17
2017-05-01 7:16,421,438,-17
2017-05-01 7:17,424,442,-18
2017-05-01 7:18,427,445,-18
2017-05-01 7:19,430,449,-19
2017-05-01 7:20,433,452,-19
2017-05-01 7:21,436,455,-19
2017-05-01 7:22,440,459,-19
2017-05-01 7:23,443,462,-19
2017-05-01 7:24,446,465,-19
2017-05-01 7:25,448,469,-21
2017-05-01 7:26,451,472,-21
2017-05-01 7:27,454,475,-21
2017-05-01 7:28,457,478,-21
2017-05-01 7:29,460,482,-22
2017-05-01 7:30,463,485,-22
2017-05-01 7:31,466,488,-22
2017-05-01 7:32,469,492,-23
2017-05-01 7:33,471,495,-24
2017-05-01 7:34,474,498,-24
2017-05-01 7:35,477,501,-24
2017-05-01 7:36,480,505,-25
2017-05-01 7:37,483,508,-25
2017-05-01 7:38,486,511,-25
2017-05-01 7:39,489,514,-25
2017-05-01 7:40,491,517,-26
2017-05-01 7:41,494,521,-27
2017-05-01 7:42,498,524,-26
2017-05-01 7:43,501,527,-26
2017-05-01 7:44,504,530,-26
2017-05-01 7:45,506,533,-27
2017-05-01 7:46,509,536,-27
2017-05-01 7:47,512,539,-27
2017-05-01 7:48,515,542,-27
2017-05-01 7:49,518,545,-27
2017-05-01 7:50,521,548,-27
2017-05-01 7:51,523,551,-28
2017-05-01 7:52,526,554,-28
2017-05-01 7:53,528,557,-29
2017-05-01 7:54,531,560,-29
2017-05-01 7:55,534,563,-29
2017-05-01 7:56,537,566,-29
2017-05-01 7:57,540,569,-29
2017-05-01 7:58,542,572,-30
2017-05-01 7:59,545,574,-29
2017-05-01 8:00,547,577,-30
2017-05-01 8:01,550,580,-30
2017-05-01 8:02,553,583,-30
2017-05-01 8:03,556,586,-30
2017-05-01 8:04,558,588,-30
2017-05-01 8:05,561,591,-30
2017-05-01 8:06,563,594,-31
2017-05-01 8:07,566,596,-30
2017-05-01 8:08,568,599,-31
2017-05-01 8:09,571,601,-30
2017-05-01 8:10,575,604,-29
2017-05-01 8:11,578,606,-28
2017-05-01 8:12,580,609,-29
2017-05-01 8:13,583,611,-28
2017-05-01 8:14,586,614,-28
2017-05-01 8:15,588,616,-28
2017-05-01 8:16,591,619,-28
2017-05-01 8:17,594,621,-27
2017-05-01 8:18,597,623,-26
2017-05-01 8:19,599,626,-27
2017-05-01 8:20,602,628,-26
2017-05-01 8:21,604,630,-26
2017-05-01 8:22,607,632,-25
2017-05-01 8:23,609,634,-25
2017-05-01 8:24,612,636,-24
2017-05-01 8:25,614,639,-25
2017-05-01 8:26,616,641,-25
2017-05-01 8:27,618,643,-25
2017-05-01 8:28,620,645,-25
2017-05-01 8:29,622,647,-25
2017-05-01 8:30,624,648,-24
2017-05-01 8:31,626,650,-24
2017-05-01 8:32,629,652,-23
2017-05-01 8:33,631,654,-23
2017-05-01 8:34,633,656,-23
2017-05-01 8:35,635,658,-23
2017-05-01 8:36,637,659,-22
2017-05-01 8:37,639,661,-22
2017-05-01 8:38,642,663,-21
2017-05-01 8:39,644,664,-20
2017-05-01 8:40,646,666,-20
2017-05-01 8:41,648,667,-19
2017-05-01 8:42,650,669,-19
2017-05-01 8:43,651,670,-19
2017-05-01 8:44,653,672,-19
2017-05-01 8:45,654,673,-19
2017-05-01 8:46,655,674,-19
2017-05-01 8:47,657,676,-19
2017-05-01 8:48,658,677,-19
2017-05-01 8:49,659,678,-19
2017-05-01 8:50,661,679,-18
2017-05-01 8:51,662,680,-18
2017-05-01 8:52,663,682,-19
2017-05-01 8:53,664,683,-19
2017-05-01 8:54,666,684,-18
2017-05-01 8:55,667,685,-18
2017-05-01 8:56,669,686,-17
2017-05-01 8:57,670,686,-16
2017-05-01 8:58,671,687,-16
2017-05-01 8:59,672,688,-16
2017-05-01 9:00,674,689,-15
2017-05-01 9:01,675,690,-15
2017-05-01 9:02,675,690,-15
2017-05-01 9:03,677,691,-14
2017-05-01 9:04,678,692,-14
2017-05-01 9:05,678,692,-14
2017-05-01 9:06,679,693,-14
2017-05-01 9:07,680,693,-13
2017-05-01 9:08,681,694,-13
2017-05-01 9:09,682,694,-12
2017-05-01 9:10,683,695,-12
2017-05-01 9:11,684,695,-11
2017-05-01 9:12,683,695,-12
2017-05-01 9:13,685,696,-11
2017-05-01 9:14,686,696,-10
2017-05-01 9:15,686,696,-10
2017-05-01 9:16,687,696,-9
2017-05-01 9:17,687,696,-9
2017-05-01 9:18,687,697,-10
2017-05-01 9:19,687,697,-10
2017-05-01 9:20,688,697,-9
2017-05-01 9:21,689,697,-8
2017-05-01 9:22,689,697,-8
2017-05-01 9:23,689,696,-7
2017-05-01 9:24,689,696,-7
2017-05-01 9:25,689,696,-7
2017-05-01 9:26,689,696,-7
2017-05-01 9:27,689,696,-7
2017-05-01 9:28,689,695,-6
2017-05-01 9:29,689,695,-6
2017-05-01 9:30,689,695,-6
2017-05-01 9:31,689,694,-5
2017-05-01 9:32,689,694,-5
2017-05-01 9:33,688,694,-6
2017-05-01 9:34,687,693,-6
2017-05-01 9:35,687,693,-6
2017-05-01 9:36,686,692,-6
2017-05-01 9:37,685,691,-6
2017-05-01 9:38,685,691,-6
2017-05-01 9:39,684,690,-6
2017-05-01 9:40,684,689,-5
2017-05-01 9:41,683,689,-6
2017-05-01 9:42,683,688,-5
2017-05-01 9:43,683,687,-4
2017-05-01 9:44,681,686,-5
2017-05-01 9:45,680,686,-6
2017-05-01 9:46,680,685,-5
2017-05-01 9:47,679,684,-5
2017-05-01 9:48,678,683,-5
2017-05-01 9:49,677,682,-5
2017-05-01 9:50,676,681,-5
2017-05-01 9:51,676,680,-4
2017-05-01 9:52,674,679,-5
2017-05-01 9:53,673,678,-5
2017-05-01 9:54,672,677,-5
2017-05-01 9:55,671,675,-4
2017-05-01 9:56,670,674,-4
2017-05-01 9:57,669,673,-4
2017-05-01 9:58,668,672,-4
2017-05-01 9:59,666,671,-5
2017-05-01 10:00,665,669,-4
2017-05-01 10:01,663,668,-5
2017-05-01 10:02,662,667,-5
2017-05-01 10:03,661,665,-4
2017-05-01 10:04,659,664,-5
2017-05-01 10:05,658,663,-5
2017-05-01 10:06,657,661,-4
2017-05-01 10:07,655,660,-5
2017-05-01 10:08,654,658,-4
2017-05-01 10:09,653,657,-4
2017-05-01 10:10,652,655,-3
2017-05-01 10:11,650,654,-4
2017-05-01 10:12,649,652,-3
2017-05-01 10:13,647,651,-4
2017-05-01 10:14,646,649,-3
2017-05-01 10:15,644,647,-3
2017-05-01 10:16,642,646,-4
2017-05-01 10:17,641,644,-3
2017-05-01 10:18,639,643,-4
2017-05-01 10:19,638,641,-3
2017-05-01 10:20,636,639,-3
2017-05-01 10:21,635,637,-2
2017-05-01 10:22,633,636,-3
2017-05-01 10:23,632,634,-2
2017-05-01 10:24,630,632,-2
2017-05-01 10:25,628,630,-2
2017-05-01 10:26,626,629,-3
2017-05-01 10:27,625,627,-2
2017-05-01 10:28,623,625,-2
2017-05-01 10:29,622,623,-1
2017-05-01 10:30,620,621,-1
2017-05-01 10:31,619,620,-1
2017-05-01 10:32,617,618,-1
2017-05-01 10:33,616,616,0
2017-05-01 10:34,615,614,1
2017-05-01 10:35,613,612,1
2017-05-01 10:36,612,610,2
2017-05-01 10:37,610,608,2
2017-05-01 10:38,608,606,2
2017-05-01 10:39,607,604,3
2017-05-01 10:40,605,602,3
2017-05-01 10:41,604,600,4
2017-05-01 10:42,602,599,3
2017-05-01 10:43,600,597,3
2017-05-01 10:44,598,595,3
2017-05-01 10:45,597,593,4
2017-05-01 10:46,595,591,4
2017-05-01 10:47,593,589,4
2017-05-01 10:48,592,587,5
2017-05-01 10:49,589,585,4
2017-05-01 10:50,587,583,4
2017-05-01 10:51,585,581,4
2017-05-01 10:52,583,579,4
2017-05-01 10:53,582,577,5
2017-05-01 10:54,580,575,5
2017-05-01 10:55,579,573,6
2017-05-01 10:56,577,571,6
2017-05-01 10:57,575,569,6
2017-05-01 10:58,573,566,7
2017-05-01 10:59,571,564,7
2017-05-01 11:00,569,562,7
2017-05-01 11:01,567,560,7
2017-05-01 11:02,565,558,7
2017-05-01 11:03,563,556,7
2017-05-01 11:04,562,554,8
2017-05-01 11:05,560,552,8
2017-05-01 11:06,558,550,8
2017-05-01 11:07,556,548,8
2017-05-01 11:08,554,546,8
2017-05-01 11:09,552,544,8
2017-05-01 11:10,550,542,8
2017-05-01 11:11,548,540,8
2017-05-01 11:12,546,538,8
2017-05-01 11:13,545,536,9
2017-05-01 11:14,543,534,9
2017-05-01 11:15,541,532,9
2017-05-01 11:16,539,530,9
2017-05-01 11:17,538,528,10
2017-05-01 11:18,536,526,10
2017-05-01 11:19,533,524,9
2017-05-01 11:20,531,522,9
2017-05-01 11:21,529,520,9
2017-05-01 11:22,527,518,9
2017-05-01 11:23,526,516,10
2017-05-01 11:24,524,514,10
2017-05-01 11:25,522,512,10
2017-05-01 11:26,520,510,10
2017-05-01 11:27,518,509,9
2017-05-01 11:28,516,507,9
2017-05-01 11:29,515,505,10
2017-05-01 11:30,512,503,9
2017-05-01 11:31,511,501,10
2017-05-01 11:32,509,499,10
2017-05-01 11:33,507,497,10
2017-05-01 11:34,505,495,10
2017-05-01 11:35,504,493,11
2017-05-01 11:36,502,491,11
2017-05-01 11:37,500,489,11
2017-05-01 11:38,498,488,10
2017-05-01 11:39,496,486,10
2017-05-01 11:40,494,484,10
2017-05-01 11:41,492,482,10
2017-05-01 11:42,490,480,10
2017-05-01 11:43,488,478,10
2017-05-01 11:44,487,477,10
2017-05-01 11:45,485,475,10
2017-05-01 11:46,483,473,10
2017-05-01 11:47,481,471,10
2017-05-01 11:48,479,469,10
2017-05-01 11:49,477,468,9
2017-05-01 11:50,475,466,9
2017-05-01 11:51,473,464,9
2017-05-01 11:52,471,462,9
2017-05-01 11:53,469,461,8
2017-05-01 11:54,468,459,9
2017-05-01 11:55,466,457,9
2017-05-01 11:56,464,455,9
2017-05-01 11:57,462,454,8
2017-05-01 11:58,461,452,9
2017-05-01 11:59,458,450,8
2017-05-01 12:00,456,449,7
2017-05-01 12:01,454,447,7
2017-05-01 12:02,453,445,8
2017-05-01 12:03,451,444,7
2017-05-01 12:04,449,442,7
2017-05-01 12:05,448,440,8
2017-05-01 12:06,446,439,7
2017-05-01 12:07,444,437,7
2017-05-01 12:08,442,435,7
2017-05-01 12:09,440,434,6
2017-05-01 12:10,439,432,7
2017-05-01 12:11,437,431,6
2017-05-01 12:12,435,429,6
2017-05-01 12:13,433,427,6
2017-05-01 12:14,431,426,5
2017-05-01 12:15,429,424,5
2017-05-01 12:16,428,423,5
2017-05-01 12:17,426,421,5
2017-05-01 12:18,425,420,5
2017-05-01 12:19,423,418,5
2017-05-01 12:20,421,416,5
2017-05-01 12:21,419,415,4
2017-05-01 12:22,417,413,4
2017-05-01 12:23,415,412,3
2017-05-01 12:24,413,410,3
2017-05-01 12:25,412,409,3
2017-05-01 12:26,410,407,3
2017-05-01 12:27,408,406,2
2017-05-01 12:28,407,404,3
2017-05-01 12:29,405,403,2
2017-05-01 12:30,403,401,2
2017-05-01 12:31,401,400,1
2017-05-01 12:32,400,399,1
2017-05-01 12:33,398,397,1
2017-05-01 12:34,396,396,0
2017-05-01 12:35,395,394,1
2017-05-01 12:36,393,393,0
2017-05-01 12:37,392,391,1
2017-05-01 12:38,390,390,0
2017-05-01 12:39,388,388,0
2017-05-01 12:40,386,387,-1
2017-05-01 12:41,385,386,-1
2017-05-01 12:42,383,384,-1
2017-05-01 12:43,381,383,-2
2017-05-01 12:44,379,381,-2
2017-05-01 12:45,378,380,-2
2017-05-01 12:46,376,379,-3
2017-05-01 12:47,375,377,-2
2017-05-01 12:48,373,376,-3
2017-05-01 12:49,371,374,-3
2017-05-01 12:50,370,373,-3
2017-05-01 12:51,368,372,-4
2017-05-01 12:52,366,370,-4
2017-05-01 12:53,365,369,-4
2017-05-01 12:54,363,368,-5
2017-05-01 12:55,361,366,-5
2017-05-01 12:56,359,365,-6
2017-05-01 12:57,358,363,-5
2017-05-01 12:58,356,362,-6
2017-05-01 12:59,354,361,-7
2017-05-01 13:00,353,359,-6
2017-05-01 13:01,351,358,-7
2017-05-01 13:02,350,357,-7
2017-05-01 13:03,348,355,-7
2017-05-01 13:04,346,354,-8
2017-05-01 13:05,344,353,-9
2017-05-01 13:06,343,351,-8
2017-05-01 13:07,341,350,-9
2017-05-01 13:08,340,349,-9
2017-05-01 13:09,338,347,-9
2017-05-01 13:10,336,346,-10
2017-05-01 13:11,335,345,-10
2017-05-01 13:12,333,343,-10
2017-05-01 13:13,331,342,-11
2017-05-01 13:14,330,340,-10
2017-05-01 13:15,328,339,-11
2017-05-01 13:16,327,338,-11
2017-05-01 13:17,325,336,-11
2017-05-01 13:18,323,335,-12
2017-05-01 13:19,322,334,-12
2017-05-01 13:20,320,332,-12
2017-05-01 13:21,319,331,-12
2017-05-01 13:22,317,330,-13
2017-05-01 13:23,316,328,-12
2017-05-01 13:24,314,327,-13
2017-05-01 13:25,313,326,-13
2017-05-01 13:26,311,324,-13
2017-05-01 13:27,309,323,-14
2017-05-01 13:28,308,322,-14
2017-05-01 13:29,306,320,-14
2017-05-01 13:30,305,319,-14
2017-05-01 13:31,303,318,-15
2017-05-01 13:32,302,316,-14
2017-05-01 13:33,300,315,-15
2017-05-01 13:34,299,314,-15
2017-05-01 13:35,298,312,-14
2017-05-01 13:36,296,311,-15
2017-05-01 13:37,294,309,-15
2017-05-01 13:38,293,308,-15
2017-05-01 13:39,291,307,-16
2017-05-01 13:40,290,305,-15
2017-05-01 13:41,288,304,-16
2017-05-01 13:42,287,303,-16
2017-05-01 13:43,285,301,-16
2017-05-01 13:44,284,300,-16
2017-05-01 13:45,282,299,-17
2017-05-01 13:46,281,297,-16
2017-05-01 13:47,280,296,-16
2017-05-01 13:48,278,294,-16
2017-05-01 13:49,277,293,-16
2017-05-01 13:50,275,292,-17
2017-05-01 13:51,274,290,-16
2017-05-01 13:52,272,289,-17
2017-05-01 13:53,271,288,-17
2017-05-01 13:54,269,286,-17
2017-05-01 13:55,268,285,-17
2017-05-01 13:56,267,283,-16
2017-05-01 13:57,265,282,-17
2017-05-01 13:58,264,281,-17
2017-05-01 13:59,263,279,-16
2017-05-01 14:00,261,278,-17
2017-05-01 14:01,260,277,-17
2017-05-01 14:02,259,275,-16
2017-05-01 14:03,257,274,-17
2017-05-01 14:04,256,272,-16
2017-05-01 14:05,255,271,-16
2017-05-01 14:06,254,270,-16
2017-05-01 14:07,252,268,-16
2017-05-01 14:08,251,267,-16
2017-05-01 14:09,250,265,-15
2017-05-01 14:10,248,264,-16
2017-05-01 14:11,247,263,-16
2017-05-01 14:12,245,261,-16
2017-05-01 14:13,244,260,-16
2017-05-01 14:14,243,259,-16
2017-05-01 14:15,242,257,-15
2017-05-01 14:16,240,256,-16
2017-05-01 14:17,239,254,-15
2017-05-01 14:18,238,253,-15
2017-05-01 14:19,236,252,-16
2017-05-01 14:20,235,250,-15
2017-05-01 14:21,234,249,-15
2017-05-01 14:22,232,247,-15
2017-05-01 14:23,231,246,-15
2017-05-01 14:24,230,245,-15
2017-05-01 14:25,228,243,-15
2017-05-01 14:26,227,242,-15
2017-05-01 14:27,226,241,-15
2017-05-01 14:28,225,239,-14
2017-05-01 14:29,224,238,-14
2017-05-01 14:30,223,236,-13
2017-05-01 14:31,222,235,-13
2017-05-01 14:32,220,234,-14
2017-05-01 14:33,219,232,-13
2017-05-01 14:34,218,231,-13
2017-05-01 14:35,217,230,-13
2017-05-01 14:36,215,228,-13
2017-05-01 14:37,214,227,-13
2017-05-01 14:38,213,226,-13
2017-05-01 14:39,211,224,-13
2017-05-01 14:40,210,223,-13
2017-05-01 14:41,209,222,-13
2017-05-01 14:42,208,220,-12
2017-05-01 14:43,207,219,-12
2017-05-01 14:44,206,218,-12
2017-05-01 14:45,204,216,-12
2017-05-01 14:46,203,215,-12
2017-05-01 14:47,202,214,-12
2017-05-01 14:48,201,212,-11
2017-05-01 14:49,199,211,-12
2017-05-01 14:50,198,210,-12
2017-05-01 14:51,197,208,-11
2017-05-01 14:52,196,207,-11
2017-05-01 14:53,195,206,-11
2017-05-01 14:54,194,205,-11
2017-05-01 14:55,193,203,-10
2017-05-01 14:56,192,202,-10
2017-05-01 14:57,190,201,-11
2017-05-01 14:58,189,200,-11
2017-05-01 14:59,188,198,-10
2017-05-01 15:00,187,197,-10
2017-05-01 15:01,186,196,-10
2017-05-01 15:02,185,195,-10
2017-05-01 15:03,184,193,-9
2017-05-01 15:04,182,192,-10
2017-05-01 15:05,180,191,-11
2017-05-01 15:06,179,190,-11
2017-05-01 15:07,178,189,-11
2017-05-01 15:08,177,187,-10
2017-05-01 15:09,175,186,-11
2017-05-01 15:10,174,185,-11
2017-05-01 15:11,173,184,-11
2017-05-01 15:12,172,183,-11
2017-05-01 15:13,171,182,-11
2017-05-01 15:14,170,180,-10
2017-05-01 15:15,169,179,-10
2017-05-01 15:16,168,178,-10
2017-05-01 15:17,167,177,-10
2017-05-01 15:18,166,176,-10
2017-05-01 15:19,164,175,-11
2017-05-01 15:20,163,174,-11
2017-05-01 15:21,162,173,-11
2017-05-01 15:22,161,172,-11
2017-05-01 15:23,160,171,-11
2017-05-01 15:24,159,169,-10
2017-05-01 15:25,157,168,-11
2017-05-01 15:26,156,167,-11
2017-05-01 15:27,155,166,-11
2017-05-01 15:28,154,165,-11
2017-05-01 15:29,153,164,-11
2017-05-01 15:30,152,163,-11
2017-05-01 15:31,151,162,-11
2017-05-01 15:32,150,161,-11
2017-05-01 15:33,149,160,-11
2017-05-01 15:34,148,160,-12
2017-05-01 15:35,146,159,-13
2017-05-01 15:36,146,158,-12
2017-05-01 15:37,145,157,-12
2017-05-01 15:38,143,156,-13
2017-05-01 15:39,142,155,-13
2017-05-01 15:40,141,154,-13
2017-05-01 15:41,140,153,-13
2017-05-01 15:42,138,152,-14
2017-05-01 15:43,137,152,-15
2017-05-01 15:44,136,151,-15
2017-05-01 15:45,135,150,-15
2017-05-01 15:46,134,149,-15
2017-05-01 15:47,133,148,-15
2017-05-01 15:48,132,147,-15
2017-05-01 15:49,131,147,-16
2017-05-01 15:50,130,146,-16
2017-05-01 15:51,129,145,-16
2017-05-01 15:52,128,144,-16
2017-05-01 15:53,128,144,-16
2017-05-01 15:54,126,143,-17
2017-05-01 15:55,126,142,-16
2017-05-01 15:56,124,142,-18
2017-05-01 15:57,123,141,-18
2017-05-01 15:58,122,140,-18
2017-05-01 15:59,121,140,-19
2017-05-01 16:00,120,139,-19
2017-05-01 16:01,119,138,-19
2017-05-01 16:02,119,138,-19
2017-05-01 16:03,117,137,-20
2017-05-01 16:04,116,137,-21
2017-05-01 16:05,114,136,-22
2017-05-01 16:06,116,136,-20
2017-05-01 16:07,114,135,-21
2017-05-01 16:08,112,135,-23
2017-05-01 16:09,111,134,-23
2017-05-01 16:10,109,134,-25
2017-05-01 16:11,110,133,-23
2017-05-01 16:12,108,133,-25
2017-05-01 16:13,109,132,-23
2017-05-01 16:14,107,132,-25
2017-05-01 16:15,105,131,-26
2017-05-01 16:16,105,131,-26
2017-05-01 16:17,105,131,-26
2017-05-01 16:18,103,130,-27
2017-05-01 16:19,103,130,-27
2017-05-01 16:20,101,129,-28
2017-05-01 16:21,100,129,-29
2017-05-01 16:22,100,129,-29
2017-05-01 16:23,99,129,-30
2017-05-01 16:24,98,128,-30
2017-05-01 16:25,98,128,-30
2017-05-01 16:26,97,128,-31
2017-05-01 16:27,97,128,-31
2017-05-01 16:28,95,127,-32
2017-05-01 16:29,95,127,-32
2017-05-01 16:30,95,127,-32
2017-05-01 16:31,94,127,-33
2017-05-01 16:32,94,127,-33
2017-05-01 16:33,93,126,-33
2017-05-01 16:34,93,126,-33
2017-05-01 16:35,93,126,-33
2017-05-01 16:36,91,126,-35
2017-05-01 16:37,90,126,-36
2017-05-01 16:38,90,126,-36
2017-05-01 16:39,89,126,-37
2017-05-01 16:40,88,126,-38
2017-05-01 16:41,88,126,-38
2017-05-01 16:42,88,126,-38
2017-05-01 16:43,88,126,-38
2017-05-01 16:44,86,126,-40
2017-05-01 16:45,87,126,-39
2017-05-01 16:46,86,126,-40
2017-05-01 16:47,86,126,-40
2017-05-01 16:48,86,126,-40
2017-05-01 16:49,85,126,-41
2017-05-01 16:50,85,127,-42
2017-05-01 16:51,85,127,-42
2017-05-01 16:52,86,127,-41
2017-05-01 16:53,86,127,-41
2017-05-01 16:54,86,127,-41
2017-05-01 16:55,87,128,-41
2017-05-01 16:56,88,128,-40
2017-05-01 16:57,89,128,-39
2017-05-01 16:58,89,128,-39
2017-05-01 16:59,90,129,-39
2017-05-01 17:00,90,129,-39
2017-05-01 17:01,92,129,-37
2017-05-01 17:02,93,130,-37
2017-05-01 17:03,94,130,-36
2017-05-01 17:04,97,130,-33
2017-05-01 17:05,99,131,-32
2017-05-01 17:06,100,131,-31
2017-05-01 17:07,102,132,-30
2017-05-01 17:08,104,132,-28
2017-05-01 17:09,106,133,-27
2017-05-01 17:10,108,133,-25
2017-05-01 17:11,111,134,-23
2017-05-01 17:12,113,134,-21
2017-05-01 17:13,114,135,-21
2017-05-01 17:14,117,135,-18
2017-05-01 17:15,118,136,-18
2017-05-01 17:16,120,136,-16
2017-05-01 17:17,122,137,-15
2017-05-01 17:18,124,138,-14
2017-05-01 17:19,126,138,-12
2017-05-01 17:20,128,139,-11
2017-05-01 17:21,129,140,-11
2017-05-01 17:22,131,140,-9
2017-05-01 17:23,132,141,-9
2017-05-01 17:24,134,142,-8
2017-05-01 17:25,136,143,-7
2017-05-01 17:26,137,143,-6
2017-05-01 17:27,139,144,-5
2017-05-01 17:28,140,145,-5
2017-05-01 17:29,142,146,-4
2017-05-01 17:30,143,147,-4
2017-05-01 17:31,145,147,-2
2017-05-01 17:32,146,148,-2
2017-05-01 17:33,147,149,-2
2017-05-01 17:34,149,150,-1
2017-05-01 17:35,150,151,-1
2017-05-01 17:36,151,152,-1
2017-05-01 17:37,153,153,0
2017-05-01 17:38,154,154,0
2017-05-01 17:39,155,155,0
2017-05-01 17:40,157,156,1
2017-05-01 17:41,158,157,1
2017-05-01 17:42,159,158,1
2017-05-01 17:43,160,159,1
2017-05-01 17:44,162,160,2
2017-05-01 17:45,163,162,1
2017-05-01 17:46,164,163,1
2017-05-01 17:47,165,164,1
2017-05-01 17:48,166,165,1
2017-05-01 17:49,167,166,1
2017-05-01 17:50,168,168,0
2017-05-01 17:51,169,169,0
2017-05-01 17:52,170,170,0
2017-05-01 17:53,171,171,0
2017-05-01 17:54,172,173,-1
2017-05-01 17:55,172,174,-2
2017-05-01 17:56,173,175,-2
2017-05-01 17:57,174,177,-3
2017-05-01 17:58,175,178,-3
2017-05-01 17:59,176,179,-3
2017-05-01 18:00,176,181,-5
2017-05-01 18:01,177,182,-5
2017-05-01 18:02,178,184,-6
2017-05-01 18:03,179,185,-6
2017-05-01 18:04,180,187,-7
2017-05-01 18:05,181,188,-7
2017-05-01 18:06,182,190,-8
2017-05-01 18:07,183,191,-8
2017-05-01 18:08,183,193,-10
2017-05-01 18:09,185,195,-10
2017-05-01 18:10,186,196,-10
2017-05-01 18:11,187,198,-11
2017-05-01 18:12,188,199,-11
2017-05-01 18:13,189,201,-12
2017-05-01 18:14,190,203,-13
2017-05-01 18:15,192,204,-12
2017-05-01 18:16,193,206,-13
2017-05-01 18:17,194,208,-14
2017-05-01 18:18,196,210,-14
2017-05-01 18:19,197,211,-14
2017-05-01 18:20,198,213,-15
2017-05-01 18:21,200,215,-15
2017-05-01 18:22,202,217,-15
2017-05-01 18:23,203,219,-16
2017-05-01 18:24,205,220,-15
2017-05-01 18:25,207,222,-15
2017-05-01 18:26,208,224,-16
2017-05-01 18:27,210,226,-16
2017-05-01 18:28,212,228,-16
2017-05-01 18:29,213,230,-17
2017-05-01 18:30,215,232,-17
2017-05-01 18:31,217,234,-17
2017-05-01 18:32,219,236,-17
2017-05-01 18:33,221,238,-17
2017-05-01 18:34,223,240,-17
2017-05-01 18:35,225,242,-17
2017-05-01 18:36,227,244,-17
2017-05-01 18:37,229,246,-17
2017-05-01 18:38,231,248,-17
2017-05-01 18:39,233,250,-17
2017-05-01 18:40,235,252,-17
2017-05-01 18:41,237,255,-18
2017-05-01 18:42,240,257,-17
2017-05-01 18:43,242,259,-17
2017-05-01 18:44,244,261,-17
2017-05-01 18:45,246,263,-17
2017-05-01 18:46,249,265,-16
2017-05-01 18:47,251,268,-17
2017-05-01 18:48,254,270,-16
2017-05-01 18:49,256,272,-16
2017-05-01 18:50,259,274,-15
2017-05-01 18:51,261,277,-16
2017-05-01 18:52,264,279,-15
2017-05-01 18:53,266,281,-15
2017-05-01 18:54,269,283,-14
2017-05-01 18:55,272,286,-14
2017-05-01 18:56,274,288,-14
2017-05-01 18:57,277,290,-13
2017-05-01 18:58,280,293,-13
2017-05-01 18:59,282,295,-13
2017-05-01 19:00,285,298,-13
2017-05-01 19:01,288,300,-12
2017-05-01 19:02,290,302,-12
2017-05-01 19:03,293,305,-12
2017-05-01 19:04,296,307,-11
2017-05-01 19:05,298,310,-12
2017-05-01 19:06,301,312,-11
2017-05-01 19:07,303,315,-12
2017-05-01 19:08,306,317,-11
2017-05-01 19:09,309,319,-10
2017-05-01 19:10,311,322,-11
2017-05-01 19:11,314,324,-10
2017-05-01 19:12,316,327,-11
2017-05-01 19:13,319,329,-10
2017-05-01 19:14,321,332,-11
2017-05-01 19:15,323,334,-11
2017-05-01 19:16,326,337,-11
2017-05-01 19:17,328,339,-11
2017-05-01 19:18,331,342,-11
2017-05-01 19:19,333,344,-11
2017-05-01 19:20,335,347,-12
2017-05-01 19:21,338,350,-12
2017-05-01 19:22,340,352,-12
2017-05-01 19:23,342,355,-13
2017-05-01 19:24,345,357,-12
2017-05-01 19:25,348,360,-12
2017-05-01 19:26,350,362,-12
2017-05-01 19:27,353,365,-12
2017-05-01 19:28,355,367,-12
2017-05-01 19:29,358,370,-12
2017-05-01 19:30,360,373,-13
2017-05-01 19:31,362,375,-13
2017-05-01 19:32,365,378,-13
2017-05-01 19:33,367,380,-13
2017-05-01 19:34,370,383,-13
2017-05-01 19:35,372,385,-13
2017-05-01 19:36,375,388,-13
2017-05-01 19:37,378,391,-13
2017-05-01 19:38,380,393,-13
2017-05-01 19:39,383,396,-13
2017-05-01 19:40,386,398,-12
2017-05-01 19:41,388,401,-13
2017-05-01 19:42,390,403,-13
2017-05-01 19:43,393,406,-13
2017-05-01 19:44,395,409,-14
2017-05-01 19:45,398,411,-13
2017-05-01 19:46,400,414,-14
2017-05-01 19:47,403,416,-13
2017-05-01 19:48,405,419,-14
2017-05-01 19:49,408,421,-13
2017-05-01 19:50,410,424,-14
2017-05-01 19:51,413,426,-13
2017-05-01 19:52,415,429,-14
2017-05-01 19:53,417,431,-14
2017-05-01 19:54,419,434,-15
2017-05-01 19:55,422,436,-14
2017-05-01 19:56,425,439,-14
2017-05-01 19:57,427,441,-14
2017-05-01 19:58,429,444,-15
2017-05-01 19:59,432,446,-14
2017-05-01 20:00,434,449,-15
2017-05-01 20:01,436,451,-15
2017-05-01 20:02,439,453,-14
2017-05-01 20:03,441,456,-15
2017-05-01 20:04,443,458,-15
2017-05-01 20:05,446,461,-15
2017-05-01 20:06,448,463,-15
2017-05-01 20:07,450,465,-15
2017-05-01 20:08,452,468,-16
2017-05-01 20:09,455,470,-15
2017-05-01 20:10,456,472,-16
2017-05-01 20:11,459,475,-16
2017-05-01 20:12,461,477,-16
2017-05-01 20:13,463,479,-16
2017-05-01 20:14,465,481,-16
2017-05-01 20:15,467,484,-17
2017-05-01 20:16,469,486,-17
2017-05-01 20:17,470,488,-18
2017-05-01 20:18,472,490,-18
2017-05-01 20:19,474,492,-18
2017-05-01 20:20,476,495,-19
2017-05-01 20:21,478,497,-19
2017-05-01 20:22,480,499,-19
2017-05-01 20:23,482,501,-19
2017-05-01 20:24,484,503,-19
2017-05-01 20:25,487,505,-18
2017-05-01 20:26,488,507,-19
2017-05-01 20:27,490,509,-19
2017-05-01 20:28,492,511,-19
2017-05-01 20:29,494,513,-19
2017-05-01 20:30,496,515,-19
2017-05-01 20:31,498,517,-19
2017-05-01 20:32,500,519,-19
2017-05-01 20:33,502,521,-19
2017-05-01 20:34,504,523,-19
2017-05-01 20:35,506,524,-18
2017-05-01 20:36,507,526,-19
2017-05-01 20:37,510,528,-18
2017-05-01 20:38,512,530,-18
2017-05-01 20:39,513,532,-19
2017-05-01 20:40,515,533,-18
2017-05-01 20:41,517,535,-18
2017-05-01 20:42,519,537,-18
2017-05-01 20:43,521,538,-17
2017-05-01 20:44,523,540,-17
2017-05-01 20:45,524,541,-17
2017-05-01 20:46,526,543,-17
2017-05-01 20:47,528,544,-16
2017-05-01 20:48,530,546,-16
2017-05-01 20:49,532,547,-15
2017-05-01 20:50,534,549,-15
2017-05-01 20:51,536,550,-14
2017-05-01 20:52,537,552,-15
2017-05-01 20:53,539,553,-14
2017-05-01 20:54,541,554,-13
2017-05-01 20:55,542,556,-14
2017-05-01 20:56,544,557,-13
2017-05-01 20:57,546,558,-12
2017-05-01 20:58,547,560,-13
2017-05-01 20:59,549,561,-12
2017-05-01 21:00,550,562,-12
2017-05-01 21:01,552,563,-11
2017-05-01 21:02,554,564,-10
2017-05-01 21:03,555,565,-10
2017-05-01 21:04,557,566,-9
2017-05-01 21:05,558,567,-9
2017-05-01 21:06,559,568,-9
2017-05-01 21:07,560,569,-9
2017-05-01 21:08,561,570,-9
2017-05-01 21:09,563,571,-8
2017-05-01 21:10,564,572,-8
2017-05-01 21:11,565,573,-8
2017-05-01 21:12,566,573,-7
2017-05-01 21:13,567,574,-7
2017-05-01 21:14,568,575,-7
2017-05-01 21:15,569,576,-7
2017-05-01 21:16,571,576,-5
2017-05-01 21:17,572,577,-5
2017-05-01 21:18,572,578,-6
2017-05-01 21:19,574,578,-4
2017-05-01 21:20,575,579,-4
2017-05-01 21:21,576,579,-3
2017-05-01 21:22,576,580,-4
2017-05-01 21:23,577,580,-3
2017-05-01 21:24,578,581,-3
2017-05-01 21:25,579,581,-2
2017-05-01 21:26,579,581,-2
2017-05-01 21:27,580,582,-2
2017-05-01 21:28,580,582,-2
2017-05-01 21:29,581,582,-1
2017-05-01 21:30,581,582,-1
2017-05-01 21:31,582,583,-1
2017-05-01 21:32,582,583,-1
2017-05-01 21:33,582,583,-1
2017-05-01 21:34,582,583,-1
2017-05-01 21:35,582,583,-1
2017-05-01 21:36,582,583,-1
2017-05-01 21:37,582,583,-1
2017-05-01 21:38,582,583,-1
2017-05-01 21:39,582,583,-1
2017-05-01 21:40,583,583,0
2017-05-01 21:41,583,583,0
2017-05-01 21:42,583,583,0
2017-05-01 21:43,583,583,0
2017-05-01 21:44,583,582,1
2017-05-01 21:45,583,582,1
2017-05-01 21:46,583,582,1
2017-05-01 21:47,583,582,1
2017-05-01 21:48,583,581,2
2017-05-01 21:49,583,581,2
2017-05-01 21:50,583,581,2
2017-05-01 21:51,583,580,3
2017-05-01 21:52,582,580,2
2017-05-01 21:53,582,579,3
2017-05-01 21:54,582,579,3
2017-05-01 21:55,581,578,3
2017-05-01 21:56,580,578,2
2017-05-01 21:57,580,577,3
2017-05-01 21:58,579,577,2
2017-05-01 21:59,579,576,3
2017-05-01 22:00,578,575,3
2017-05-01 22:01,578,575,3
2017-05-01 22:02,577,574,3
2017-05-01 22:03,576,573,3
2017-05-01 22:04,575,572,3
2017-05-01 22:05,574,572,2
2017-05-01 22:06,573,571,2
2017-05-01 22:07,571,570,1
2017-05-01 22:08,571,569,2
2017-05-01 22:09,569,568,1
2017-05-01 22:10,568,567,1
2017-05-01 22:11,567,567,0
2017-05-01 22:12,566,566,0
2017-05-01 22:13,565,565,0
2017-05-01 22:14,564,564,0
2017-05-01 22:15,563,563,0
2017-05-01 22:16,561,562,-1
2017-05-01 22:17,560,560,0
2017-05-01 22:18,559,559,0
2017-05-01 22:19,558,558,0
2017-05-01 22:20,557,557,0
2017-05-01 22:21,555,556,-1
2017-05-01 22:22,554,555,-1
2017-05-01 22:23,553,554,-1
2017-05-01 22:24,551,552,-1
2017-05-01 22:25,550,551,-1
2017-05-01 22:26,549,550,-1
2017-05-01 22:27,547,549,-2
2017-05-01 22:28,546,547,-1
2017-05-01 22:29,544,546,-2
2017-05-01 22:30,543,545,-2
2017-05-01 22:31,542,544,-2
2017-05-01 22:32,541,542,-1
2017-05-01 22:33,539,541,-2
2017-05-01 22:34,538,539,-1
2017-05-01 22:35,537,538,-1
2017-05-01 22:36,536,537,-1
2017-05-01 22:37,535,535,0
2017-05-01 22:38,533,534,-1
2017-05-01 22:39,532,532,0
2017-05-01 22:40,530,531,-1
2017-05-01 22:41,529,529,0
2017-05-01 22:42,528,528,0
2017-05-01 22:43,527,526,1
2017-05-01 22:44,525,525,0
2017-05-01 22:45,524,523,1
2017-05-01 22:46,523,522,1
2017-05-01 22:47,521,520,1
2017-05-01 22:48,520,519,1
2017-05-01 22:49,519,517,2
2017-05-01 22:50,517,516,1
2017-05-01 22:51,516,514,2
2017-05-01 22:52,514,512,2
2017-05-01 22:53,513,511,2
2017-05-01 22:54,512,509,3
2017-05-01 22:55,510,507,3
2017-05-01 22:56,509,506,3
2017-05-01 22:57,507,504,3
2017-05-01 22:58,505,503,2
2017-05-01 22:59,504,501,3
2017-05-01 23:00,502,499,3
2017-05-01 23:01,501,498,3
2017-05-01 23:02,499,496,3
2017-05-01 23:03,498,494,4
2017-05-01 23:04,496,492,4
2017-05-01 23:05,494,491,3
2017-05-01 23:06,493,489,4
2017-05-01 23:07,491,487,4
2017-05-01 23:08,489,486,3
2017-05-01 23:09,488,484,4
2017-05-01 23:10,486,482,4
2017-05-01 23:11,484,481,3
2017-05-01 23:12,483,479,4
2017-05-01 23:13,481,477,4
2017-05-01 23:14,479,475,4
2017-05-01 23:15,478,474,4
2017-05-01 23:16,476,472,4
2017-05-01 23:17,474,470,4
2017-05-01 23:18,472,468,4
2017-05-01 23:19,471,467,4
2017-05-01 23:20,469,465,4
2017-05-01 23:21,468,463,5
2017-05-01 23:22,466,462,4
2017-05-01 23:23,465,460,5
2017-05-01 23:24,463,458,5
2017-05-01 23:25,461,456,5
2017-05-01 23:26,459,455,4
2017-05-01 23:27,458,453,5
2017-05-01 23:28,456,451,5
2017-05-01 23:29,454,449,5
2017-05-01 23:30,452,448,4
2017-05-01 23:31,451,446,5
2017-05-01 23:32,449,444,5
2017-05-01 23:33,447,443,4
2017-05-01 23:34,446,441,5
2017-05-01 23:35,444,439,5
2017-05-01 23:36,442,437,5
2017-05-01 23:37,441,436,5
2017-05-01 23:38,439,434,5
2017-05-01 23:39,437,432,5
2017-05-01 23:40,435,431,4
2017-05-01 23:41,434,429,5
2017-05-01 23:42,432,427,5
2017-05-01 23:43,430,426,4
2017-05-01 23:44,429,424,5
2017-05-01 23:45,427,422,5
2017-05-01 23:46,425,421,4
2017-05-01 23:47,423,419,4
2017-05-01 23:48,422,417,5
2017-05-01 23:49,420,416,4
2017-05-01 23:50,418,414,4
2017-05-01 23:51,416,412,4
2017-05-01 23:52,415,411,4
2017-05-01 23:53,413,409,4
2017-05-01 23:54,411,408,3
2017-05-01 23:55,410,406,4
2017-05-01 23:56,408,404,4
2017-05-01 23:57,406,403,3
2017-05-01 23:58,404,401,3
2017-05-01 23:59,403,399,4
2017-05-02 0:00,-,398,-
