관측시간,실측조위(Cm),예측조위(Cm),잔차(Cm)
2018-04-30 0:00,136,119,17
2018-04-30 0:01,135,118,17
2018-04-30 0:02,134,117,17
2018-04-30 0:03,133,116,17
2018-04-30 0:04,132,115,17
2018-04-30 0:05,131,114,17
2018-04-30 0:06,130,113,17
2018-04-30 0:07,129,112,17
2018-04-30 0:08,128,111,17
2018-04-30 0:09,128,110,18
2018-04-30 0:10,126,109,17
2018-04-30 0:11,126,108,18
2018-04-30 0:12,125,107,18
2018-04-30 0:13,124,106,18
2018-04-30 0:14,123,105,18
2018-04-30 0:15,121,104,17
2018-04-30 0:16,121,103,18
2018-04-30 0:17,120,103,17
2018-04-30 0:18,119,102,17
2018-04-30 0:19,118,101,17
2018-04-30 0:20,117,100,17
2018-04-30 0:21,116,99,17
2018-04-30 0:22,115,98,17
2018-04-30 0:23,114,98,16
2018-04-30 0:24,113,97,16
2018-04-30 0:25,113,96,17
2018-04-30 0:26,112,95,17
2018-04-30 0:27,111,95,16
2018-04-30 0:28,110,94,16
2018-04-30 0:29,109,93,16
2018-04-30 0:30,108,93,15
2018-04-30 0:31,107,92,15
2018-04-30 0:32,107,91,16
2018-04-30 0:33,106,91,15
2018-04-30 0:34,105,90,15
2018-04-30 0:35,104,90,14
2018-04-30 0:36,103,89,14
2018-04-30 0:37,102,89,13
2018-04-30 0:38,101,88,13
2018-04-30 0:39,100,88,12
2018-04-30 0:40,99,87,12
2018-04-30 0:41,98,87,11
2018-04-30 0:42,97,86,11
2018-04-30 0:43,97,86,11
2018-04-30 0:44,96,85,11
2018-04-30 0:45,95,85,10
2018-04-30 0:46,94,84,10
2018-04-30 0:47,94,84,10
2018-04-30 0:48,93,84,9
2018-04-30 0:49,92,83,9
2018-04-30 0:50,91,83,8
2018-04-30 0:51,91,83,8
2018-04-30 0:52,90,82,8
2018-04-30 0:53,89,82,7
2018-04-30 0:54,88,82,6
2018-04-30 0:55,87,82,5
2018-04-30 0:56,86,81,5
2018-04-30 0:57,86,81,5
2018-04-30 0:58,85,81,4
2018-04-30 0:59,84,81,3
2018-04-30 1:00,83,81,2
2018-04-30 1:01,82,80,2
2018-04-30 1:02,81,80,1
2018-04-30 1:03,81,80,1
2018-04-30 1:04,80,80,0
2018-04-30 1:05,80,80,0
2018-04-30 1:06,79,80,-1
2018-04-30 1:07,78,80,-2
2018-04-30 1:08,77,80,-3
2018-04-30 1:09,77,80,-3
2018-04-30 1:10,76,80,-4
2018-04-30 1:11,75,80,-5
2018-04-30 1:12,75,80,-5
2018-04-30 1:13,74,80,-6
2018-04-30 1:14,73,80,-7
2018-04-30 1:15,73,80,-7
2018-04-30 1:16,72,80,-8
2018-04-30 1:17,72,81,-9
2018-04-30 1:18,72,81,-9
2018-04-30 1:19,71,81,-10
2018-04-30 1:20,70,81,-11
2018-04-30 1:21,70,81,-11
2018-04-30 1:22,70,82,-12
2018-04-30 1:23,70,82,-12
2018-04-30 1:24,70,82,-12
2018-04-30 1:25,70,83,-13
2018-04-30 1:26,69,83,-14
2018-04-30 1:27,69,83,-14
2018-04-30 1:28,69,84,-15
2018-04-30 1:29,69,84,-15
2018-04-30 1:30,70,84,-14
2018-04-30 1:31,70,85,-15
2018-04-30 1:32,71,85,-14
2018-04-30 1:33,72,86,-14
2018-04-30 1:34,73,86,-13
2018-04-30 1:35,74,87,-13
2018-04-30 1:36,75,87,-12
2018-04-30 1:37,77,88,-11
2018-04-30 1:38,79,88,-9
2018-04-30 1:39,81,89,-8
2018-04-30 1:40,83,89,-6
2018-04-30 1:41,86,90,-4
2018-04-30 1:42,89,91,-2
2018-04-30 1:43,91,91,0
2018-04-30 1:44,94,92,2
2018-04-30 1:45,96,93,3
2018-04-30 1:46,99,93,6
2018-04-30 1:47,101,94,7
2018-04-30 1:48,104,95,9
2018-04-30 1:49,106,96,10
2018-04-30 1:50,109,97,12
2018-04-30 1:51,110,97,13
2018-04-30 1:52,112,98,14
2018-04-30 1:53,114,99,15
2018-04-30 1:54,116,100,16
2018-04-30 1:55,118,101,17
2018-04-30 1:56,120,102,18
2018-04-30 1:57,121,103,18
2018-04-30 1:58,123,104,19
2018-04-30 1:59,125,105,20
2018-04-30 2:00,128,106,22
2018-04-30 2:01,130,107,23
2018-04-30 2:02,131,108,23
2018-04-30 2:03,133,109,24
2018-04-30 2:04,134,110,24
2018-04-30 2:05,136,111,25
2018-04-30 2:06,138,112,26
2018-04-30 2:07,139,114,25
2018-04-30 2:08,141,115,26
2018-04-30 2:09,143,116,27
2018-04-30 2:10,144,117,27
2018-04-30 2:11,146,119,27
2018-04-30 2:12,147,120,27
2018-04-30 2:13,149,121,28
2018-04-30 2:14,150,123,27
2018-04-30 2:15,151,124,27
2018-04-30 2:16,153,125,28
2018-04-30 2:17,154,127,27
2018-04-30 2:18,156,128,28
2018-04-30 2:19,157,130,27
2018-04-30 2:20,159,131,28
2018-04-30 2:21,160,133,27
2018-04-30 2:22,162,134,28
2018-04-30 2:23,163,136,27
2018-04-30 2:24,165,137,28
2018-04-30 2:25,166,139,27
2018-04-30 2:26,167,140,27
2018-04-30 2:27,168,142,26
2018-04-30 2:28,169,144,25
2018-04-30 2:29,170,145,25
2018-04-30 2:30,172,147,25
2018-04-30 2:31,173,149,24
2018-04-30 2:32,174,151,23
2018-04-30 2:33,175,152,23
2018-04-30 2:34,176,154,22
2018-04-30 2:35,178,156,22
2018-04-30 2:36,179,158,21
2018-04-30 2:37,180,160,20
2018-04-30 2:38,182,162,20
2018-04-30 2:39,183,164,19
2018-04-30 2:40,184,166,18
2018-04-30 2:41,185,167,18
2018-04-30 2:42,187,169,18
2018-04-30 2:43,188,171,17
2018-04-30 2:44,189,174,15
2018-04-30 2:45,191,176,15
2018-04-30 2:46,192,178,14
2018-04-30 2:47,194,180,14
2018-04-30 2:48,195,182,13
2018-04-30 2:49,197,184,13
2018-04-30 2:50,198,186,12
2018-04-30 2:51,200,188,12
2018-04-30 2:52,202,191,11
2018-04-30 2:53,203,193,10
2018-04-30 2:54,205,195,10
2018-04-30 2:55,206,197,9
2018-04-30 2:56,208,200,8
2018-04-30 2:57,210,202,8
2018-04-30 2:58,212,204,8
2018-04-30 2:59,213,207,6
2018-04-30 3:00,216,209,7
2018-04-30 3:01,217,212,5
2018-04-30 3:02,220,214,6
2018-04-30 3:03,222,217,5
2018-04-30 3:04,224,219,5
2018-04-30 3:05,226,222,4
2018-04-30 3:06,228,224,4
2018-04-30 3:07,230,227,3
2018-04-30 3:08,233,229,4
2018-04-30 3:09,235,232,3
2018-04-30 3:10,238,235,3
2018-04-30 3:11,240,237,3
2018-04-30 3:12,242,240,2
2018-04-30 3:13,245,243,2
2018-04-30 3:14,247,245,2
2018-04-30 3:15,250,248,2
2018-04-30 3:16,253,251,2
2018-04-30 3:17,256,254,2
2018-04-30 3:18,259,256,3
2018-04-30 3:19,262,259,3
2018-04-30 3:20,264,262,2
2018-04-30 3:21,267,265,2
2018-04-30 3:22,270,268,2
2018-04-30 3:23,273,271,2
2018-04-30 3:24,276,273,3
2018-04-30 3:25,279,276,3
2018-04-30 3:26,281,279,2
2018-04-30 3:27,284,282,2
2018-04-30 3:28,287,285,2
2018-04-30 3:29,290,288,2
2018-04-30 3:30,293,291,2
2018-04-30 3:31,296,294,2
2018-04-30 3:32,299,297,2
2018-04-30 3:33,302,300,2
2018-04-30 3:34,305,303,2
2018-04-30 3:35,308,306,2
2018-04-30 3:36,311,310,1
2018-04-30 3:37,314,313,1
2018-04-30 3:38,317,316,1
2018-04-30 3:39,319,319,0
2018-04-30 3:40,322,322,0
2018-04-30 3:41,325,325,0
2018-04-30 3:42,328,328,0
2018-04-30 3:43,331,332,-1
2018-04-30 3:44,334,335,-1
2018-04-30 3:45,337,338,-1
2018-04-30 3:46,340,341,-1
2018-04-30 3:47,342,344,-2
2018-04-30 3:48,345,348,-3
2018-04-30 3:49,348,351,-3
2018-04-30 3:50,351,354,-3
2018-04-30 3:51,354,358,-4
2018-04-30 3:52,357,361,-4
2018-04-30 3:53,360,364,-4
2018-04-30 3:54,363,367,-4
2018-04-30 3:55,366,371,-5
2018-04-30 3:56,369,374,-5
2018-04-30 3:57,372,377,-5
2018-04-30 3:58,375,381,-6
2018-04-30 3:59,378,384,-6
2018-04-30 4:00,380,387,-7
2018-04-30 4:01,383,391,-8
2018-04-30 4:02,387,394,-7
2018-04-30 4:03,389,397,-8
2018-04-30 4:04,392,401,-9
2018-04-30 4:05,395,404,-9
2018-04-30 4:06,398,407,-9
2018-04-30 4:07,401,411,-10
2018-04-30 4:08,404,414,-10
2018-04-30 4:09,408,418,-10
2018-04-30 4:10,411,421,-10
2018-04-30 4:11,413,424,-11
2018-04-30 4:12,416,428,-12
2018-04-30 4:13,419,431,-12
2018-04-30 4:14,422,434,-12
2018-04-30 4:15,426,438,-12
2018-04-30 4:16,429,441,-12
2018-04-30 4:17,432,444,-12
2018-04-30 4:18,435,448,-13
2018-04-30 4:19,438,451,-13
2018-04-30 4:20,442,455,-13
2018-04-30 4:21,445,458,-13
2018-04-30 4:22,448,461,-13
2018-04-30 4:23,451,465,-14
2018-04-30 4:24,454,468,-14
2018-04-30 4:25,458,471,-13
2018-04-30 4:26,462,474,-12
2018-04-30 4:27,465,478,-13
2018-04-30 4:28,468,481,-13
2018-04-30 4:29,471,484,-13
2018-04-30 4:30,474,488,-14
2018-04-30 4:31,477,491,-14
2018-04-30 4:32,480,494,-14
2018-04-30 4:33,483,497,-14
2018-04-30 4:34,486,501,-15
2018-04-30 4:35,488,504,-16
2018-04-30 4:36,491,507,-16
2018-04-30 4:37,495,510,-15
2018-04-30 4:38,497,513,-16
2018-04-30 4:39,500,516,-16
2018-04-30 4:40,503,520,-17
2018-04-30 4:41,506,523,-17
2018-04-30 4:42,509,526,-17
2018-04-30 4:43,512,529,-17
2018-04-30 4:44,515,532,-17
2018-04-30 4:45,518,535,-17
2018-04-30 4:46,521,538,-17
2018-04-30 4:47,523,541,-18
2018-04-30 4:48,526,544,-18
2018-04-30 4:49,529,547,-18
2018-04-30 4:50,531,550,-19
2018-04-30 4:51,534,553,-19
2018-04-30 4:52,537,556,-19
2018-04-30 4:53,540,559,-19
2018-04-30 4:54,542,562,-20
2018-04-30 4:55,545,564,-19
2018-04-30 4:56,548,567,-19
2018-04-30 4:57,551,570,-19
2018-04-30 4:58,554,573,-19
2018-04-30 4:59,557,576,-19
2018-04-30 5:00,560,578,-18
2018-04-30 5:01,562,581,-19
2018-04-30 5:02,565,584,-19
2018-04-30 5:03,568,586,-18
2018-04-30 5:04,571,589,-18
2018-04-30 5:05,574,591,-17
2018-04-30 5:06,577,594,-17
2018-04-30 5:07,580,596,-16
2018-04-30 5:08,582,599,-17
2018-04-30 5:09,585,601,-16
2018-04-30 5:10,587,604,-17
2018-04-30 5:11,590,606,-16
2018-04-30 5:12,593,609,-16
2018-04-30 5:13,596,611,-15
2018-04-30 5:14,599,613,-14
2018-04-30 5:15,602,616,-14
2018-04-30 5:16,604,618,-14
2018-04-30 5:17,607,620,-13
2018-04-30 5:18,610,622,-12
2018-04-30 5:19,613,624,-11
2018-04-30 5:20,615,626,-11
2018-04-30 5:21,617,629,-12
2018-04-30 5:22,620,631,-11
2018-04-30 5:23,622,633,-11
2018-04-30 5:24,624,635,-11
2018-04-30 5:25,626,636,-10
2018-04-30 5:26,628,638,-10
2018-04-30 5:27,630,640,-10
2018-04-30 5:28,632,642,-10
2018-04-30 5:29,634,644,-10
2018-04-30 5:30,636,646,-10
2018-04-30 5:31,637,647,-10
2018-04-30 5:32,639,649,-10
2018-04-30 5:33,640,651,-11
2018-04-30 5:34,642,652,-10
2018-04-30 5:35,643,654,-11
2018-04-30 5:36,645,655,-10
2018-04-30 5:37,647,657,-10
2018-04-30 5:38,648,658,-10
2018-04-30 5:39,650,660,-10
2018-04-30 5:40,652,661,-9
2018-04-30 5:41,654,662,-8
2018-04-30 5:42,655,664,-9
2018-04-30 5:43,657,665,-8
2018-04-30 5:44,658,666,-8
2018-04-30 5:45,660,667,-7
2018-04-30 5:46,661,668,-7
2018-04-30 5:47,663,670,-7
2018-04-30 5:48,664,671,-7
2018-04-30 5:49,666,672,-6
2018-04-30 5:50,667,673,-6
2018-04-30 5:51,668,673,-5
2018-04-30 5:52,670,674,-4
2018-04-30 5:53,671,675,-4
2018-04-30 5:54,672,676,-4
2018-04-30 5:55,673,677,-4
2018-04-30 5:56,675,678,-3
2018-04-30 5:57,676,678,-2
2018-04-30 5:58,677,679,-2
2018-04-30 5:59,678,680,-2
2018-04-30 6:00,679,680,-1
2018-04-30 6:01,679,681,-2
2018-04-30 6:02,680,681,-1
2018-04-30 6:03,681,682,-1
2018-04-30 6:04,681,682,-1
2018-04-30 6:05,682,682,0
2018-04-30 6:06,683,683,0
2018-04-30 6:07,684,683,1
2018-04-30 6:08,684,683,1
2018-04-30 6:09,685,683,2
2018-04-30 6:10,686,684,2
2018-04-30 6:11,686,684,2
2018-04-30 6:12,686,684,2
2018-04-30 6:13,686,684,2
2018-04-30 6:14,687,684,3
2018-04-30 6:15,687,684,3
2018-04-30 6:16,686,684,2
2018-04-30 6:17,687,684,3
2018-04-30 6:18,687,684,3
2018-04-30 6:19,688,683,5
2018-04-30 6:20,688,683,5
2018-04-30 6:21,688,683,5
2018-04-30 6:22,688,683,5
2018-04-30 6:23,687,682,5
2018-04-30 6:24,687,682,5
2018-04-30 6:25,687,682,5
2018-04-30 6:26,687,681,6
2018-04-30 6:27,686,681,5
2018-04-30 6:28,685,680,5
2018-04-30 6:29,685,680,5
2018-04-30 6:30,684,679,5
2018-04-30 6:31,683,679,4
2018-04-30 6:32,683,678,5
2018-04-30 6:33,682,677,5
2018-04-30 6:34,681,677,4
2018-04-30 6:35,680,676,4
2018-04-30 6:36,679,675,4
2018-04-30 6:37,678,674,4
2018-04-30 6:38,677,673,4
2018-04-30 6:39,676,673,3
2018-04-30 6:40,675,672,3
2018-04-30 6:41,675,671,4
2018-04-30 6:42,674,670,4
2018-04-30 6:43,673,669,4
2018-04-30 6:44,671,668,3
2018-04-30 6:45,670,667,3
2018-04-30 6:46,669,666,3
2018-04-30 6:47,667,665,2
2018-04-30 6:48,666,663,3
2018-04-30 6:49,664,662,2
2018-04-30 6:50,663,661,2
2018-04-30 6:51,662,660,2
2018-04-30 6:52,661,659,2
2018-04-30 6:53,660,657,3
2018-04-30 6:54,659,656,3
2018-04-30 6:55,658,655,3
2018-04-30 6:56,657,653,4
2018-04-30 6:57,655,652,3
2018-04-30 6:58,654,651,3
2018-04-30 6:59,653,649,4
2018-04-30 7:00,651,648,3
2018-04-30 7:01,650,646,4
2018-04-30 7:02,648,645,3
2018-04-30 7:03,646,643,3
2018-04-30 7:04,644,642,2
2018-04-30 7:05,642,640,2
2018-04-30 7:06,640,639,1
2018-04-30 7:07,639,637,2
2018-04-30 7:08,638,636,2
2018-04-30 7:09,636,634,2
2018-04-30 7:10,634,632,2
2018-04-30 7:11,632,631,1
2018-04-30 7:12,630,629,1
2018-04-30 7:13,628,627,1
2018-04-30 7:14,626,626,0
2018-04-30 7:15,624,624,0
2018-04-30 7:16,622,622,0
2018-04-30 7:17,621,621,0
2018-04-30 7:18,619,619,0
2018-04-30 7:19,618,617,1
2018-04-30 7:20,616,615,1
2018-04-30 7:21,614,613,1
2018-04-30 7:22,613,612,1
2018-04-30 7:23,611,610,1
2018-04-30 7:24,610,608,2
2018-04-30 7:25,608,606,2
2018-04-30 7:26,607,604,3
2018-04-30 7:27,605,602,3
2018-04-30 7:28,603,601,2
2018-04-30 7:29,602,599,3
2018-04-30 7:30,600,597,3
2018-04-30 7:31,598,595,3
2018-04-30 7:32,597,593,4
2018-04-30 7:33,595,591,4
2018-04-30 7:34,593,589,4
2018-04-30 7:35,592,587,5
2018-04-30 7:36,590,585,5
2018-04-30 7:37,588,583,5
2018-04-30 7:38,586,582,4
2018-04-30 7:39,584,580,4
2018-04-30 7:40,582,578,4
2018-04-30 7:41,581,576,5
2018-04-30 7:42,579,574,5
2018-04-30 7:43,577,572,5
2018-04-30 7:44,575,570,5
2018-04-30 7:45,573,568,5
2018-04-30 7:46,571,566,5
2018-04-30 7:47,569,564,5
2018-04-30 7:48,567,562,5
2018-04-30 7:49,564,560,4
2018-04-30 7:50,563,558,5
2018-04-30 7:51,561,556,5
2018-04-30 7:52,559,554,5
2018-04-30 7:53,558,552,6
2018-04-30 7:54,556,550,6
2018-04-30 7:55,554,548,6
2018-04-30 7:56,552,546,6
2018-04-30 7:57,550,544,6
2018-04-30 7:58,548,542,6
2018-04-30 7:59,546,540,6
2018-04-30 8:00,544,538,6
2018-04-30 8:01,542,536,6
2018-04-30 8:02,541,534,7
2018-04-30 8:03,539,532,7
2018-04-30 8:04,537,531,6
2018-04-30 8:05,535,529,6
2018-04-30 8:06,533,527,6
2018-04-30 8:07,531,525,6
2018-04-30 8:08,529,523,6
2018-04-30 8:09,527,521,6
2018-04-30 8:10,525,519,6
2018-04-30 8:11,523,517,6
2018-04-30 8:12,522,515,7
2018-04-30 8:13,520,513,7
2018-04-30 8:14,518,511,7
2018-04-30 8:15,515,509,6
2018-04-30 8:16,514,508,6
2018-04-30 8:17,512,506,6
2018-04-30 8:18,510,504,6
2018-04-30 8:19,508,502,6
2018-04-30 8:20,506,500,6
2018-04-30 8:21,504,498,6
2018-04-30 8:22,502,496,6
2018-04-30 8:23,500,495,5
2018-04-30 8:24,498,493,5
2018-04-30 8:25,496,491,5
2018-04-30 8:26,494,489,5
2018-04-30 8:27,492,487,5
2018-04-30 8:28,490,485,5
2018-04-30 8:29,488,484,4
2018-04-30 8:30,486,482,4
2018-04-30 8:31,485,480,5
2018-04-30 8:32,483,478,5
2018-04-30 8:33,481,476,5
2018-04-30 8:34,478,475,3
2018-04-30 8:35,476,473,3
2018-04-30 8:36,475,471,4
2018-04-30 8:37,472,470,2
2018-04-30 8:38,470,468,2
2018-04-30 8:39,468,466,2
2018-04-30 8:40,467,464,3
2018-04-30 8:41,465,463,2
2018-04-30 8:42,463,461,2
2018-04-30 8:43,462,459,3
2018-04-30 8:44,460,458,2
2018-04-30 8:45,457,456,1
2018-04-30 8:46,455,454,1
2018-04-30 8:47,454,453,1
2018-04-30 8:48,452,451,1
2018-04-30 8:49,450,449,1
2018-04-30 8:50,449,448,1
2018-04-30 8:51,447,446,1
2018-04-30 8:52,445,444,1
2018-04-30 8:53,443,443,0
2018-04-30 8:54,441,441,0
2018-04-30 8:55,439,440,-1
2018-04-30 8:56,437,438,-1
2018-04-30 8:57,436,436,0
2018-04-30 8:58,434,435,-1
2018-04-30 8:59,432,433,-1
2018-04-30 9:00,430,432,-2
2018-04-30 9:01,429,430,-1
2018-04-30 9:02,427,429,-2
2018-04-30 9:03,425,427,-2
2018-04-30 9:04,423,426,-3
2018-04-30 9:05,421,424,-3
2018-04-30 9:06,419,422,-3
2018-04-30 9:07,417,421,-4
2018-04-30 9:08,415,419,-4
2018-04-30 9:09,413,418,-5
2018-04-30 9:10,412,416,-4
2018-04-30 9:11,410,415,-5
2018-04-30 9:12,408,413,-5
2018-04-30 9:13,406,412,-6
2018-04-30 9:14,404,410,-6
2018-04-30 9:15,402,409,-7
2018-04-30 9:16,400,408,-8
2018-04-30 9:17,398,406,-8
2018-04-30 9:18,397,405,-8
2018-04-30 9:19,395,403,-8
2018-04-30 9:20,394,402,-8
2018-04-30 9:21,392,400,-8
2018-04-30 9:22,390,399,-9
2018-04-30 9:23,389,397,-8
2018-04-30 9:24,387,396,-9
2018-04-30 9:25,385,394,-9
2018-04-30 9:26,383,393,-10
2018-04-30 9:27,381,392,-11
2018-04-30 9:28,380,390,-10
2018-04-30 9:29,378,389,-11
2018-04-30 9:30,376,387,-11
2018-04-30 9:31,375,386,-11
2018-04-30 9:32,373,384,-11
2018-04-30 9:33,372,383,-11
2018-04-30 9:34,370,382,-12
2018-04-30 9:35,368,380,-12
2018-04-30 9:36,366,379,-13
2018-04-30 9:37,365,377,-12
2018-04-30 9:38,363,376,-13
2018-04-30 9:39,361,375,-14
2018-04-30 9:40,360,373,-13
2018-04-30 9:41,358,372,-14
2018-04-30 9:42,356,370,-14
2018-04-30 9:43,355,369,-14
2018-04-30 9:44,353,367,-14
2018-04-30 9:45,351,366,-15
2018-04-30 9:46,349,365,-16
2018-04-30 9:47,348,363,-15
2018-04-30 9:48,346,362,-16
2018-04-30 9:49,344,360,-16
2018-04-30 9:50,342,359,-17
2018-04-30 9:51,341,358,-17
2018-04-30 9:52,339,356,-17
2018-04-30 9:53,338,355,-17
2018-04-30 9:54,336,353,-17
2018-04-30 9:55,334,352,-18
2018-04-30 9:56,333,351,-18
2018-04-30 9:57,331,349,-18
2018-04-30 9:58,329,348,-19
2018-04-30 9:59,328,346,-18
2018-04-30 10:00,326,345,-19
2018-04-30 10:01,324,343,-19
2018-04-30 10:02,323,342,-19
2018-04-30 10:03,321,341,-20
2018-04-30 10:04,320,339,-19
2018-04-30 10:05,318,338,-20
2018-04-30 10:06,317,336,-19
2018-04-30 10:07,315,335,-20
2018-04-30 10:08,314,333,-19
2018-04-30 10:09,312,332,-20
2018-04-30 10:10,311,330,-19
2018-04-30 10:11,309,329,-20
2018-04-30 10:12,308,328,-20
2018-04-30 10:13,306,326,-20
2018-04-30 10:14,304,325,-21
2018-04-30 10:15,303,323,-20
2018-04-30 10:16,302,322,-20
2018-04-30 10:17,300,320,-20
2018-04-30 10:18,299,319,-20
2018-04-30 10:19,297,317,-20
2018-04-30 10:20,296,316,-20
2018-04-30 10:21,295,314,-19
2018-04-30 10:22,293,313,-20
2018-04-30 10:23,291,311,-20
2018-04-30 10:24,290,310,-20
2018-04-30 10:25,289,308,-19
2018-04-30 10:26,287,307,-20
2018-04-30 10:27,286,305,-19
2018-04-30 10:28,284,304,-20
2018-04-30 10:29,283,302,-19
2018-04-30 10:30,282,301,-19
2018-04-30 10:31,280,299,-19
2018-04-30 10:32,279,298,-19
2018-04-30 10:33,278,296,-18
2018-04-30 10:34,277,295,-18
2018-04-30 10:35,275,293,-18
2018-04-30 10:36,273,292,-19
2018-04-30 10:37,272,290,-18
2018-04-30 10:38,271,289,-18
2018-04-30 10:39,269,287,-18
2018-04-30 10:40,268,286,-18
2018-04-30 10:41,266,284,-18
2018-04-30 10:42,265,282,-17
2018-04-30 10:43,264,281,-17
2018-04-30 10:44,262,279,-17
2018-04-30 10:45,261,278,-17
2018-04-30 10:46,260,276,-16
2018-04-30 10:47,259,275,-16
2018-04-30 10:48,258,273,-15
2018-04-30 10:49,256,272,-16
2018-04-30 10:50,255,270,-15
2018-04-30 10:51,253,268,-15
2018-04-30 10:52,252,267,-15
2018-04-30 10:53,251,265,-14
2018-04-30 10:54,249,264,-15
2018-04-30 10:55,248,262,-14
2018-04-30 10:56,247,260,-13
2018-04-30 10:57,246,259,-13
2018-04-30 10:58,244,257,-13
2018-04-30 10:59,243,256,-13
2018-04-30 11:00,242,254,-12
2018-04-30 11:01,241,253,-12
2018-04-30 11:02,239,251,-12
2018-04-30 11:03,238,249,-11
2018-04-30 11:04,237,248,-11
2018-04-30 11:05,236,246,-10
2018-04-30 11:06,234,245,-11
2018-04-30 11:07,233,243,-10
2018-04-30 11:08,231,241,-10
2018-04-30 11:09,230,240,-10
2018-04-30 11:10,229,238,-9
2018-04-30 11:11,228,237,-9
2018-04-30 11:12,227,235,-8
2018-04-30 11:13,225,233,-8
2018-04-30 11:14,224,232,-8
2018-04-30 11:15,223,230,-7
2018-04-30 11:16,222,229,-7
2018-04-30 11:17,221,227,-6
2018-04-30 11:18,220,226,-6
2018-04-30 11:19,218,224,-6
2018-04-30 11:20,217,222,-5
2018-04-30 11:21,216,221,-5
2018-04-30 11:22,215,219,-4
2018-04-30 11:23,213,218,-5
2018-04-30 11:24,212,216,-4
2018-04-30 11:25,211,215,-4
2018-04-30 11:26,210,213,-3
2018-04-30 11:27,208,211,-3
2018-04-30 11:28,207,210,-3
2018-04-30 11:29,206,208,-2
2018-04-30 11:30,205,207,-2
2018-04-30 11:31,204,205,-1
2018-04-30 11:32,203,204,-1
2018-04-30 11:33,202,202,0
2018-04-30 11:34,200,201,-1
2018-04-30 11:35,199,199,0
2018-04-30 11:36,198,198,0
2018-04-30 11:37,197,196,1
2018-04-30 11:38,196,195,1
2018-04-30 11:39,194,193,1
2018-04-30 11:40,193,192,1
2018-04-30 11:41,192,190,2
2018-04-30 11:42,191,189,2
2018-04-30 11:43,190,187,3
2018-04-30 11:44,189,186,3
2018-04-30 11:45,188,184,4
2018-04-30 11:46,186,183,3
2018-04-30 11:47,185,181,4
2018-04-30 11:48,184,180,4
2018-04-30 11:49,183,178,5
2018-04-30 11:50,182,177,5
2018-04-30 11:51,181,176,5
2018-04-30 11:52,180,174,6
2018-04-30 11:53,179,173,6
2018-04-30 11:54,177,171,6
2018-04-30 11:55,176,170,6
2018-04-30 11:56,175,169,6
2018-04-30 11:57,174,167,7
2018-04-30 11:58,173,166,7
2018-04-30 11:59,172,164,8
2018-04-30 12:00,171,163,8
2018-04-30 12:01,170,162,8
2018-04-30 12:02,169,160,9
2018-04-30 12:03,168,159,9
2018-04-30 12:04,167,158,9
2018-04-30 12:05,166,157,9
2018-04-30 12:06,165,155,10
2018-04-30 12:07,164,154,10
2018-04-30 12:08,163,153,10
2018-04-30 12:09,162,151,11
2018-04-30 12:10,161,150,11
2018-04-30 12:11,159,149,10
2018-04-30 12:12,158,148,10
2018-04-30 12:13,157,147,10
2018-04-30 12:14,156,145,11
2018-04-30 12:15,155,144,11
2018-04-30 12:16,154,143,11
2018-04-30 12:17,153,142,11
2018-04-30 12:18,152,141,11
2018-04-30 12:19,151,140,11
2018-04-30 12:20,150,138,12
2018-04-30 12:21,150,137,13
2018-04-30 12:22,149,136,13
2018-04-30 12:23,148,135,13
2018-04-30 12:24,147,134,13
2018-04-30 12:25,146,133,13
2018-04-30 12:26,145,132,13
2018-04-30 12:27,144,131,13
2018-04-30 12:28,143,130,13
2018-04-30 12:29,142,129,13
2018-04-30 12:30,141,128,13
2018-04-30 12:31,140,127,13
2018-04-30 12:32,139,126,13
2018-04-30 12:33,138,125,13
2018-04-30 12:34,137,124,13
2018-04-30 12:35,136,123,13
2018-04-30 12:36,135,122,13
2018-04-30 12:37,134,121,13
2018-04-30 12:38,133,120,13
2018-04-30 12:39,132,120,12
2018-04-30 12:40,131,119,12
2018-04-30 12:41,130,118,12
2018-04-30 12:42,130,117,13
2018-04-30 12:43,128,116,12
2018-04-30 12:44,128,115,13
2018-04-30 12:45,127,115,12
2018-04-30 12:46,126,114,12
2018-04-30 12:47,125,113,12
2018-04-30 12:48,124,112,12
2018-04-30 12:49,123,112,11
2018-04-30 12:50,122,111,11
2018-04-30 12:51,121,110,11
2018-04-30 12:52,120,110,10
2018-04-30 12:53,119,109,10
2018-04-30 12:54,118,108,10
2018-04-30 12:55,118,108,10
2018-04-30 12:56,116,107,9
2018-04-30 12:57,116,107,9
2018-04-30 12:58,115,106,9
2018-04-30 12:59,114,105,9
2018-04-30 13:00,113,105,8
2018-04-30 13:01,112,104,8
2018-04-30 13:02,111,104,7
2018-04-30 13:03,111,103,8
2018-04-30 13:04,110,103,7
2018-04-30 13:05,109,102,7
2018-04-30 13:06,108,102,6
2018-04-30 13:07,107,102,5
2018-04-30 13:08,106,101,5
2018-04-30 13:09,105,101,4
2018-04-30 13:10,104,100,4
2018-04-30 13:11,104,100,4
2018-04-30 13:12,103,100,3
2018-04-30 13:13,102,99,3
2018-04-30 13:14,101,99,2
2018-04-30 13:15,100,99,1
2018-04-30 13:16,99,99,0
2018-04-30 13:17,99,98,1
2018-04-30 13:18,98,98,0
2018-04-30 13:19,97,98,-1
2018-04-30 13:20,96,98,-2
2018-04-30 13:21,95,97,-2
2018-04-30 13:22,95,97,-2
2018-04-30 13:23,94,97,-3
2018-04-30 13:24,94,97,-3
2018-04-30 13:25,93,97,-4
2018-04-30 13:26,92,97,-5
2018-04-30 13:27,92,97,-5
2018-04-30 13:28,91,97,-6
2018-04-30 13:29,90,97,-7
2018-04-30 13:30,89,97,-8
2018-04-30 13:31,89,97,-8
2018-04-30 13:32,88,97,-9
2018-04-30 13:33,87,97,-10
2018-04-30 13:34,87,97,-10
2018-04-30 13:35,86,97,-11
2018-04-30 13:36,86,97,-11
2018-04-30 13:37,85,97,-12
2018-04-30 13:38,84,97,-13
2018-04-30 13:39,84,97,-13
2018-04-30 13:40,84,97,-13
2018-04-30 13:41,83,97,-14
2018-04-30 13:42,82,98,-16
2018-04-30 13:43,82,98,-16
2018-04-30 13:44,82,98,-16
2018-04-30 13:45,81,98,-17
2018-04-30 13:46,81,99,-18
2018-04-30 13:47,80,99,-19
2018-04-30 13:48,80,99,-19
2018-04-30 13:49,81,100,-19
2018-04-30 13:50,80,100,-20
2018-04-30 13:51,80,100,-20
2018-04-30 13:52,81,101,-20
2018-04-30 13:53,81,101,-20
2018-04-30 13:54,81,102,-21
2018-04-30 13:55,82,102,-20
2018-04-30 13:56,82,102,-20
2018-04-30 13:57,83,103,-20
2018-04-30 13:58,85,103,-18
2018-04-30 13:59,86,104,-18
2018-04-30 14:00,87,104,-17
2018-04-30 14:01,89,105,-16
2018-04-30 14:02,91,106,-15
2018-04-30 14:03,93,106,-13
2018-04-30 14:04,95,107,-12
2018-04-30 14:05,97,107,-10
2018-04-30 14:06,100,108,-8
2018-04-30 14:07,102,109,-7
2018-04-30 14:08,105,110,-5
2018-04-30 14:09,107,110,-3
2018-04-30 14:10,110,111,-1
2018-04-30 14:11,112,112,0
2018-04-30 14:12,114,113,1
2018-04-30 14:13,116,113,3
2018-04-30 14:14,119,114,5
2018-04-30 14:15,121,115,6
2018-04-30 14:16,123,116,7
2018-04-30 14:17,125,117,8
2018-04-30 14:18,128,118,10
2018-04-30 14:19,130,119,11
2018-04-30 14:20,132,120,12
2018-04-30 14:21,134,121,13
2018-04-30 14:22,136,122,14
2018-04-30 14:23,138,123,15
2018-04-30 14:24,140,124,16
2018-04-30 14:25,142,125,17
2018-04-30 14:26,144,126,18
2018-04-30 14:27,146,127,19
2018-04-30 14:28,148,128,20
2018-04-30 14:29,149,129,20
2018-04-30 14:30,150,130,20
2018-04-30 14:31,151,132,19
2018-04-30 14:32,153,133,20
2018-04-30 14:33,154,134,20
2018-04-30 14:34,156,135,21
2018-04-30 14:35,157,137,20
2018-04-30 14:36,159,138,21
2018-04-30 14:37,160,139,21
2018-04-30 14:38,162,140,22
2018-04-30 14:39,163,142,21
2018-04-30 14:40,165,143,22
2018-04-30 14:41,166,145,21
2018-04-30 14:42,168,146,22
2018-04-30 14:43,169,148,21
2018-04-30 14:44,170,149,21
2018-04-30 14:45,172,151,21
2018-04-30 14:46,173,152,21
2018-04-30 14:47,174,154,20
2018-04-30 14:48,176,155,21
2018-04-30 14:49,177,157,20
2018-04-30 14:50,178,158,20
2018-04-30 14:51,180,160,20
2018-04-30 14:52,181,162,19
2018-04-30 14:53,183,163,20
2018-04-30 14:54,184,165,19
2018-04-30 14:55,185,167,18
2018-04-30 14:56,186,169,17
2018-04-30 14:57,187,170,17
2018-04-30 14:58,189,172,17
2018-04-30 14:59,190,174,16
2018-04-30 15:00,191,176,15
2018-04-30 15:01,192,178,14
2018-04-30 15:02,194,180,14
2018-04-30 15:03,195,182,13
2018-04-30 15:04,196,183,13
2018-04-30 15:05,197,185,12
2018-04-30 15:06,199,187,12
2018-04-30 15:07,200,189,11
2018-04-30 15:08,202,191,11
2018-04-30 15:09,203,193,10
2018-04-30 15:10,205,196,9
2018-04-30 15:11,206,198,8
2018-04-30 15:12,208,200,8
2018-04-30 15:13,209,202,7
2018-04-30 15:14,211,204,7
2018-04-30 15:15,212,206,6
2018-04-30 15:16,214,208,6
2018-04-30 15:17,215,211,4
2018-04-30 15:18,217,213,4
2018-04-30 15:19,219,215,4
2018-04-30 15:20,221,218,3
2018-04-30 15:21,223,220,3
2018-04-30 15:22,225,222,3
2018-04-30 15:23,226,225,1
2018-04-30 15:24,228,227,1
2018-04-30 15:25,230,229,1
2018-04-30 15:26,233,232,1
2018-04-30 15:27,235,234,1
2018-04-30 15:28,237,237,0
2018-04-30 15:29,240,239,1
2018-04-30 15:30,242,242,0
2018-04-30 15:31,244,244,0
2018-04-30 15:32,246,247,-1
2018-04-30 15:33,249,249,0
2018-04-30 15:34,251,252,-1
2018-04-30 15:35,254,254,0
2018-04-30 15:36,256,257,-1
2018-04-30 15:37,259,260,-1
2018-04-30 15:38,262,262,0
2018-04-30 15:39,265,265,0
2018-04-30 15:40,267,268,-1
2018-04-30 15:41,270,270,0
2018-04-30 15:42,273,273,0
2018-04-30 15:43,276,276,0
2018-04-30 15:44,279,279,0
2018-04-30 15:45,281,281,0
2018-04-30 15:46,284,284,0
2018-04-30 15:47,287,287,0
2018-04-30 15:48,290,290,0
2018-04-30 15:49,293,293,0
2018-04-30 15:50,296,296,0
2018-04-30 15:51,298,299,-1
2018-04-30 15:52,301,301,0
2018-04-30 15:53,304,304,0
2018-04-30 15:54,306,307,-1
2018-04-30 15:55,309,310,-1
2018-04-30 15:56,312,313,-1
2018-04-30 15:57,315,316,-1
2018-04-30 15:58,317,319,-2
2018-04-30 15:59,320,322,-2
2018-04-30 16:00,322,325,-3
2018-04-30 16:01,325,328,-3
2018-04-30 16:02,328,331,-3
2018-04-30 16:03,331,334,-3
2018-04-30 16:04,333,337,-4
2018-04-30 16:05,336,340,-4
2018-04-30 16:06,338,343,-5
2018-04-30 16:07,341,346,-5
2018-04-30 16:08,344,350,-6
2018-04-30 16:09,346,353,-7
2018-04-30 16:10,349,356,-7
2018-04-30 16:11,351,359,-8
2018-04-30 16:12,354,362,-8
2018-04-30 16:13,356,365,-9
2018-04-30 16:14,358,368,-10
2018-04-30 16:15,361,371,-10
2018-04-30 16:16,364,375,-11
2018-04-30 16:17,367,378,-11
2018-04-30 16:18,369,381,-12
2018-04-30 16:19,372,384,-12
2018-04-30 16:20,375,387,-12
2018-04-30 16:21,377,391,-14
2018-04-30 16:22,380,394,-14
2018-04-30 16:23,382,397,-15
2018-04-30 16:24,385,400,-15
2018-04-30 16:25,388,403,-15
2018-04-30 16:26,391,406,-15
2018-04-30 16:27,394,410,-16
2018-04-30 16:28,397,413,-16
2018-04-30 16:29,399,416,-17
2018-04-30 16:30,402,419,-17
2018-04-30 16:31,405,422,-17
2018-04-30 16:32,408,426,-18
2018-04-30 16:33,411,429,-18
2018-04-30 16:34,413,432,-19
2018-04-30 16:35,416,435,-19
2018-04-30 16:36,419,438,-19
2018-04-30 16:37,422,442,-20
2018-04-30 16:38,425,445,-20
2018-04-30 16:39,428,448,-20
2018-04-30 16:40,431,451,-20
2018-04-30 16:41,433,454,-21
2018-04-30 16:42,436,457,-21
2018-04-30 16:43,440,461,-21
2018-04-30 16:44,443,464,-21
2018-04-30 16:45,446,467,-21
2018-04-30 16:46,449,470,-21
2018-04-30 16:47,452,473,-21
2018-04-30 16:48,455,476,-21
2018-04-30 16:49,458,479,-21
2018-04-30 16:50,462,482,-20
2018-04-30 16:51,464,485,-21
2018-04-30 16:52,467,488,-21
2018-04-30 16:53,470,491,-21
2018-04-30 16:54,472,494,-22
2018-04-30 16:55,475,498,-23
2018-04-30 16:56,478,501,-23
2018-04-30 16:57,482,503,-21
2018-04-30 16:58,485,506,-21
2018-04-30 16:59,487,509,-22
2018-04-30 17:00,490,512,-22
2018-04-30 17:01,492,515,-23
2018-04-30 17:02,495,518,-23
2018-04-30 17:03,497,521,-24
2018-04-30 17:04,500,524,-24
2018-04-30 17:05,503,527,-24
2018-04-30 17:06,506,530,-24
2018-04-30 17:07,508,532,-24
2018-04-30 17:08,511,535,-24
2018-04-30 17:09,514,538,-24
2018-04-30 17:10,516,541,-25
2018-04-30 17:11,519,543,-24
2018-04-30 17:12,521,546,-25
2018-04-30 17:13,524,549,-25
2018-04-30 17:14,526,552,-26
2018-04-30 17:15,529,554,-25
2018-04-30 17:16,532,557,-25
2018-04-30 17:17,534,559,-25
2018-04-30 17:18,537,562,-25
2018-04-30 17:19,539,564,-25
2018-04-30 17:20,542,567,-25
2018-04-30 17:21,544,569,-25
2018-04-30 17:22,546,572,-26
2018-04-30 17:23,549,574,-25
2018-04-30 17:24,551,577,-26
2018-04-30 17:25,554,579,-25
2018-04-30 17:26,556,581,-25
2018-04-30 17:27,558,584,-26
2018-04-30 17:28,561,586,-25
2018-04-30 17:29,563,588,-25
2018-04-30 17:30,565,590,-25
2018-04-30 17:31,567,593,-26
2018-04-30 17:32,570,595,-25
2018-04-30 17:33,572,597,-25
2018-04-30 17:34,574,599,-25
2018-04-30 17:35,576,601,-25
2018-04-30 17:36,578,603,-25
2018-04-30 17:37,580,605,-25
2018-04-30 17:38,583,607,-24
2018-04-30 17:39,585,609,-24
2018-04-30 17:40,588,611,-23
2018-04-30 17:41,590,613,-23
2018-04-30 17:42,592,615,-23
2018-04-30 17:43,595,616,-21
2018-04-30 17:44,597,618,-21
2018-04-30 17:45,599,620,-21
2018-04-30 17:46,601,622,-21
2018-04-30 17:47,604,623,-19
2018-04-30 17:48,606,625,-19
2018-04-30 17:49,608,626,-18
2018-04-30 17:50,609,628,-19
2018-04-30 17:51,611,629,-18
2018-04-30 17:52,613,631,-18
2018-04-30 17:53,615,632,-17
2018-04-30 17:54,617,634,-17
2018-04-30 17:55,618,635,-17
2018-04-30 17:56,620,636,-16
2018-04-30 17:57,621,638,-17
2018-04-30 17:58,622,639,-17
2018-04-30 17:59,624,640,-16
2018-04-30 18:00,625,641,-16
2018-04-30 18:01,626,642,-16
2018-04-30 18:02,627,643,-16
2018-04-30 18:03,629,644,-15
2018-04-30 18:04,630,645,-15
2018-04-30 18:05,631,646,-15
2018-04-30 18:06,633,647,-14
2018-04-30 18:07,634,648,-14
2018-04-30 18:08,636,649,-13
2018-04-30 18:09,637,650,-13
2018-04-30 18:10,638,650,-12
2018-04-30 18:11,639,651,-12
2018-04-30 18:12,640,652,-12
2018-04-30 18:13,642,653,-11
2018-04-30 18:14,643,653,-10
2018-04-30 18:15,644,654,-10
2018-04-30 18:16,645,654,-9
2018-04-30 18:17,646,655,-9
2018-04-30 18:18,647,655,-8
2018-04-30 18:19,648,655,-7
2018-04-30 18:20,649,656,-7
2018-04-30 18:21,650,656,-6
2018-04-30 18:22,651,656,-5
2018-04-30 18:23,652,657,-5
2018-04-30 18:24,652,657,-5
2018-04-30 18:25,653,657,-4
2018-04-30 18:26,653,657,-4
2018-04-30 18:27,654,657,-3
2018-04-30 18:28,654,657,-3
2018-04-30 18:29,654,657,-3
2018-04-30 18:30,655,657,-2
2018-04-30 18:31,655,657,-2
2018-04-30 18:32,656,657,-1
2018-04-30 18:33,656,657,-1
2018-04-30 18:34,656,657,-1
2018-04-30 18:35,656,656,0
2018-04-30 18:36,656,656,0
2018-04-30 18:37,656,656,0
2018-04-30 18:38,656,656,0
2018-04-30 18:39,655,655,0
2018-04-30 18:40,655,655,0
2018-04-30 18:41,655,654,1
2018-04-30 18:42,655,654,1
2018-04-30 18:43,654,653,1
2018-04-30 18:44,654,653,1
2018-04-30 18:45,653,652,1
2018-04-30 18:46,652,652,0
2018-04-30 18:47,652,651,1
2018-04-30 18:48,651,650,1
2018-04-30 18:49,650,650,0
2018-04-30 18:50,650,649,1
2018-04-30 18:51,649,648,1
2018-04-30 18:52,648,647,1
2018-04-30 18:53,647,646,1
2018-04-30 18:54,646,645,1
2018-04-30 18:55,645,644,1
2018-04-30 18:56,644,644,0
2018-04-30 18:57,643,643,0
2018-04-30 18:58,642,642,0
2018-04-30 18:59,641,640,1
2018-04-30 19:00,640,639,1
2018-04-30 19:01,639,638,1
2018-04-30 19:02,638,637,1
2018-04-30 19:03,637,636,1
2018-04-30 19:04,635,635,0
2018-04-30 19:05,634,634,0
2018-04-30 19:06,633,632,1
2018-04-30 19:07,631,631,0
2018-04-30 19:08,630,630,0
2018-04-30 19:09,628,628,0
2018-04-30 19:10,627,627,0
2018-04-30 19:11,625,626,-1
2018-04-30 19:12,624,624,0
2018-04-30 19:13,622,623,-1
2018-04-30 19:14,621,622,-1
2018-04-30 19:15,619,620,-1
2018-04-30 19:16,618,619,-1
2018-04-30 19:17,616,617,-1
2018-04-30 19:18,615,615,0
2018-04-30 19:19,613,614,-1
2018-04-30 19:20,611,612,-1
2018-04-30 19:21,609,611,-2
2018-04-30 19:22,608,609,-1
2018-04-30 19:23,605,608,-3
2018-04-30 19:24,604,606,-2
2018-04-30 19:25,602,604,-2
2018-04-30 19:26,600,603,-3
2018-04-30 19:27,598,601,-3
2018-04-30 19:28,596,599,-3
2018-04-30 19:29,595,597,-2
2018-04-30 19:30,592,596,-4
2018-04-30 19:31,591,594,-3
2018-04-30 19:32,589,592,-3
2018-04-30 19:33,587,590,-3
2018-04-30 19:34,586,588,-2
2018-04-30 19:35,584,587,-3
2018-04-30 19:36,583,585,-2
2018-04-30 19:37,581,583,-2
2018-04-30 19:38,580,581,-1
2018-04-30 19:39,578,579,-1
2018-04-30 19:40,577,577,0
2018-04-30 19:41,575,575,0
2018-04-30 19:42,573,573,0
2018-04-30 19:43,571,571,0
2018-04-30 19:44,569,570,-1
2018-04-30 19:45,567,568,-1
2018-04-30 19:46,566,566,0
2018-04-30 19:47,564,564,0
2018-04-30 19:48,562,562,0
2018-04-30 19:49,561,560,1
2018-04-30 19:50,559,558,1
2018-04-30 19:51,558,556,2
2018-04-30 19:52,556,554,2
2018-04-30 19:53,554,552,2
2018-04-30 19:54,552,550,2
2018-04-30 19:55,550,548,2
2018-04-30 19:56,548,546,2
2018-04-30 19:57,546,544,2
2018-04-30 19:58,544,542,2
2018-04-30 19:59,542,540,2
2018-04-30 20:00,541,538,3
2018-04-30 20:01,539,536,3
2018-04-30 20:02,537,534,3
2018-04-30 20:03,535,532,3
2018-04-30 20:04,533,530,3
2018-04-30 20:05,531,528,3
2018-04-30 20:06,529,526,3
2018-04-30 20:07,527,524,3
2018-04-30 20:08,525,522,3
2018-04-30 20:09,523,520,3
2018-04-30 20:10,521,518,3
2018-04-30 20:11,519,516,3
2018-04-30 20:12,517,514,3
2018-04-30 20:13,515,512,3
2018-04-30 20:14,513,510,3
2018-04-30 20:15,512,508,4
2018-04-30 20:16,510,506,4
2018-04-30 20:17,508,504,4
2018-04-30 20:18,506,502,4
2018-04-30 20:19,504,500,4
2018-04-30 20:20,502,498,4
2018-04-30 20:21,500,496,4
2018-04-30 20:22,498,494,4
2018-04-30 20:23,496,492,4
2018-04-30 20:24,494,490,4
2018-04-30 20:25,492,488,4
2018-04-30 20:26,491,486,5
2018-04-30 20:27,488,484,4
2018-04-30 20:28,487,482,5
2018-04-30 20:29,485,480,5
2018-04-30 20:30,483,478,5
2018-04-30 20:31,481,476,5
2018-04-30 20:32,479,474,5
2018-04-30 20:33,476,472,4
2018-04-30 20:34,475,470,5
2018-04-30 20:35,473,469,4
2018-04-30 20:36,471,467,4
2018-04-30 20:37,468,465,3
2018-04-30 20:38,467,463,4
2018-04-30 20:39,465,461,4
2018-04-30 20:40,463,459,4
2018-04-30 20:41,461,457,4
2018-04-30 20:42,459,456,3
2018-04-30 20:43,457,454,3
2018-04-30 20:44,455,452,3
2018-04-30 20:45,453,450,3
2018-04-30 20:46,452,448,4
2018-04-30 20:47,450,447,3
2018-04-30 20:48,448,445,3
2018-04-30 20:49,446,443,3
2018-04-30 20:50,444,441,3
2018-04-30 20:51,442,440,2
2018-04-30 20:52,440,438,2
2018-04-30 20:53,438,436,2
2018-04-30 20:54,437,434,3
2018-04-30 20:55,434,433,1
2018-04-30 20:56,433,431,2
2018-04-30 20:57,431,429,2
2018-04-30 20:58,429,428,1
2018-04-30 20:59,428,426,2
2018-04-30 21:00,426,424,2
2018-04-30 21:01,424,423,1
2018-04-30 21:02,422,421,1
2018-04-30 21:03,420,419,1
2018-04-30 21:04,418,418,0
2018-04-30 21:05,416,416,0
2018-04-30 21:06,415,415,0
2018-04-30 21:07,413,413,0
2018-04-30 21:08,411,412,-1
2018-04-30 21:09,410,410,0
2018-04-30 21:10,408,408,0
2018-04-30 21:11,406,407,-1
2018-04-30 21:12,404,405,-1
2018-04-30 21:13,402,404,-2
2018-04-30 21:14,400,402,-2
2018-04-30 21:15,398,401,-3
2018-04-30 21:16,397,399,-2
2018-04-30 21:17,395,398,-3
2018-04-30 21:18,393,396,-3
2018-04-30 21:19,392,395,-3
2018-04-30 21:20,389,393,-4
2018-04-30 21:21,388,392,-4
2018-04-30 21:22,386,390,-4
2018-04-30 21:23,384,389,-5
2018-04-30 21:24,382,387,-5
2018-04-30 21:25,381,386,-5
2018-04-30 21:26,379,385,-6
2018-04-30 21:27,377,383,-6
2018-04-30 21:28,375,382,-7
2018-04-30 21:29,374,380,-6
2018-04-30 21:30,373,379,-6
2018-04-30 21:31,371,378,-7
2018-04-30 21:32,369,376,-7
2018-04-30 21:33,367,375,-8
2018-04-30 21:34,365,373,-8
2018-04-30 21:35,364,372,-8
2018-04-30 21:36,363,371,-8
2018-04-30 21:37,361,369,-8
2018-04-30 21:38,359,368,-9
2018-04-30 21:39,357,367,-10
2018-04-30 21:40,356,365,-9
2018-04-30 21:41,354,364,-10
2018-04-30 21:42,353,363,-10
2018-04-30 21:43,351,361,-10
2018-04-30 21:44,350,360,-10
2018-04-30 21:45,348,359,-11
2018-04-30 21:46,346,357,-11
2018-04-30 21:47,344,356,-12
2018-04-30 21:48,343,355,-12
2018-04-30 21:49,341,353,-12
2018-04-30 21:50,340,352,-12
2018-04-30 21:51,338,351,-13
2018-04-30 21:52,336,350,-14
2018-04-30 21:53,335,348,-13
2018-04-30 21:54,333,347,-14
2018-04-30 21:55,331,346,-15
2018-04-30 21:56,330,344,-14
2018-04-30 21:57,328,343,-15
2018-04-30 21:58,326,342,-16
2018-04-30 21:59,325,341,-16
2018-04-30 22:00,323,339,-16
2018-04-30 22:01,321,338,-17
2018-04-30 22:02,320,337,-17
2018-04-30 22:03,319,336,-17
2018-04-30 22:04,317,334,-17
2018-04-30 22:05,315,333,-18
2018-04-30 22:06,314,332,-18
2018-04-30 22:07,312,330,-18
2018-04-30 22:08,310,329,-19
2018-04-30 22:09,309,328,-19
2018-04-30 22:10,307,327,-20
2018-04-30 22:11,306,325,-19
2018-04-30 22:12,304,324,-20
2018-04-30 22:13,303,323,-20
2018-04-30 22:14,301,322,-21
2018-04-30 22:15,300,320,-20
2018-04-30 22:16,298,319,-21
2018-04-30 22:17,297,318,-21
2018-04-30 22:18,296,316,-20
2018-04-30 22:19,294,315,-21
2018-04-30 22:20,293,314,-21
2018-04-30 22:21,291,313,-22
2018-04-30 22:22,290,311,-21
2018-04-30 22:23,288,310,-22
2018-04-30 22:24,286,309,-23
2018-04-30 22:25,285,307,-22
2018-04-30 22:26,284,306,-22
2018-04-30 22:27,283,305,-22
2018-04-30 22:28,281,304,-23
2018-04-30 22:29,280,302,-22
2018-04-30 22:30,279,301,-22
2018-04-30 22:31,277,300,-23
2018-04-30 22:32,276,298,-22
2018-04-30 22:33,274,297,-23
2018-04-30 22:34,273,296,-23
2018-04-30 22:35,272,294,-22
2018-04-30 22:36,270,293,-23
2018-04-30 22:37,269,292,-23
2018-04-30 22:38,267,290,-23
2018-04-30 22:39,266,289,-23
2018-04-30 22:40,265,288,-23
2018-04-30 22:41,263,286,-23
2018-04-30 22:42,262,285,-23
2018-04-30 22:43,-,284,-
2018-04-30 22:44,261,282,-21
2018-04-30 22:45,260,281,-21
2018-04-30 22:46,258,280,-22
2018-04-30 22:47,257,278,-21
2018-04-30 22:48,254,277,-23
2018-04-30 22:49,-,276,-
2018-04-30 22:50,251,274,-23
2018-04-30 22:51,250,273,-23
2018-04-30 22:52,248,272,-24
2018-04-30 22:53,247,270,-23
2018-04-30 22:54,246,269,-23
2018-04-30 22:55,245,267,-22
2018-04-30 22:56,244,266,-22
2018-04-30 22:57,242,265,-23
2018-04-30 22:58,241,263,-22
2018-04-30 22:59,240,262,-22
2018-04-30 23:00,239,260,-21
2018-04-30 23:01,239,259,-20
2018-04-30 23:02,236,258,-22
2018-04-30 23:03,235,256,-21
2018-04-30 23:04,233,255,-22
2018-04-30 23:05,232,253,-21
2018-04-30 23:06,231,252,-21
2018-04-30 23:07,230,251,-21
2018-04-30 23:08,228,249,-21
2018-04-30 23:09,227,248,-21
2018-04-30 23:10,227,246,-19
2018-04-30 23:11,225,245,-20
2018-04-30 23:12,224,243,-19
2018-04-30 23:13,223,242,-19
2018-04-30 23:14,221,241,-20
2018-04-30 23:15,220,239,-19
2018-04-30 23:16,219,238,-19
2018-04-30 23:17,217,236,-19
2018-04-30 23:18,216,235,-19
2018-04-30 23:19,215,233,-18
2018-04-30 23:20,213,232,-19
2018-04-30 23:21,212,230,-18
2018-04-30 23:22,211,229,-18
2018-04-30 23:23,210,227,-17
2018-04-30 23:24,209,226,-17
2018-04-30 23:25,208,225,-17
2018-04-30 23:26,206,223,-17
2018-04-30 23:27,205,222,-17
2018-04-30 23:28,204,220,-16
2018-04-30 23:29,203,219,-16
2018-04-30 23:30,202,217,-15
2018-04-30 23:31,201,216,-15
2018-04-30 23:32,200,214,-14
2018-04-30 23:33,198,213,-15
2018-04-30 23:34,197,211,-14
2018-04-30 23:35,196,210,-14
2018-04-30 23:36,195,209,-14
2018-04-30 23:37,194,207,-13
2018-04-30 23:38,193,206,-13
2018-04-30 23:39,191,204,-13
2018-04-30 23:40,190,203,-13
2018-04-30 23:41,189,201,-12
2018-04-30 23:42,188,200,-12
2018-04-30 23:43,187,198,-11
2018-04-30 23:44,186,197,-11
2018-04-30 23:45,185,196,-11
2018-04-30 23:46,184,194,-10
2018-04-30 23:47,183,193,-10
2018-04-30 23:48,181,191,-10
2018-04-30 23:49,180,190,-10
2018-04-30 23:50,179,188,-9
2018-04-30 23:51,179,187,-8
2018-04-30 23:52,177,186,-9
2018-04-30 23:53,176,184,-8
2018-04-30 23:54,175,183,-8
2018-04-30 23:55,173,181,-8
2018-04-30 23:56,172,180,-8
2018-04-30 23:57,171,179,-8
2018-04-30 23:58,170,177,-7
2018-04-30 23:59,169,176,-7
2018-05-01 0:00,168,174,-6
2018-05-01 0:01,167,173,-6
2018-05-01 0:02,166,172,-6
2018-05-01 0:03,165,170,-5
2018-05-01 0:04,164,169,-5
2018-05-01 0:05,163,168,-5
2018-05-01 0:06,161,166,-5
2018-05-01 0:07,160,165,-5
2018-05-01 0:08,159,164,-5
2018-05-01 0:09,158,162,-4
2018-05-01 0:10,157,161,-4
2018-05-01 0:11,156,160,-4
2018-05-01 0:12,155,158,-3
2018-05-01 0:13,154,157,-3
2018-05-01 0:14,153,156,-3
2018-05-01 0:15,152,154,-2
2018-05-01 0:16,151,153,-2
2018-05-01 0:17,150,152,-2
2018-05-01 0:18,149,151,-2
2018-05-01 0:19,148,149,-1
2018-05-01 0:20,147,148,-1
2018-05-01 0:21,146,147,-1
2018-05-01 0:22,145,146,-1
2018-05-01 0:23,144,144,0
2018-05-01 0:24,143,143,0
2018-05-01 0:25,142,142,0
2018-05-01 0:26,141,141,0
2018-05-01 0:27,140,140,0
2018-05-01 0:28,139,139,0
2018-05-01 0:29,138,137,1
2018-05-01 0:30,137,136,1
2018-05-01 0:31,136,135,1
2018-05-01 0:32,135,134,1
2018-05-01 0:33,134,133,1
2018-05-01 0:34,133,132,1
2018-05-01 0:35,132,131,1
2018-05-01 0:36,131,130,1
2018-05-01 0:37,130,129,1
2018-05-01 0:38,129,128,1
2018-05-01 0:39,128,127,1
2018-05-01 0:40,127,125,2
2018-05-01 0:41,126,124,2
2018-05-01 0:42,125,123,2
2018-05-01 0:43,124,122,2
2018-05-01 0:44,123,122,1
2018-05-01 0:45,122,121,1
2018-05-01 0:46,121,120,1
2018-05-01 0:47,120,119,1
2018-05-01 0:48,119,118,1
2018-05-01 0:49,118,117,1
2018-05-01 0:50,118,116,2
2018-05-01 0:51,116,115,1
2018-05-01 0:52,116,114,2
2018-05-01 0:53,115,113,2
2018-05-01 0:54,114,112,2
2018-05-01 0:55,113,112,1
2018-05-01 0:56,112,111,1
2018-05-01 0:57,111,110,1
2018-05-01 0:58,110,109,1
2018-05-01 0:59,109,108,1
2018-05-01 1:00,109,108,1
2018-05-01 1:01,108,107,1
2018-05-01 1:02,107,106,1
2018-05-01 1:03,106,105,1
2018-05-01 1:04,105,105,0
2018-05-01 1:05,104,104,0
2018-05-01 1:06,103,103,0
2018-05-01 1:07,102,103,-1
2018-05-01 1:08,101,102,-1
2018-05-01 1:09,100,101,-1
2018-05-01 1:10,99,101,-2
2018-05-01 1:11,98,100,-2
2018-05-01 1:12,97,100,-3
2018-05-01 1:13,97,99,-2
2018-05-01 1:14,96,99,-3
2018-05-01 1:15,95,98,-3
2018-05-01 1:16,94,98,-4
2018-05-01 1:17,94,97,-3
2018-05-01 1:18,93,97,-4
2018-05-01 1:19,92,96,-4
2018-05-01 1:20,91,96,-5
2018-05-01 1:21,90,95,-5
2018-05-01 1:22,89,95,-6
2018-05-01 1:23,89,94,-5
2018-05-01 1:24,88,94,-6
2018-05-01 1:25,87,94,-7
2018-05-01 1:26,86,93,-7
2018-05-01 1:27,85,93,-8
2018-05-01 1:28,84,93,-9
2018-05-01 1:29,83,92,-9
2018-05-01 1:30,83,92,-9
2018-05-01 1:31,82,92,-10
2018-05-01 1:32,81,92,-11
2018-05-01 1:33,80,91,-11
2018-05-01 1:34,79,91,-12
2018-05-01 1:35,78,91,-13
2018-05-01 1:36,78,91,-13
2018-05-01 1:37,77,91,-14
2018-05-01 1:38,76,90,-14
2018-05-01 1:39,75,90,-15
2018-05-01 1:40,75,90,-15
2018-05-01 1:41,74,90,-16
2018-05-01 1:42,73,90,-17
2018-05-01 1:43,73,90,-17
2018-05-01 1:44,72,90,-18
2018-05-01 1:45,72,90,-18
2018-05-01 1:46,71,90,-19
2018-05-01 1:47,70,90,-20
2018-05-01 1:48,70,90,-20
2018-05-01 1:49,69,90,-21
2018-05-01 1:50,69,90,-21
2018-05-01 1:51,68,90,-22
2018-05-01 1:52,68,90,-22
2018-05-01 1:53,67,90,-23
2018-05-01 1:54,67,90,-23
2018-05-01 1:55,66,91,-25
2018-05-01 1:56,66,91,-25
2018-05-01 1:57,65,91,-26
2018-05-01 1:58,65,91,-26
2018-05-01 1:59,65,91,-26
2018-05-01 2:00,65,92,-27
2018-05-01 2:01,64,92,-28
2018-05-01 2:02,64,92,-28
2018-05-01 2:03,64,93,-29
2018-05-01 2:04,64,93,-29
2018-05-01 2:05,65,93,-28
2018-05-01 2:06,65,94,-29
2018-05-01 2:07,65,94,-29
2018-05-01 2:08,66,95,-29
2018-05-01 2:09,67,95,-28
2018-05-01 2:10,68,95,-27
2018-05-01 2:11,69,96,-27
2018-05-01 2:12,71,96,-25
2018-05-01 2:13,72,97,-25
2018-05-01 2:14,75,97,-22
2018-05-01 2:15,77,98,-21
2018-05-01 2:16,80,99,-19
2018-05-01 2:17,82,99,-17
2018-05-01 2:18,85,100,-15
2018-05-01 2:19,88,100,-12
2018-05-01 2:20,91,101,-10
2018-05-01 2:21,94,102,-8
2018-05-01 2:22,96,102,-6
2018-05-01 2:23,99,103,-4
2018-05-01 2:24,102,104,-2
2018-05-01 2:25,104,105,-1
2018-05-01 2:26,106,105,1
2018-05-01 2:27,109,106,3
2018-05-01 2:28,110,107,3
2018-05-01 2:29,112,108,4
2018-05-01 2:30,114,109,5
2018-05-01 2:31,115,110,5
2018-05-01 2:32,117,111,6
2018-05-01 2:33,119,111,8
2018-05-01 2:34,121,112,9
2018-05-01 2:35,123,113,10
2018-05-01 2:36,125,114,11
2018-05-01 2:37,127,115,12
2018-05-01 2:38,128,116,12
2018-05-01 2:39,130,117,13
2018-05-01 2:40,132,119,13
2018-05-01 2:41,133,120,13
2018-05-01 2:42,135,121,14
2018-05-01 2:43,136,122,14
2018-05-01 2:44,138,123,15
2018-05-01 2:45,140,124,16
2018-05-01 2:46,141,125,16
2018-05-01 2:47,143,127,16
2018-05-01 2:48,145,128,17
2018-05-01 2:49,146,129,17
2018-05-01 2:50,148,131,17
2018-05-01 2:51,149,132,17
2018-05-01 2:52,150,133,17
2018-05-01 2:53,152,135,17
2018-05-01 2:54,154,136,18
2018-05-01 2:55,155,137,18
2018-05-01 2:56,157,139,18
2018-05-01 2:57,158,140,18
2018-05-01 2:58,160,142,18
2018-05-01 2:59,161,143,18
2018-05-01 3:00,163,145,18
2018-05-01 3:01,164,146,18
2018-05-01 3:02,166,148,18
2018-05-01 3:03,167,150,17
2018-05-01 3:04,168,151,17
2018-05-01 3:05,169,153,16
2018-05-01 3:06,171,155,16
2018-05-01 3:07,172,156,16
2018-05-01 3:08,173,158,15
2018-05-01 3:09,175,160,15
2018-05-01 3:10,176,162,14
2018-05-01 3:11,178,163,15
2018-05-01 3:12,179,165,14
2018-05-01 3:13,181,167,14
2018-05-01 3:14,182,169,13
2018-05-01 3:15,184,171,13
2018-05-01 3:16,185,173,12
2018-05-01 3:17,186,175,11
2018-05-01 3:18,188,177,11
2018-05-01 3:19,189,179,10
2018-05-01 3:20,191,181,10
2018-05-01 3:21,192,183,9
2018-05-01 3:22,194,185,9
2018-05-01 3:23,195,187,8
2018-05-01 3:24,197,189,8
2018-05-01 3:25,199,191,8
2018-05-01 3:26,201,193,8
2018-05-01 3:27,202,195,7
2018-05-01 3:28,204,197,7
2018-05-01 3:29,206,200,6
2018-05-01 3:30,207,202,5
2018-05-01 3:31,209,204,5
2018-05-01 3:32,211,207,4
2018-05-01 3:33,213,209,4
2018-05-01 3:34,215,211,4
2018-05-01 3:35,217,214,3
2018-05-01 3:36,219,216,3
2018-05-01 3:37,221,218,3
2018-05-01 3:38,223,221,2
2018-05-01 3:39,225,223,2
2018-05-01 3:40,228,226,2
2018-05-01 3:41,230,228,2
2018-05-01 3:42,233,231,2
2018-05-01 3:43,235,233,2
2018-05-01 3:44,238,236,2
2018-05-01 3:45,240,238,2
2018-05-01 3:46,243,241,2
2018-05-01 3:47,245,244,1
2018-05-01 3:48,248,246,2
2018-05-01 3:49,251,249,2
2018-05-01 3:50,254,252,2
2018-05-01 3:51,257,254,3
2018-05-01 3:52,260,257,3
2018-05-01 3:53,263,260,3
2018-05-01 3:54,265,262,3
2018-05-01 3:55,269,265,4
2018-05-01 3:56,272,268,4
2018-05-01 3:57,275,271,4
2018-05-01 3:58,278,274,4
2018-05-01 3:59,281,277,4
2018-05-01 4:00,283,280,3
2018-05-01 4:01,287,282,5
2018-05-01 4:02,290,285,5
2018-05-01 4:03,293,288,5
2018-05-01 4:04,296,291,5
2018-05-01 4:05,299,294,5
2018-05-01 4:06,302,297,5
2018-05-01 4:07,305,300,5
2018-05-01 4:08,308,303,5
2018-05-01 4:09,311,306,5
2018-05-01 4:10,314,309,5
2018-05-01 4:11,317,312,5
2018-05-01 4:12,320,316,4
2018-05-01 4:13,322,319,3
2018-05-01 4:14,325,322,3
2018-05-01 4:15,328,325,3
2018-05-01 4:16,331,328,3
2018-05-01 4:17,334,331,3
2018-05-01 4:18,337,334,3
2018-05-01 4:19,340,338,2
2018-05-01 4:20,342,341,1
2018-05-01 4:21,345,344,1
2018-05-01 4:22,348,347,1
2018-05-01 4:23,352,350,2
2018-05-01 4:24,354,354,0
2018-05-01 4:25,357,357,0
2018-05-01 4:26,360,360,0
2018-05-01 4:27,363,364,-1
2018-05-01 4:28,366,367,-1
2018-05-01 4:29,369,370,-1
2018-05-01 4:30,372,373,-1
2018-05-01 4:31,375,377,-2
2018-05-01 4:32,377,380,-3
2018-05-01 4:33,380,383,-3
2018-05-01 4:34,383,387,-4
2018-05-01 4:35,386,390,-4
2018-05-01 4:36,389,393,-4
2018-05-01 4:37,392,397,-5
2018-05-01 4:38,395,400,-5
2018-05-01 4:39,398,404,-6
2018-05-01 4:40,402,407,-5
2018-05-01 4:41,405,410,-5
2018-05-01 4:42,408,414,-6
2018-05-01 4:43,411,417,-6
2018-05-01 4:44,414,420,-6
2018-05-01 4:45,417,424,-7
2018-05-01 4:46,420,427,-7
2018-05-01 4:47,423,431,-8
2018-05-01 4:48,426,434,-8
2018-05-01 4:49,429,437,-8
2018-05-01 4:50,432,441,-9
2018-05-01 4:51,435,444,-9
2018-05-01 4:52,438,448,-10
2018-05-01 4:53,442,451,-9
2018-05-01 4:54,446,454,-8
2018-05-01 4:55,449,458,-9
2018-05-01 4:56,452,461,-9
2018-05-01 4:57,456,464,-8
2018-05-01 4:58,459,468,-9
2018-05-01 4:59,463,471,-8
2018-05-01 5:00,466,475,-9
2018-05-01 5:01,469,478,-9
2018-05-01 5:02,472,481,-9
2018-05-01 5:03,475,485,-10
2018-05-01 5:04,479,488,-9
2018-05-01 5:05,482,491,-9
2018-05-01 5:06,485,494,-9
2018-05-01 5:07,488,498,-10
2018-05-01 5:08,490,501,-11
2018-05-01 5:09,493,504,-11
2018-05-01 5:10,496,508,-12
2018-05-01 5:11,500,511,-11
2018-05-01 5:12,503,514,-11
2018-05-01 5:13,505,517,-12
2018-05-01 5:14,508,521,-13
2018-05-01 5:15,511,524,-13
2018-05-01 5:16,514,527,-13
2018-05-01 5:17,517,530,-13
2018-05-01 5:18,520,533,-13
2018-05-01 5:19,523,536,-13
2018-05-01 5:20,525,540,-15
2018-05-01 5:21,528,543,-15
2018-05-01 5:22,531,546,-15
2018-05-01 5:23,534,549,-15
2018-05-01 5:24,537,552,-15
2018-05-01 5:25,540,555,-15
2018-05-01 5:26,542,558,-16
2018-05-01 5:27,545,561,-16
2018-05-01 5:28,548,564,-16
2018-05-01 5:29,551,567,-16
2018-05-01 5:30,554,570,-16
2018-05-01 5:31,557,573,-16
2018-05-01 5:32,560,575,-15
2018-05-01 5:33,563,578,-15
2018-05-01 5:34,566,581,-15
2018-05-01 5:35,568,584,-16
2018-05-01 5:36,571,587,-16
2018-05-01 5:37,574,589,-15
2018-05-01 5:38,577,592,-15
2018-05-01 5:39,580,595,-15
2018-05-01 5:40,583,598,-15
2018-05-01 5:41,585,600,-15
2018-05-01 5:42,588,603,-15
2018-05-01 5:43,591,605,-14
2018-05-01 5:44,594,608,-14
2018-05-01 5:45,597,610,-13
2018-05-01 5:46,600,613,-13
2018-05-01 5:47,602,615,-13
2018-05-01 5:48,605,618,-13
2018-05-01 5:49,608,620,-12
2018-05-01 5:50,611,623,-12
2018-05-01 5:51,614,625,-11
2018-05-01 5:52,616,627,-11
2018-05-01 5:53,619,630,-11
2018-05-01 5:54,621,632,-11
2018-05-01 5:55,623,634,-11
2018-05-01 5:56,626,636,-10
2018-05-01 5:57,628,638,-10
2018-05-01 5:58,630,640,-10
2018-05-01 5:59,633,642,-9
2018-05-01 6:00,635,645,-10
2018-05-01 6:01,637,646,-9
2018-05-01 6:02,639,648,-9
2018-05-01 6:03,641,650,-9
2018-05-01 6:04,642,652,-10
2018-05-01 6:05,645,654,-9
2018-05-01 6:06,647,656,-9
2018-05-01 6:07,649,658,-9
2018-05-01 6:08,651,659,-8
2018-05-01 6:09,653,661,-8
2018-05-01 6:10,654,663,-9
2018-05-01 6:11,656,664,-8
2018-05-01 6:12,658,666,-8
2018-05-01 6:13,660,668,-8
2018-05-01 6:14,662,669,-7
2018-05-01 6:15,664,671,-7
2018-05-01 6:16,666,672,-6
2018-05-01 6:17,668,673,-5
2018-05-01 6:18,670,675,-5
2018-05-01 6:19,672,676,-4
2018-05-01 6:20,673,677,-4
2018-05-01 6:21,675,679,-4
2018-05-01 6:22,676,680,-4
2018-05-01 6:23,678,681,-3
2018-05-01 6:24,679,682,-3
2018-05-01 6:25,681,683,-2
2018-05-01 6:26,682,684,-2
2018-05-01 6:27,684,685,-1
2018-05-01 6:28,685,686,-1
2018-05-01 6:29,686,687,-1
2018-05-01 6:30,687,688,-1
2018-05-01 6:31,689,689,0
2018-05-01 6:32,689,689,0
2018-05-01 6:33,690,690,0
2018-05-01 6:34,691,691,0
2018-05-01 6:35,692,691,1
2018-05-01 6:36,693,692,1
2018-05-01 6:37,694,693,1
2018-05-01 6:38,695,693,2
2018-05-01 6:39,695,694,1
2018-05-01 6:40,696,694,2
2018-05-01 6:41,696,695,1
2018-05-01 6:42,697,695,2
2018-05-01 6:43,698,695,3
2018-05-01 6:44,698,696,2
2018-05-01 6:45,699,696,3
2018-05-01 6:46,699,696,3
2018-05-01 6:47,699,696,3
2018-05-01 6:48,700,696,4
2018-05-01 6:49,700,696,4
2018-05-01 6:50,700,696,4
2018-05-01 6:51,700,696,4
2018-05-01 6:52,700,696,4
2018-05-01 6:53,700,696,4
2018-05-01 6:54,700,696,4
2018-05-01 6:55,700,696,4
2018-05-01 6:56,700,696,4
2018-05-01 6:57,699,696,3
2018-05-01 6:58,699,695,4
2018-05-01 6:59,699,695,4
2018-05-01 7:00,698,695,3
2018-05-01 7:01,698,694,4
2018-05-01 7:02,697,694,3
2018-05-01 7:03,697,694,3
2018-05-01 7:04,696,693,3
2018-05-01 7:05,696,693,3
2018-05-01 7:06,695,692,3
2018-05-01 7:07,694,691,3
2018-05-01 7:08,693,691,2
2018-05-01 7:09,693,690,3
2018-05-01 7:10,692,689,3
2018-05-01 7:11,691,689,2
2018-05-01 7:12,690,688,2
2018-05-01 7:13,689,687,2
2018-05-01 7:14,688,686,2
2018-05-01 7:15,687,685,2
2018-05-01 7:16,686,685,1
2018-05-01 7:17,685,684,1
2018-05-01 7:18,684,683,1
2018-05-01 7:19,682,682,0
2018-05-01 7:20,682,681,1
2018-05-01 7:21,680,680,0
2018-05-01 7:22,679,678,1
2018-05-01 7:23,678,677,1
2018-05-01 7:24,677,676,1
2018-05-01 7:25,676,675,1
2018-05-01 7:26,675,674,1
2018-05-01 7:27,674,673,1
2018-05-01 7:28,673,671,2
2018-05-01 7:29,672,670,2
2018-05-01 7:30,671,669,2
2018-05-01 7:31,670,667,3
2018-05-01 7:32,668,666,2
2018-05-01 7:33,667,665,2
2018-05-01 7:34,665,663,2
2018-05-01 7:35,664,662,2
2018-05-01 7:36,662,660,2
2018-05-01 7:37,661,659,2
2018-05-01 7:38,659,657,2
2018-05-01 7:39,658,656,2
2018-05-01 7:40,656,654,2
2018-05-01 7:41,655,653,2
2018-05-01 7:42,653,651,2
2018-05-01 7:43,652,650,2
2018-05-01 7:44,650,648,2
2018-05-01 7:45,648,646,2
2018-05-01 7:46,646,645,1
2018-05-01 7:47,645,643,2
2018-05-01 7:48,643,641,2
2018-05-01 7:49,641,639,2
2018-05-01 7:50,639,638,1
2018-05-01 7:51,638,636,2
2018-05-01 7:52,636,634,2
2018-05-01 7:53,635,632,3
2018-05-01 7:54,633,631,2
2018-05-01 7:55,631,629,2
2018-05-01 7:56,630,627,3
2018-05-01 7:57,629,625,4
2018-05-01 7:58,627,623,4
2018-05-01 7:59,625,621,4
2018-05-01 8:00,624,619,5
2018-05-01 8:01,622,618,4
2018-05-01 8:02,621,616,5
2018-05-01 8:03,619,614,5
2018-05-01 8:04,617,612,5
2018-05-01 8:05,615,610,5
2018-05-01 8:06,613,608,5
2018-05-01 8:07,612,606,6
2018-05-01 8:08,610,604,6
2018-05-01 8:09,608,602,6
2018-05-01 8:10,606,600,6
2018-05-01 8:11,604,598,6
2018-05-01 8:12,602,596,6
2018-05-01 8:13,600,594,6
2018-05-01 8:14,599,592,7
2018-05-01 8:15,597,590,7
2018-05-01 8:16,595,588,7
2018-05-01 8:17,593,586,7
2018-05-01 8:18,591,584,7
2018-05-01 8:19,589,582,7
2018-05-01 8:20,587,580,7
2018-05-01 8:21,585,578,7
2018-05-01 8:22,583,576,7
2018-05-01 8:23,581,574,7
2018-05-01 8:24,579,572,7
2018-05-01 8:25,577,570,7
2018-05-01 8:26,575,568,7
2018-05-01 8:27,573,566,7
2018-05-01 8:28,571,563,8
2018-05-01 8:29,569,561,8
2018-05-01 8:30,567,559,8
2018-05-01 8:31,565,557,8
2018-05-01 8:32,563,555,8
2018-05-01 8:33,561,553,8
2018-05-01 8:34,559,551,8
2018-05-01 8:35,557,549,8
2018-05-01 8:36,555,547,8
2018-05-01 8:37,553,545,8
2018-05-01 8:38,551,543,8
2018-05-01 8:39,549,541,8
2018-05-01 8:40,547,539,8
2018-05-01 8:41,545,537,8
2018-05-01 8:42,543,535,8
2018-05-01 8:43,541,533,8
2018-05-01 8:44,539,531,8
2018-05-01 8:45,537,529,8
2018-05-01 8:46,536,527,9
2018-05-01 8:47,533,525,8
2018-05-01 8:48,531,523,8
2018-05-01 8:49,529,521,8
2018-05-01 8:50,527,519,8
2018-05-01 8:51,525,517,8
2018-05-01 8:52,524,515,9
2018-05-01 8:53,522,513,9
2018-05-01 8:54,520,511,9
2018-05-01 8:55,518,509,9
2018-05-01 8:56,515,507,8
2018-05-01 8:57,513,505,8
2018-05-01 8:58,511,504,7
2018-05-01 8:59,509,502,7
2018-05-01 9:00,507,500,7
2018-05-01 9:01,505,498,7
2018-05-01 9:02,504,496,8
2018-05-01 9:03,502,494,8
2018-05-01 9:04,500,492,8
2018-05-01 9:05,498,490,8
2018-05-01 9:06,496,489,7
2018-05-01 9:07,494,487,7
2018-05-01 9:08,492,485,7
2018-05-01 9:09,490,483,7
2018-05-01 9:10,488,481,7
2018-05-01 9:11,486,479,7
2018-05-01 9:12,485,478,7
2018-05-01 9:13,483,476,7
2018-05-01 9:14,481,474,7
2018-05-01 9:15,478,472,6
2018-05-01 9:16,477,470,7
2018-05-01 9:17,475,469,6
2018-05-01 9:18,473,467,6
2018-05-01 9:19,471,465,6
2018-05-01 9:20,469,463,6
2018-05-01 9:21,467,462,5
2018-05-01 9:22,466,460,6
2018-05-01 9:23,464,458,6
2018-05-01 9:24,462,457,5
2018-05-01 9:25,460,455,5
2018-05-01 9:26,458,453,5
2018-05-01 9:27,456,452,4
2018-05-01 9:28,454,450,4
2018-05-01 9:29,453,448,5
2018-05-01 9:30,451,447,4
2018-05-01 9:31,449,445,4
2018-05-01 9:32,447,443,4
2018-05-01 9:33,445,442,3
2018-05-01 9:34,443,440,3
2018-05-01 9:35,441,439,2
2018-05-01 9:36,439,437,2
2018-05-01 9:37,437,435,2
2018-05-01 9:38,435,434,1
2018-05-01 9:39,433,432,1
2018-05-01 9:40,432,431,1
2018-05-01 9:41,430,429,1
2018-05-01 9:42,429,428,1
2018-05-01 9:43,427,426,1
2018-05-01 9:44,425,425,0
2018-05-01 9:45,423,423,0
2018-05-01 9:46,421,421,0
2018-05-01 9:47,419,420,-1
2018-05-01 9:48,417,418,-1
2018-05-01 9:49,415,417,-2
2018-05-01 9:50,413,415,-2
2018-05-01 9:51,412,414,-2
2018-05-01 9:52,410,413,-3
2018-05-01 9:53,409,411,-2
2018-05-01 9:54,407,410,-3
2018-05-01 9:55,405,408,-3
2018-05-01 9:56,403,407,-4
2018-05-01 9:57,401,405,-4
2018-05-01 9:58,399,404,-5
2018-05-01 9:59,397,402,-5
2018-05-01 10:00,396,401,-5
2018-05-01 10:01,394,399,-5
2018-05-01 10:02,392,398,-6
2018-05-01 10:03,391,397,-6
2018-05-01 10:04,389,395,-6
2018-05-01 10:05,388,394,-6
2018-05-01 10:06,386,392,-6
2018-05-01 10:07,384,391,-7
2018-05-01 10:08,382,390,-8
2018-05-01 10:09,380,388,-8
2018-05-01 10:10,379,387,-8
2018-05-01 10:11,377,385,-8
2018-05-01 10:12,375,384,-9
2018-05-01 10:13,374,383,-9
2018-05-01 10:14,372,381,-9
2018-05-01 10:15,370,380,-10
2018-05-01 10:16,369,378,-9
2018-05-01 10:17,367,377,-10
2018-05-01 10:18,365,376,-11
2018-05-01 10:19,363,374,-11
2018-05-01 10:20,361,373,-12
2018-05-01 10:21,360,371,-11
2018-05-01 10:22,358,370,-12
2018-05-01 10:23,356,369,-13
2018-05-01 10:24,355,367,-12
2018-05-01 10:25,353,366,-13
2018-05-01 10:26,351,365,-14
2018-05-01 10:27,350,363,-13
2018-05-01 10:28,348,362,-14
2018-05-01 10:29,346,360,-14
2018-05-01 10:30,344,359,-15
2018-05-01 10:31,343,358,-15
2018-05-01 10:32,341,356,-15
2018-05-01 10:33,339,355,-16
2018-05-01 10:34,338,354,-16
2018-05-01 10:35,336,352,-16
2018-05-01 10:36,335,351,-16
2018-05-01 10:37,333,349,-16
2018-05-01 10:38,332,348,-16
2018-05-01 10:39,330,347,-17
2018-05-01 10:40,328,345,-17
2018-05-01 10:41,327,344,-17
2018-05-01 10:42,325,343,-18
2018-05-01 10:43,323,341,-18
2018-05-01 10:44,322,340,-18
2018-05-01 10:45,320,338,-18
2018-05-01 10:46,319,337,-18
2018-05-01 10:47,317,336,-19
2018-05-01 10:48,316,334,-18
2018-05-01 10:49,315,333,-18
2018-05-01 10:50,313,331,-18
2018-05-01 10:51,312,330,-18
2018-05-01 10:52,310,329,-19
2018-05-01 10:53,308,327,-19
2018-05-01 10:54,307,326,-19
2018-05-01 10:55,305,324,-19
2018-05-01 10:56,304,323,-19
2018-05-01 10:57,302,321,-19
2018-05-01 10:58,301,320,-19
2018-05-01 10:59,300,319,-19
2018-05-01 11:00,298,317,-19
2018-05-01 11:01,297,316,-19
2018-05-01 11:02,295,314,-19
2018-05-01 11:03,294,313,-19
2018-05-01 11:04,292,311,-19
2018-05-01 11:05,291,310,-19
2018-05-01 11:06,289,309,-20
2018-05-01 11:07,288,307,-19
2018-05-01 11:08,287,306,-19
2018-05-01 11:09,285,304,-19
2018-05-01 11:10,284,303,-19
2018-05-01 11:11,282,301,-19
2018-05-01 11:12,281,300,-19
2018-05-01 11:13,280,298,-18
2018-05-01 11:14,278,297,-19
2018-05-01 11:15,277,295,-18
2018-05-01 11:16,276,294,-18
2018-05-01 11:17,274,292,-18
2018-05-01 11:18,273,291,-18
2018-05-01 11:19,271,289,-18
2018-05-01 11:20,270,288,-18
2018-05-01 11:21,268,286,-18
2018-05-01 11:22,267,285,-18
2018-05-01 11:23,266,283,-17
2018-05-01 11:24,264,282,-18
2018-05-01 11:25,263,280,-17
2018-05-01 11:26,262,279,-17
2018-05-01 11:27,261,277,-16
2018-05-01 11:28,259,276,-17
2018-05-01 11:29,258,274,-16
2018-05-01 11:30,257,273,-16
2018-05-01 11:31,256,271,-15
2018-05-01 11:32,254,270,-16
2018-05-01 11:33,253,268,-15
2018-05-01 11:34,251,267,-16
2018-05-01 11:35,250,265,-15
2018-05-01 11:36,249,264,-15
2018-05-01 11:37,248,262,-14
2018-05-01 11:38,246,261,-15
2018-05-01 11:39,245,259,-14
2018-05-01 11:40,244,258,-14
2018-05-01 11:41,243,256,-13
2018-05-01 11:42,242,255,-13
2018-05-01 11:43,240,253,-13
2018-05-01 11:44,239,252,-13
2018-05-01 11:45,238,250,-12
2018-05-01 11:46,237,248,-11
2018-05-01 11:47,235,247,-12
2018-05-01 11:48,234,245,-11
2018-05-01 11:49,233,244,-11
2018-05-01 11:50,231,242,-11
2018-05-01 11:51,230,241,-11
2018-05-01 11:52,229,239,-10
2018-05-01 11:53,227,238,-11
2018-05-01 11:54,226,236,-10
2018-05-01 11:55,225,235,-10
2018-05-01 11:56,224,233,-9
2018-05-01 11:57,223,232,-9
2018-05-01 11:58,222,230,-8
2018-05-01 11:59,221,229,-8
2018-05-01 12:00,219,227,-8
2018-05-01 12:01,218,226,-8
2018-05-01 12:02,217,224,-7
2018-05-01 12:03,215,223,-8
2018-05-01 12:04,214,221,-7
2018-05-01 12:05,213,220,-7
2018-05-01 12:06,212,218,-6
2018-05-01 12:07,211,217,-6
2018-05-01 12:08,210,215,-5
2018-05-01 12:09,208,214,-6
2018-05-01 12:10,207,212,-5
2018-05-01 12:11,206,211,-5
2018-05-01 12:12,205,209,-4
2018-05-01 12:13,203,208,-5
2018-05-01 12:14,203,206,-3
2018-05-01 12:15,202,205,-3
2018-05-01 12:16,200,203,-3
2018-05-01 12:17,199,202,-3
2018-05-01 12:18,198,200,-2
2018-05-01 12:19,197,199,-2
2018-05-01 12:20,196,198,-2
2018-05-01 12:21,194,196,-2
2018-05-01 12:22,193,195,-2
2018-05-01 12:23,192,193,-1
2018-05-01 12:24,191,192,-1
2018-05-01 12:25,190,190,0
2018-05-01 12:26,189,189,0
2018-05-01 12:27,188,188,0
2018-05-01 12:28,187,186,1
2018-05-01 12:29,186,185,1
2018-05-01 12:30,184,184,0
2018-05-01 12:31,183,182,1
2018-05-01 12:32,182,181,1
2018-05-01 12:33,181,180,1
2018-05-01 12:34,180,178,2
2018-05-01 12:35,179,177,2
2018-05-01 12:36,178,176,2
2018-05-01 12:37,177,174,3
2018-05-01 12:38,176,173,3
2018-05-01 12:39,175,172,3
2018-05-01 12:40,174,170,4
2018-05-01 12:41,173,169,4
2018-05-01 12:42,172,168,4
2018-05-01 12:43,171,167,4
2018-05-01 12:44,170,165,5
2018-05-01 12:45,169,164,5
2018-05-01 12:46,168,163,5
2018-05-01 12:47,166,162,4
2018-05-01 12:48,165,160,5
2018-05-01 12:49,164,159,5
2018-05-01 12:50,164,158,6
2018-05-01 12:51,163,157,6
2018-05-01 12:52,161,156,5
2018-05-01 12:53,160,155,5
2018-05-01 12:54,159,153,6
2018-05-01 12:55,158,152,6
2018-05-01 12:56,157,151,6
2018-05-01 12:57,156,150,6
2018-05-01 12:58,154,149,5
2018-05-01 12:59,154,148,6
2018-05-01 13:00,153,147,6
2018-05-01 13:01,152,146,6
2018-05-01 13:02,151,145,6
2018-05-01 13:03,150,144,6
2018-05-01 13:04,149,143,6
2018-05-01 13:05,148,142,6
2018-05-01 13:06,147,141,6
2018-05-01 13:07,146,140,6
2018-05-01 13:08,145,139,6
2018-05-01 13:09,144,138,6
2018-05-01 13:10,143,137,6
2018-05-01 13:11,142,136,6
2018-05-01 13:12,141,135,6
2018-05-01 13:13,140,134,6
2018-05-01 13:14,139,133,6
2018-05-01 13:15,138,132,6
2018-05-01 13:16,137,132,5
2018-05-01 13:17,136,131,5
2018-05-01 13:18,135,130,5
2018-05-01 13:19,134,129,5
2018-05-01 13:20,133,128,5
2018-05-01 13:21,132,128,4
2018-05-01 13:22,131,127,4
2018-05-01 13:23,131,126,5
2018-05-01 13:24,130,125,5
2018-05-01 13:25,129,125,4
2018-05-01 13:26,128,124,4
2018-05-01 13:27,127,123,4
2018-05-01 13:28,126,123,3
2018-05-01 13:29,125,122,3
2018-05-01 13:30,124,121,3
2018-05-01 13:31,123,121,2
2018-05-01 13:32,122,120,2
2018-05-01 13:33,121,119,2
2018-05-01 13:34,120,119,1
2018-05-01 13:35,119,118,1
2018-05-01 13:36,118,118,0
2018-05-01 13:37,118,117,1
2018-05-01 13:38,117,117,0
2018-05-01 13:39,116,116,0
2018-05-01 13:40,115,116,-1
2018-05-01 13:41,114,115,-1
2018-05-01 13:42,114,115,-1
2018-05-01 13:43,113,114,-1
2018-05-01 13:44,112,114,-2
2018-05-01 13:45,111,113,-2
2018-05-01 13:46,110,113,-3
2018-05-01 13:47,110,113,-3
2018-05-01 13:48,109,112,-3
2018-05-01 13:49,109,112,-3
2018-05-01 13:50,107,112,-5
2018-05-01 13:51,106,111,-5
2018-05-01 13:52,105,111,-6
2018-05-01 13:53,105,111,-6
2018-05-01 13:54,104,111,-7
2018-05-01 13:55,102,110,-8
2018-05-01 13:56,102,110,-8
2018-05-01 13:57,101,110,-9
2018-05-01 13:58,100,110,-10
2018-05-01 13:59,99,110,-11
2018-05-01 14:00,99,109,-10
2018-05-01 14:01,98,109,-11
2018-05-01 14:02,97,109,-12
2018-05-01 14:03,96,109,-13
2018-05-01 14:04,96,109,-13
2018-05-01 14:05,95,109,-14
2018-05-01 14:06,94,109,-15
2018-05-01 14:07,94,109,-15
2018-05-01 14:08,93,109,-16
2018-05-01 14:09,93,109,-16
2018-05-01 14:10,92,109,-17
2018-05-01 14:11,91,109,-18
2018-05-01 14:12,91,109,-18
2018-05-01 14:13,91,109,-18
2018-05-01 14:14,90,109,-19
2018-05-01 14:15,89,109,-20
2018-05-01 14:16,89,109,-20
2018-05-01 14:17,88,110,-22
2018-05-01 14:18,88,110,-22
2018-05-01 14:19,88,110,-22
2018-05-01 14:20,87,110,-23
2018-05-01 14:21,87,110,-23
2018-05-01 14:22,87,111,-24
2018-05-01 14:23,86,111,-25
2018-05-01 14:24,87,111,-24
2018-05-01 14:25,86,111,-25
2018-05-01 14:26,86,112,-26
2018-05-01 14:27,86,112,-26
2018-05-01 14:28,86,112,-26
2018-05-01 14:29,87,113,-26
2018-05-01 14:30,87,113,-26
2018-05-01 14:31,88,114,-26
2018-05-01 14:32,88,114,-26
2018-05-01 14:33,89,114,-25
2018-05-01 14:34,90,115,-25
2018-05-01 14:35,91,115,-24
2018-05-01 14:36,93,116,-23
2018-05-01 14:37,94,116,-22
2018-05-01 14:38,96,117,-21
2018-05-01 14:39,99,118,-19
2018-05-01 14:40,101,118,-17
2018-05-01 14:41,104,119,-15
2018-05-01 14:42,107,119,-12
2018-05-01 14:43,110,120,-10
2018-05-01 14:44,112,121,-9
2018-05-01 14:45,115,121,-6
2018-05-01 14:46,117,122,-5
2018-05-01 14:47,119,123,-4
2018-05-01 14:48,122,124,-2
2018-05-01 14:49,124,124,0
2018-05-01 14:50,127,125,2
2018-05-01 14:51,130,126,4
2018-05-01 14:52,132,127,5
2018-05-01 14:53,134,128,6
2018-05-01 14:54,136,129,7
2018-05-01 14:55,138,129,9
2018-05-01 14:56,140,130,10
2018-05-01 14:57,142,131,11
2018-05-01 14:58,144,132,12
2018-05-01 14:59,146,133,13
2018-05-01 15:00,148,134,14
2018-05-01 15:01,149,135,14
2018-05-01 15:02,151,136,15
2018-05-01 15:03,152,137,15
2018-05-01 15:04,154,138,16
2018-05-01 15:05,155,140,15
2018-05-01 15:06,157,141,16
2018-05-01 15:07,158,142,16
2018-05-01 15:08,159,143,16
2018-05-01 15:09,161,144,17
2018-05-01 15:10,163,145,18
2018-05-01 15:11,164,147,17
2018-05-01 15:12,166,148,18
2018-05-01 15:13,167,149,18
2018-05-01 15:14,168,150,18
2018-05-01 15:15,169,152,17
2018-05-01 15:16,171,153,18
2018-05-01 15:17,172,154,18
2018-05-01 15:18,174,156,18
2018-05-01 15:19,175,157,18
2018-05-01 15:20,177,159,18
2018-05-01 15:21,178,160,18
2018-05-01 15:22,179,162,17
2018-05-01 15:23,181,163,18
2018-05-01 15:24,182,165,17
2018-05-01 15:25,183,166,17
2018-05-01 15:26,185,168,17
2018-05-01 15:27,186,169,17
2018-05-01 15:28,187,171,16
2018-05-01 15:29,188,172,16
2018-05-01 15:30,189,174,15
2018-05-01 15:31,190,176,14
2018-05-01 15:32,191,177,14
2018-05-01 15:33,193,179,14
2018-05-01 15:34,194,181,13
2018-05-01 15:35,195,183,12
2018-05-01 15:36,196,184,12
2018-05-01 15:37,197,186,11
2018-05-01 15:38,199,188,11
2018-05-01 15:39,200,190,10
2018-05-01 15:40,201,192,9
2018-05-01 15:41,202,194,8
2018-05-01 15:42,204,196,8
2018-05-01 15:43,205,197,8
2018-05-01 15:44,206,199,7
2018-05-01 15:45,208,201,7
2018-05-01 15:46,209,203,6
2018-05-01 15:47,210,205,5
2018-05-01 15:48,212,207,5
2018-05-01 15:49,213,209,4
2018-05-01 15:50,215,212,3
2018-05-01 15:51,216,214,2
2018-05-01 15:52,218,216,2
2018-05-01 15:53,219,218,1
2018-05-01 15:54,221,220,1
2018-05-01 15:55,223,222,1
2018-05-01 15:56,224,225,-1
2018-05-01 15:57,226,227,-1
2018-05-01 15:58,227,229,-2
2018-05-01 15:59,229,231,-2
2018-05-01 16:00,231,234,-3
2018-05-01 16:01,233,236,-3
2018-05-01 16:02,235,238,-3
2018-05-01 16:03,237,241,-4
2018-05-01 16:04,239,243,-4
2018-05-01 16:05,241,245,-4
2018-05-01 16:06,244,248,-4
2018-05-01 16:07,246,250,-4
2018-05-01 16:08,248,253,-5
2018-05-01 16:09,250,255,-5
2018-05-01 16:10,253,258,-5
2018-05-01 16:11,255,260,-5
2018-05-01 16:12,258,263,-5
2018-05-01 16:13,261,265,-4
2018-05-01 16:14,263,268,-5
2018-05-01 16:15,266,270,-4
2018-05-01 16:16,269,273,-4
2018-05-01 16:17,272,276,-4
2018-05-01 16:18,275,278,-3
2018-05-01 16:19,277,281,-4
2018-05-01 16:20,280,283,-3
2018-05-01 16:21,283,286,-3
2018-05-01 16:22,285,289,-4
2018-05-01 16:23,288,292,-4
2018-05-01 16:24,291,294,-3
2018-05-01 16:25,294,297,-3
2018-05-01 16:26,297,300,-3
2018-05-01 16:27,300,303,-3
2018-05-01 16:28,302,305,-3
2018-05-01 16:29,305,308,-3
2018-05-01 16:30,308,311,-3
2018-05-01 16:31,311,314,-3
2018-05-01 16:32,314,317,-3
2018-05-01 16:33,316,320,-4
2018-05-01 16:34,319,322,-3
2018-05-01 16:35,322,325,-3
2018-05-01 16:36,325,328,-3
2018-05-01 16:37,328,331,-3
2018-05-01 16:38,331,334,-3
2018-05-01 16:39,334,337,-3
2018-05-01 16:40,337,340,-3
2018-05-01 16:41,339,343,-4
2018-05-01 16:42,342,346,-4
2018-05-01 16:43,345,349,-4
2018-05-01 16:44,348,352,-4
2018-05-01 16:45,350,355,-5
2018-05-01 16:46,353,358,-5
2018-05-01 16:47,356,361,-5
2018-05-01 16:48,358,364,-6
2018-05-01 16:49,361,367,-6
2018-05-01 16:50,364,370,-6
2018-05-01 16:51,367,373,-6
2018-05-01 16:52,370,376,-6
2018-05-01 16:53,373,379,-6
2018-05-01 16:54,375,382,-7
2018-05-01 16:55,378,385,-7
2018-05-01 16:56,381,388,-7
2018-05-01 16:57,384,391,-7
2018-05-01 16:58,387,394,-7
2018-05-01 16:59,389,398,-9
2018-05-01 17:00,392,401,-9
2018-05-01 17:01,395,404,-9
2018-05-01 17:02,398,407,-9
2018-05-01 17:03,401,410,-9
2018-05-01 17:04,404,413,-9
2018-05-01 17:05,407,416,-9
2018-05-01 17:06,409,419,-10
2018-05-01 17:07,412,422,-10
2018-05-01 17:08,415,425,-10
2018-05-01 17:09,418,428,-10
2018-05-01 17:10,421,431,-10
2018-05-01 17:11,424,435,-11
2018-05-01 17:12,427,438,-11
2018-05-01 17:13,430,441,-11
2018-05-01 17:14,433,444,-11
2018-05-01 17:15,436,447,-11
2018-05-01 17:16,439,450,-11
2018-05-01 17:17,442,453,-11
2018-05-01 17:18,445,456,-11
2018-05-01 17:19,448,459,-11
2018-05-01 17:20,451,462,-11
2018-05-01 17:21,454,465,-11
2018-05-01 17:22,457,468,-11
2018-05-01 17:23,460,471,-11
2018-05-01 17:24,463,474,-11
2018-05-01 17:25,466,477,-11
2018-05-01 17:26,468,480,-12
2018-05-01 17:27,471,483,-12
2018-05-01 17:28,474,486,-12
2018-05-01 17:29,477,489,-12
2018-05-01 17:30,480,492,-12
2018-05-01 17:31,483,495,-12
2018-05-01 17:32,486,498,-12
2018-05-01 17:33,488,501,-13
2018-05-01 17:34,490,503,-13
2018-05-01 17:35,493,506,-13
2018-05-01 17:36,496,509,-13
2018-05-01 17:37,499,512,-13
2018-05-01 17:38,501,515,-14
2018-05-01 17:39,504,518,-14
2018-05-01 17:40,507,520,-13
2018-05-01 17:41,510,523,-13
2018-05-01 17:42,512,526,-14
2018-05-01 17:43,515,529,-14
2018-05-01 17:44,517,531,-14
2018-05-01 17:45,520,534,-14
2018-05-01 17:46,522,537,-15
2018-05-01 17:47,525,539,-14
2018-05-01 17:48,527,542,-15
2018-05-01 17:49,529,545,-16
2018-05-01 17:50,532,547,-15
2018-05-01 17:51,535,550,-15
2018-05-01 17:52,537,552,-15
2018-05-01 17:53,540,555,-15
2018-05-01 17:54,542,557,-15
2018-05-01 17:55,544,560,-16
2018-05-01 17:56,547,562,-15
2018-05-01 17:57,549,564,-15
2018-05-01 17:58,552,567,-15
2018-05-01 17:59,554,569,-15
2018-05-01 18:00,557,571,-14
2018-05-01 18:01,559,574,-15
2018-05-01 18:02,561,576,-15
2018-05-01 18:03,563,578,-15
2018-05-01 18:04,565,581,-16
2018-05-01 18:05,567,583,-16
2018-05-01 18:06,570,585,-15
2018-05-01 18:07,572,587,-15
2018-05-01 18:08,574,589,-15
2018-05-01 18:09,577,591,-14
2018-05-01 18:10,579,593,-14
2018-05-01 18:11,581,595,-14
2018-05-01 18:12,583,597,-14
2018-05-01 18:13,585,599,-14
2018-05-01 18:14,587,601,-14
2018-05-01 18:15,589,603,-14
2018-05-01 18:16,592,605,-13
2018-05-01 18:17,594,606,-12
2018-05-01 18:18,597,608,-11
2018-05-01 18:19,599,610,-11
2018-05-01 18:20,601,612,-11
2018-05-01 18:21,603,613,-10
2018-05-01 18:22,606,615,-9
2018-05-01 18:23,608,616,-8
2018-05-01 18:24,610,618,-8
2018-05-01 18:25,612,620,-8
2018-05-01 18:26,614,621,-7
2018-05-01 18:27,616,622,-6
2018-05-01 18:28,617,624,-7
2018-05-01 18:29,619,625,-6
2018-05-01 18:30,621,627,-6
2018-05-01 18:31,623,628,-5
2018-05-01 18:32,624,629,-5
2018-05-01 18:33,626,630,-4
2018-05-01 18:34,628,632,-4
2018-05-01 18:35,629,633,-4
2018-05-01 18:36,630,634,-4
2018-05-01 18:37,632,635,-3
2018-05-01 18:38,633,636,-3
2018-05-01 18:39,634,637,-3
2018-05-01 18:40,635,638,-3
2018-05-01 18:41,636,639,-3
2018-05-01 18:42,638,640,-2
2018-05-01 18:43,639,641,-2
2018-05-01 18:44,640,641,-1
2018-05-01 18:45,642,642,0
2018-05-01 18:46,643,643,0
2018-05-01 18:47,644,643,1
2018-05-01 18:48,645,644,1
2018-05-01 18:49,646,645,1
2018-05-01 18:50,647,645,2
2018-05-01 18:51,647,646,1
2018-05-01 18:52,649,646,3
2018-05-01 18:53,650,647,3
2018-05-01 18:54,650,647,3
2018-05-01 18:55,651,648,3
2018-05-01 18:56,652,648,4
2018-05-01 18:57,652,648,4
2018-05-01 18:58,652,648,4
2018-05-01 18:59,652,649,3
2018-05-01 19:00,652,649,3
2018-05-01 19:01,653,649,4
2018-05-01 19:02,653,649,4
2018-05-01 19:03,653,649,4
2018-05-01 19:04,653,649,4
2018-05-01 19:05,653,649,4
2018-05-01 19:06,653,649,4
2018-05-01 19:07,653,649,4
2018-05-01 19:08,653,649,4
2018-05-01 19:09,653,649,4
2018-05-01 19:10,654,648,6
2018-05-01 19:11,653,648,5
2018-05-01 19:12,653,648,5
2018-05-01 19:13,653,648,5
2018-05-01 19:14,652,647,5
2018-05-01 19:15,652,647,5
2018-05-01 19:16,651,646,5
2018-05-01 19:17,650,646,4
2018-05-01 19:18,650,645,5
2018-05-01 19:19,650,645,5
2018-05-01 19:20,649,644,5
2018-05-01 19:21,649,644,5
2018-05-01 19:22,648,643,5
2018-05-01 19:23,647,642,5
2018-05-01 19:24,646,642,4
2018-05-01 19:25,645,641,4
2018-05-01 19:26,644,640,4
2018-05-01 19:27,644,639,5
2018-05-01 19:28,643,639,4
2018-05-01 19:29,642,638,4
2018-05-01 19:30,641,637,4
2018-05-01 19:31,639,636,3
2018-05-01 19:32,638,635,3
2018-05-01 19:33,637,634,3
2018-05-01 19:34,636,633,3
2018-05-01 19:35,635,632,3
2018-05-01 19:36,634,631,3
2018-05-01 19:37,633,630,3
2018-05-01 19:38,631,628,3
2018-05-01 19:39,630,627,3
2018-05-01 19:40,628,626,2
2018-05-01 19:41,627,625,2
2018-05-01 19:42,626,624,2
2018-05-01 19:43,624,622,2
2018-05-01 19:44,623,621,2
2018-05-01 19:45,621,620,1
2018-05-01 19:46,620,618,2
2018-05-01 19:47,618,617,1
2018-05-01 19:48,617,616,1
2018-05-01 19:49,616,614,2
2018-05-01 19:50,614,613,1
2018-05-01 19:51,613,611,2
2018-05-01 19:52,611,610,1
2018-05-01 19:53,609,608,1
2018-05-01 19:54,608,607,1
2018-05-01 19:55,606,605,1
2018-05-01 19:56,604,603,1
2018-05-01 19:57,602,602,0
2018-05-01 19:58,600,600,0
2018-05-01 19:59,599,599,0
2018-05-01 20:00,597,597,0
2018-05-01 20:01,596,595,1
2018-05-01 20:02,594,594,0
2018-05-01 20:03,592,592,0
2018-05-01 20:04,590,590,0
2018-05-01 20:05,589,588,1
2018-05-01 20:06,587,587,0
2018-05-01 20:07,586,585,1
2018-05-01 20:08,584,583,1
2018-05-01 20:09,582,581,1
2018-05-01 20:10,581,579,2
2018-05-01 20:11,579,577,2
2018-05-01 20:12,578,576,2
2018-05-01 20:13,576,574,2
2018-05-01 20:14,574,572,2
2018-05-01 20:15,572,570,2
2018-05-01 20:16,570,568,2
2018-05-01 20:17,568,566,2
2018-05-01 20:18,566,564,2
2018-05-01 20:19,565,562,3
2018-05-01 20:20,563,560,3
2018-05-01 20:21,562,558,4
2018-05-01 20:22,560,556,4
2018-05-01 20:23,558,555,3
2018-05-01 20:24,556,553,3
2018-05-01 20:25,554,551,3
2018-05-01 20:26,553,549,4
2018-05-01 20:27,551,547,4
2018-05-01 20:28,549,545,4
2018-05-01 20:29,547,543,4
2018-05-01 20:30,545,541,4
2018-05-01 20:31,543,539,4
2018-05-01 20:32,542,537,5
2018-05-01 20:33,540,534,6
2018-05-01 20:34,539,532,7
2018-05-01 20:35,537,530,7
2018-05-01 20:36,535,528,7
2018-05-01 20:37,533,526,7
2018-05-01 20:38,531,524,7
2018-05-01 20:39,529,522,7
2018-05-01 20:40,527,520,7
2018-05-01 20:41,525,518,7
2018-05-01 20:42,524,516,8
2018-05-01 20:43,522,514,8
2018-05-01 20:44,520,512,8
2018-05-01 20:45,518,510,8
2018-05-01 20:46,515,508,7
2018-05-01 20:47,513,506,7
2018-05-01 20:48,511,504,7
2018-05-01 20:49,509,502,7
2018-05-01 20:50,508,500,8
2018-05-01 20:51,506,498,8
2018-05-01 20:52,504,496,8
2018-05-01 20:53,502,494,8
2018-05-01 20:54,500,492,8
2018-05-01 20:55,498,490,8
2018-05-01 20:56,496,488,8
2018-05-01 20:57,494,486,8
2018-05-01 20:58,492,484,8
2018-05-01 20:59,490,482,8
2018-05-01 21:00,488,480,8
2018-05-01 21:01,487,478,9
2018-05-01 21:02,485,476,9
2018-05-01 21:03,483,474,9
2018-05-01 21:04,481,472,9
2018-05-01 21:05,479,470,9
2018-05-01 21:06,477,468,9
2018-05-01 21:07,475,466,9
2018-05-01 21:08,473,464,9
2018-05-01 21:09,471,462,9
2018-05-01 21:10,469,461,8
2018-05-01 21:11,467,459,8
2018-05-01 21:12,465,457,8
2018-05-01 21:13,463,455,8
2018-05-01 21:14,461,453,8
2018-05-01 21:15,460,451,9
2018-05-01 21:16,458,449,9
2018-05-01 21:17,456,447,9
2018-05-01 21:18,454,446,8
2018-05-01 21:19,452,444,8
2018-05-01 21:20,450,442,8
2018-05-01 21:21,448,440,8
2018-05-01 21:22,446,438,8
2018-05-01 21:23,445,437,8
2018-05-01 21:24,442,435,7
2018-05-01 21:25,441,433,8
2018-05-01 21:26,439,431,8
2018-05-01 21:27,437,429,8
2018-05-01 21:28,434,428,6
2018-05-01 21:29,433,426,7
2018-05-01 21:30,431,424,7
2018-05-01 21:31,429,423,6
2018-05-01 21:32,427,421,6
2018-05-01 21:33,426,419,7
2018-05-01 21:34,424,418,6
2018-05-01 21:35,422,416,6
2018-05-01 21:36,420,414,6
2018-05-01 21:37,418,413,5
2018-05-01 21:38,416,411,5
2018-05-01 21:39,414,409,5
2018-05-01 21:40,413,408,5
2018-05-01 21:41,411,406,5
2018-05-01 21:42,409,404,5
2018-05-01 21:43,407,403,4
2018-05-01 21:44,405,401,4
2018-05-01 21:45,404,400,4
2018-05-01 21:46,402,398,4
2018-05-01 21:47,400,397,3
2018-05-01 21:48,398,395,3
2018-05-01 21:49,396,394,2
2018-05-01 21:50,394,392,2
2018-05-01 21:51,393,391,2
2018-05-01 21:52,391,389,2
2018-05-01 21:53,389,388,1
2018-05-01 21:54,387,386,1
2018-05-01 21:55,386,385,1
2018-05-01 21:56,384,383,1
2018-05-01 21:57,382,382,0
2018-05-01 21:58,380,380,0
2018-05-01 21:59,378,379,-1
2018-05-01 22:00,377,377,0
2018-05-01 22:01,375,376,-1
2018-05-01 22:02,373,375,-2
2018-05-01 22:03,372,373,-1
2018-05-01 22:04,370,372,-2
2018-05-01 22:05,369,370,-1
2018-05-01 22:06,367,369,-2
2018-05-01 22:07,365,368,-3
2018-05-01 22:08,363,366,-3
2018-05-01 22:09,362,365,-3
2018-05-01 22:10,360,364,-4
2018-05-01 22:11,358,362,-4
2018-05-01 22:12,357,361,-4
2018-05-01 22:13,356,360,-4
2018-05-01 22:14,354,358,-4
2018-05-01 22:15,352,357,-5
2018-05-01 22:16,351,356,-5
2018-05-01 22:17,349,354,-5
2018-05-01 22:18,348,353,-5
2018-05-01 22:19,346,352,-6
2018-05-01 22:20,344,350,-6
2018-05-01 22:21,343,349,-6
2018-05-01 22:22,341,348,-7
2018-05-01 22:23,339,347,-8
2018-05-01 22:24,338,345,-7
2018-05-01 22:25,336,344,-8
2018-05-01 22:26,335,343,-8
2018-05-01 22:27,333,342,-9
2018-05-01 22:28,331,340,-9
2018-05-01 22:29,330,339,-9
2018-05-01 22:30,328,338,-10
2018-05-01 22:31,327,337,-10
2018-05-01 22:32,325,335,-10
2018-05-01 22:33,323,334,-11
2018-05-01 22:34,322,333,-11
2018-05-01 22:35,320,332,-12
2018-05-01 22:36,319,330,-11
2018-05-01 22:37,317,329,-12
2018-05-01 22:38,316,328,-12
2018-05-01 22:39,314,327,-13
2018-05-01 22:40,313,326,-13
2018-05-01 22:41,312,324,-12
2018-05-01 22:42,310,323,-13
2018-05-01 22:43,308,322,-14
2018-05-01 22:44,307,321,-14
2018-05-01 22:45,305,319,-14
2018-05-01 22:46,304,318,-14
2018-05-01 22:47,302,317,-15
2018-05-01 22:48,301,316,-15
2018-05-01 22:49,299,315,-16
2018-05-01 22:50,298,313,-15
2018-05-01 22:51,297,312,-15
2018-05-01 22:52,295,311,-16
2018-05-01 22:53,294,310,-16
2018-05-01 22:54,292,309,-17
2018-05-01 22:55,290,307,-17
2018-05-01 22:56,289,306,-17
2018-05-01 22:57,288,305,-17
2018-05-01 22:58,286,304,-18
2018-05-01 22:59,285,302,-17
2018-05-01 23:00,283,301,-18
2018-05-01 23:01,282,300,-18
2018-05-01 23:02,281,299,-18
2018-05-01 23:03,279,298,-19
2018-05-01 23:04,278,296,-18
2018-05-01 23:05,277,295,-18
2018-05-01 23:06,275,294,-19
2018-05-01 23:07,274,293,-19
2018-05-01 23:08,273,291,-18
2018-05-01 23:09,271,290,-19
2018-05-01 23:10,270,289,-19
2018-05-01 23:11,268,288,-20
2018-05-01 23:12,267,287,-20
2018-05-01 23:13,266,285,-19
2018-05-01 23:14,264,284,-20
2018-05-01 23:15,263,283,-20
2018-05-01 23:16,262,282,-20
2018-05-01 23:17,261,280,-19
2018-05-01 23:18,259,279,-20
2018-05-01 23:19,258,278,-20
2018-05-01 23:20,257,276,-19
2018-05-01 23:21,255,275,-20
2018-05-01 23:22,254,274,-20
2018-05-01 23:23,252,273,-21
2018-05-01 23:24,251,271,-20
2018-05-01 23:25,250,270,-20
2018-05-01 23:26,248,269,-21
2018-05-01 23:27,247,268,-21
2018-05-01 23:28,246,266,-20
2018-05-01 23:29,245,265,-20
2018-05-01 23:30,243,264,-21
2018-05-01 23:31,242,262,-20
2018-05-01 23:32,241,261,-20
2018-05-01 23:33,240,260,-20
2018-05-01 23:34,239,259,-20
2018-05-01 23:35,237,257,-20
2018-05-01 23:36,236,256,-20
2018-05-01 23:37,235,255,-20
2018-05-01 23:38,233,253,-20
2018-05-01 23:39,232,252,-20
2018-05-01 23:40,231,251,-20
2018-05-01 23:41,229,249,-20
2018-05-01 23:42,228,248,-20
2018-05-01 23:43,227,247,-20
2018-05-01 23:44,226,245,-19
2018-05-01 23:45,225,244,-19
2018-05-01 23:46,223,243,-20
2018-05-01 23:47,222,241,-19
2018-05-01 23:48,221,240,-19
2018-05-01 23:49,220,239,-19
2018-05-01 23:50,219,237,-18
2018-05-01 23:51,217,236,-19
2018-05-01 23:52,216,235,-19
2018-05-01 23:53,215,233,-18
2018-05-01 23:54,213,232,-19
2018-05-01 23:55,212,230,-18
2018-05-01 23:56,211,229,-18
2018-05-01 23:57,210,228,-18
2018-05-01 23:58,209,226,-17
2018-05-01 23:59,208,225,-17
2018-05-02 0:00,-,224,-
