관측시간,실측조위(Cm),예측조위(Cm),잔차(Cm)
2020-04-30 0:00,357,361,-4
2020-04-30 0:01,355,359,-4
2020-04-30 0:02,354,358,-4
2020-04-30 0:03,353,356,-3
2020-04-30 0:04,352,354,-2
2020-04-30 0:05,350,353,-3
2020-04-30 0:06,348,351,-3
2020-04-30 0:07,347,349,-2
2020-04-30 0:08,346,348,-2
2020-04-30 0:09,344,346,-2
2020-04-30 0:10,343,344,-1
2020-04-30 0:11,341,343,-2
2020-04-30 0:12,340,341,-1
2020-04-30 0:13,338,339,-1
2020-04-30 0:14,337,338,-1
2020-04-30 0:15,336,336,0
2020-04-30 0:16,335,334,1
2020-04-30 0:17,333,333,0
2020-04-30 0:18,332,331,1
2020-04-30 0:19,330,329,1
2020-04-30 0:20,329,328,1
2020-04-30 0:21,327,326,1
2020-04-30 0:22,326,325,1
2020-04-30 0:23,324,323,1
2020-04-30 0:24,323,321,2
2020-04-30 0:25,322,320,2
2020-04-30 0:26,320,318,2
2020-04-30 0:27,319,317,2
2020-04-30 0:28,318,315,3
2020-04-30 0:29,316,313,3
2020-04-30 0:30,315,312,3
2020-04-30 0:31,314,310,4
2020-04-30 0:32,312,309,3
2020-04-30 0:33,311,307,4
2020-04-30 0:34,309,306,3
2020-04-30 0:35,308,304,4
2020-04-30 0:36,306,303,3
2020-04-30 0:37,305,301,4
2020-04-30 0:38,304,299,5
2020-04-30 0:39,302,298,4
2020-04-30 0:40,301,296,5
2020-04-30 0:41,300,295,5
2020-04-30 0:42,298,293,5
2020-04-30 0:43,297,292,5
2020-04-30 0:44,296,290,6
2020-04-30 0:45,294,289,5
2020-04-30 0:46,293,287,6
2020-04-30 0:47,291,286,5
2020-04-30 0:48,290,284,6
2020-04-30 0:49,288,283,5
2020-04-30 0:50,287,282,5
2020-04-30 0:51,286,280,6
2020-04-30 0:52,284,279,5
2020-04-30 0:53,283,277,6
2020-04-30 0:54,282,276,6
2020-04-30 0:55,281,274,7
2020-04-30 0:56,279,273,6
2020-04-30 0:57,278,271,7
2020-04-30 0:58,277,270,7
2020-04-30 0:59,275,269,6
2020-04-30 1:00,274,267,7
2020-04-30 1:01,273,266,7
2020-04-30 1:02,271,265,6
2020-04-30 1:03,270,263,7
2020-04-30 1:04,268,262,6
2020-04-30 1:05,267,260,7
2020-04-30 1:06,266,259,7
2020-04-30 1:07,265,258,7
2020-04-30 1:08,263,256,7
2020-04-30 1:09,262,255,7
2020-04-30 1:10,261,254,7
2020-04-30 1:11,260,252,8
2020-04-30 1:12,258,251,7
2020-04-30 1:13,257,250,7
2020-04-30 1:14,256,248,8
2020-04-30 1:15,254,247,7
2020-04-30 1:16,253,246,7
2020-04-30 1:17,252,245,7
2020-04-30 1:18,250,243,7
2020-04-30 1:19,249,242,7
2020-04-30 1:20,248,241,7
2020-04-30 1:21,247,240,7
2020-04-30 1:22,246,238,8
2020-04-30 1:23,244,237,7
2020-04-30 1:24,243,236,7
2020-04-30 1:25,242,235,7
2020-04-30 1:26,241,233,8
2020-04-30 1:27,240,232,8
2020-04-30 1:28,238,231,7
2020-04-30 1:29,237,230,7
2020-04-30 1:30,236,228,8
2020-04-30 1:31,235,227,8
2020-04-30 1:32,233,226,7
2020-04-30 1:33,232,225,7
2020-04-30 1:34,231,224,7
2020-04-30 1:35,229,222,7
2020-04-30 1:36,228,221,7
2020-04-30 1:37,227,220,7
2020-04-30 1:38,226,219,7
2020-04-30 1:39,225,218,7
2020-04-30 1:40,224,217,7
2020-04-30 1:41,223,216,7
2020-04-30 1:42,222,214,8
2020-04-30 1:43,221,213,8
2020-04-30 1:44,219,212,7
2020-04-30 1:45,218,211,7
2020-04-30 1:46,217,210,7
2020-04-30 1:47,216,209,7
2020-04-30 1:48,215,208,7
2020-04-30 1:49,213,207,6
2020-04-30 1:50,212,205,7
2020-04-30 1:51,211,204,7
2020-04-30 1:52,210,203,7
2020-04-30 1:53,209,202,7
2020-04-30 1:54,208,201,7
2020-04-30 1:55,207,200,7
2020-04-30 1:56,205,199,6
2020-04-30 1:57,204,198,6
2020-04-30 1:58,203,197,6
2020-04-30 1:59,202,196,6
2020-04-30 2:00,201,195,6
2020-04-30 2:01,200,194,6
2020-04-30 2:02,199,192,7
2020-04-30 2:03,198,191,7
2020-04-30 2:04,196,190,6
2020-04-30 2:05,195,189,6
2020-04-30 2:06,194,188,6
2020-04-30 2:07,193,187,6
2020-04-30 2:08,192,186,6
2020-04-30 2:09,191,185,6
2020-04-30 2:10,190,184,6
2020-04-30 2:11,188,183,5
2020-04-30 2:12,188,182,6
2020-04-30 2:13,187,181,6
2020-04-30 2:14,185,180,5
2020-04-30 2:15,184,179,5
2020-04-30 2:16,183,178,5
2020-04-30 2:17,182,177,5
2020-04-30 2:18,181,176,5
2020-04-30 2:19,180,175,5
2020-04-30 2:20,179,174,5
2020-04-30 2:21,178,173,5
2020-04-30 2:22,176,172,4
2020-04-30 2:23,175,171,4
2020-04-30 2:24,174,170,4
2020-04-30 2:25,173,169,4
2020-04-30 2:26,172,168,4
2020-04-30 2:27,171,167,4
2020-04-30 2:28,170,166,4
2020-04-30 2:29,169,165,4
2020-04-30 2:30,168,165,3
2020-04-30 2:31,167,164,3
2020-04-30 2:32,166,163,3
2020-04-30 2:33,165,162,3
2020-04-30 2:34,164,161,3
2020-04-30 2:35,163,160,3
2020-04-30 2:36,161,159,2
2020-04-30 2:37,160,158,2
2020-04-30 2:38,159,157,2
2020-04-30 2:39,158,156,2
2020-04-30 2:40,157,155,2
2020-04-30 2:41,156,154,2
2020-04-30 2:42,155,153,2
2020-04-30 2:43,154,152,2
2020-04-30 2:44,153,152,1
2020-04-30 2:45,152,151,1
2020-04-30 2:46,151,150,1
2020-04-30 2:47,150,149,1
2020-04-30 2:48,149,148,1
2020-04-30 2:49,148,147,1
2020-04-30 2:50,147,146,1
2020-04-30 2:51,146,145,1
2020-04-30 2:52,145,144,1
2020-04-30 2:53,144,144,0
2020-04-30 2:54,143,143,0
2020-04-30 2:55,141,142,-1
2020-04-30 2:56,140,141,-1
2020-04-30 2:57,139,140,-1
2020-04-30 2:58,138,139,-1
2020-04-30 2:59,137,138,-1
2020-04-30 3:00,136,138,-2
2020-04-30 3:01,135,137,-2
2020-04-30 3:02,134,136,-2
2020-04-30 3:03,133,135,-2
2020-04-30 3:04,132,134,-2
2020-04-30 3:05,131,133,-2
2020-04-30 3:06,130,133,-3
2020-04-30 3:07,129,132,-3
2020-04-30 3:08,128,131,-3
2020-04-30 3:09,127,130,-3
2020-04-30 3:10,126,129,-3
2020-04-30 3:11,125,129,-4
2020-04-30 3:12,124,128,-4
2020-04-30 3:13,123,127,-4
2020-04-30 3:14,122,126,-4
2020-04-30 3:15,121,126,-5
2020-04-30 3:16,120,125,-5
2020-04-30 3:17,119,124,-5
2020-04-30 3:18,118,123,-5
2020-04-30 3:19,117,123,-6
2020-04-30 3:20,116,122,-6
2020-04-30 3:21,115,121,-6
2020-04-30 3:22,114,120,-6
2020-04-30 3:23,113,120,-7
2020-04-30 3:24,112,119,-7
2020-04-30 3:25,111,118,-7
2020-04-30 3:26,110,117,-7
2020-04-30 3:27,109,117,-8
2020-04-30 3:28,108,116,-8
2020-04-30 3:29,107,115,-8
2020-04-30 3:30,106,115,-9
2020-04-30 3:31,105,114,-9
2020-04-30 3:32,104,113,-9
2020-04-30 3:33,103,113,-10
2020-04-30 3:34,102,112,-10
2020-04-30 3:35,101,111,-10
2020-04-30 3:36,100,111,-11
2020-04-30 3:37,99,110,-11
2020-04-30 3:38,98,109,-11
2020-04-30 3:39,98,109,-11
2020-04-30 3:40,96,108,-12
2020-04-30 3:41,96,108,-12
2020-04-30 3:42,95,107,-12
2020-04-30 3:43,94,106,-12
2020-04-30 3:44,93,106,-13
2020-04-30 3:45,92,105,-13
2020-04-30 3:46,92,105,-13
2020-04-30 3:47,91,104,-13
2020-04-30 3:48,90,103,-13
2020-04-30 3:49,89,103,-14
2020-04-30 3:50,88,102,-14
2020-04-30 3:51,87,102,-15
2020-04-30 3:52,86,101,-15
2020-04-30 3:53,85,101,-16
2020-04-30 3:54,84,100,-16
2020-04-30 3:55,83,100,-17
2020-04-30 3:56,83,99,-16
2020-04-30 3:57,82,99,-17
2020-04-30 3:58,81,98,-17
2020-04-30 3:59,80,98,-18
2020-04-30 4:00,79,97,-18
2020-04-30 4:01,78,97,-19
2020-04-30 4:02,78,97,-19
2020-04-30 4:03,77,96,-19
2020-04-30 4:04,76,96,-20
2020-04-30 4:05,75,95,-20
2020-04-30 4:06,74,95,-21
2020-04-30 4:07,74,94,-20
2020-04-30 4:08,73,94,-21
2020-04-30 4:09,72,94,-22
2020-04-30 4:10,71,93,-22
2020-04-30 4:11,70,93,-23
2020-04-30 4:12,70,93,-23
2020-04-30 4:13,69,92,-23
2020-04-30 4:14,68,92,-24
2020-04-30 4:15,67,92,-25
2020-04-30 4:16,67,91,-24
2020-04-30 4:17,66,91,-25
2020-04-30 4:18,65,91,-26
2020-04-30 4:19,65,91,-26
2020-04-30 4:20,64,90,-26
2020-04-30 4:21,63,90,-27
2020-04-30 4:22,63,90,-27
2020-04-30 4:23,62,90,-28
2020-04-30 4:24,62,89,-27
2020-04-30 4:25,61,89,-28
2020-04-30 4:26,60,89,-29
2020-04-30 4:27,60,89,-29
2020-04-30 4:28,60,89,-29
2020-04-30 4:29,59,89,-30
2020-04-30 4:30,59,88,-29
2020-04-30 4:31,58,88,-30
2020-04-30 4:32,58,88,-30
2020-04-30 4:33,57,88,-31
2020-04-30 4:34,57,88,-31
2020-04-30 4:35,57,88,-31
2020-04-30 4:36,57,88,-31
2020-04-30 4:37,57,88,-31
2020-04-30 4:38,57,88,-31
2020-04-30 4:39,57,88,-31
2020-04-30 4:40,57,88,-31
2020-04-30 4:41,57,88,-31
2020-04-30 4:42,57,88,-31
2020-04-30 4:43,57,88,-31
2020-04-30 4:44,58,88,-30
2020-04-30 4:45,58,88,-30
2020-04-30 4:46,59,88,-29
2020-04-30 4:47,59,88,-29
2020-04-30 4:48,60,88,-28
2020-04-30 4:49,61,88,-27
2020-04-30 4:50,63,88,-25
2020-04-30 4:51,64,88,-24
2020-04-30 4:52,66,89,-23
2020-04-30 4:53,68,89,-21
2020-04-30 4:54,69,89,-20
2020-04-30 4:55,71,89,-18
2020-04-30 4:56,72,89,-17
2020-04-30 4:57,74,89,-15
2020-04-30 4:58,75,90,-15
2020-04-30 4:59,77,90,-13
2020-04-30 5:00,78,90,-12
2020-04-30 5:01,79,90,-11
2020-04-30 5:02,81,91,-10
2020-04-30 5:03,82,91,-9
2020-04-30 5:04,83,91,-8
2020-04-30 5:05,84,92,-8
2020-04-30 5:06,85,92,-7
2020-04-30 5:07,86,92,-6
2020-04-30 5:08,88,93,-5
2020-04-30 5:09,89,93,-4
2020-04-30 5:10,90,93,-3
2020-04-30 5:11,91,94,-3
2020-04-30 5:12,92,94,-2
2020-04-30 5:13,93,95,-2
2020-04-30 5:14,93,95,-2
2020-04-30 5:15,94,96,-2
2020-04-30 5:16,95,96,-1
2020-04-30 5:17,96,96,0
2020-04-30 5:18,97,97,0
2020-04-30 5:19,98,97,1
2020-04-30 5:20,98,98,0
2020-04-30 5:21,99,99,0
2020-04-30 5:22,100,99,1
2020-04-30 5:23,101,100,1
2020-04-30 5:24,101,100,1
2020-04-30 5:25,-,101,-
2020-04-30 5:26,103,101,2
2020-04-30 5:27,-,102,-
2020-04-30 5:28,104,103,1
2020-04-30 5:29,-,103,-
2020-04-30 5:30,106,104,2
2020-04-30 5:31,-,105,-
2020-04-30 5:32,108,105,3
2020-04-30 5:33,109,106,3
2020-04-30 5:34,109,107,2
2020-04-30 5:35,110,108,2
2020-04-30 5:36,111,108,3
2020-04-30 5:37,112,109,3
2020-04-30 5:38,112,110,2
2020-04-30 5:39,113,111,2
2020-04-30 5:40,114,112,2
2020-04-30 5:41,115,112,3
2020-04-30 5:42,116,113,3
2020-04-30 5:43,116,114,2
2020-04-30 5:44,117,115,2
2020-04-30 5:45,118,116,2
2020-04-30 5:46,119,117,2
2020-04-30 5:47,120,118,2
2020-04-30 5:48,121,119,2
2020-04-30 5:49,122,120,2
2020-04-30 5:50,123,120,3
2020-04-30 5:51,124,121,3
2020-04-30 5:52,125,122,3
2020-04-30 5:53,126,123,3
2020-04-30 5:54,127,124,3
2020-04-30 5:55,128,125,3
2020-04-30 5:56,129,127,2
2020-04-30 5:57,130,128,2
2020-04-30 5:58,132,129,3
2020-04-30 5:59,133,130,3
2020-04-30 6:00,134,131,3
2020-04-30 6:01,136,132,4
2020-04-30 6:02,137,133,4
2020-04-30 6:03,139,134,5
2020-04-30 6:04,140,135,5
2020-04-30 6:05,142,137,5
2020-04-30 6:06,144,138,6
2020-04-30 6:07,146,139,7
2020-04-30 6:08,147,140,7
2020-04-30 6:09,149,141,8
2020-04-30 6:10,150,143,7
2020-04-30 6:11,152,144,8
2020-04-30 6:12,154,145,9
2020-04-30 6:13,156,146,10
2020-04-30 6:14,158,148,10
2020-04-30 6:15,160,149,11
2020-04-30 6:16,162,150,12
2020-04-30 6:17,164,152,12
2020-04-30 6:18,166,153,13
2020-04-30 6:19,168,154,14
2020-04-30 6:20,170,156,14
2020-04-30 6:21,172,157,15
2020-04-30 6:22,174,159,15
2020-04-30 6:23,176,160,16
2020-04-30 6:24,178,161,17
2020-04-30 6:25,180,163,17
2020-04-30 6:26,183,164,19
2020-04-30 6:27,185,166,19
2020-04-30 6:28,187,167,20
2020-04-30 6:29,189,169,20
2020-04-30 6:30,191,170,21
2020-04-30 6:31,193,172,21
2020-04-30 6:32,195,173,22
2020-04-30 6:33,197,175,22
2020-04-30 6:34,199,177,22
2020-04-30 6:35,201,178,23
2020-04-30 6:36,203,180,23
2020-04-30 6:37,205,181,24
2020-04-30 6:38,207,183,24
2020-04-30 6:39,208,185,23
2020-04-30 6:40,210,186,24
2020-04-30 6:41,213,188,25
2020-04-30 6:42,215,189,26
2020-04-30 6:43,217,191,26
2020-04-30 6:44,219,193,26
2020-04-30 6:45,221,195,26
2020-04-30 6:46,223,196,27
2020-04-30 6:47,224,198,26
2020-04-30 6:48,226,200,26
2020-04-30 6:49,228,201,27
2020-04-30 6:50,230,203,27
2020-04-30 6:51,232,205,27
2020-04-30 6:52,235,207,28
2020-04-30 6:53,237,209,28
2020-04-30 6:54,239,210,29
2020-04-30 6:55,241,212,29
2020-04-30 6:56,243,214,29
2020-04-30 6:57,245,216,29
2020-04-30 6:58,247,218,29
2020-04-30 6:59,249,220,29
2020-04-30 7:00,251,221,30
2020-04-30 7:01,253,223,30
2020-04-30 7:02,256,225,31
2020-04-30 7:03,258,227,31
2020-04-30 7:04,260,229,31
2020-04-30 7:05,262,231,31
2020-04-30 7:06,264,233,31
2020-04-30 7:07,266,235,31
2020-04-30 7:08,268,237,31
2020-04-30 7:09,270,239,31
2020-04-30 7:10,273,241,32
2020-04-30 7:11,275,243,32
2020-04-30 7:12,277,245,32
2020-04-30 7:13,279,247,32
2020-04-30 7:14,281,249,32
2020-04-30 7:15,283,251,32
2020-04-30 7:16,285,253,32
2020-04-30 7:17,288,255,33
2020-04-30 7:18,290,257,33
2020-04-30 7:19,293,259,34
2020-04-30 7:20,295,261,34
2020-04-30 7:21,297,263,34
2020-04-30 7:22,299,265,34
2020-04-30 7:23,301,267,34
2020-04-30 7:24,303,269,34
2020-04-30 7:25,306,271,35
2020-04-30 7:26,308,274,34
2020-04-30 7:27,310,276,34
2020-04-30 7:28,313,278,35
2020-04-30 7:29,315,280,35
2020-04-30 7:30,317,282,35
2020-04-30 7:31,319,284,35
2020-04-30 7:32,321,286,35
2020-04-30 7:33,323,289,34
2020-04-30 7:34,325,291,34
2020-04-30 7:35,327,293,34
2020-04-30 7:36,330,295,35
2020-04-30 7:37,332,297,35
2020-04-30 7:38,334,300,34
2020-04-30 7:39,336,302,34
2020-04-30 7:40,338,304,34
2020-04-30 7:41,340,306,34
2020-04-30 7:42,343,308,35
2020-04-30 7:43,345,311,34
2020-04-30 7:44,347,313,34
2020-04-30 7:45,349,315,34
2020-04-30 7:46,352,317,35
2020-04-30 7:47,354,320,34
2020-04-30 7:48,356,322,34
2020-04-30 7:49,358,324,34
2020-04-30 7:50,360,326,34
2020-04-30 7:51,362,329,33
2020-04-30 7:52,364,331,33
2020-04-30 7:53,367,333,34
2020-04-30 7:54,369,335,34
2020-04-30 7:55,371,338,33
2020-04-30 7:56,373,340,33
2020-04-30 7:57,375,342,33
2020-04-30 7:58,377,344,33
2020-04-30 7:59,379,347,32
2020-04-30 8:00,381,349,32
2020-04-30 8:01,384,351,33
2020-04-30 8:02,386,354,32
2020-04-30 8:03,388,356,32
2020-04-30 8:04,390,358,32
2020-04-30 8:05,392,360,32
2020-04-30 8:06,394,363,31
2020-04-30 8:07,396,365,31
2020-04-30 8:08,398,367,31
2020-04-30 8:09,400,370,30
2020-04-30 8:10,402,372,30
2020-04-30 8:11,404,374,30
2020-04-30 8:12,406,376,30
2020-04-30 8:13,408,379,29
2020-04-30 8:14,410,381,29
2020-04-30 8:15,412,383,29
2020-04-30 8:16,413,386,27
2020-04-30 8:17,415,388,27
2020-04-30 8:18,417,390,27
2020-04-30 8:19,419,392,27
2020-04-30 8:20,421,395,26
2020-04-30 8:21,424,397,27
2020-04-30 8:22,425,399,26
2020-04-30 8:23,427,401,26
2020-04-30 8:24,429,404,25
2020-04-30 8:25,431,406,25
2020-04-30 8:26,433,408,25
2020-04-30 8:27,434,410,24
2020-04-30 8:28,436,413,23
2020-04-30 8:29,438,415,23
2020-04-30 8:30,440,417,23
2020-04-30 8:31,442,419,23
2020-04-30 8:32,444,422,22
2020-04-30 8:33,446,424,22
2020-04-30 8:34,448,426,22
2020-04-30 8:35,450,428,22
2020-04-30 8:36,451,430,21
2020-04-30 8:37,453,432,21
2020-04-30 8:38,455,435,20
2020-04-30 8:39,457,437,20
2020-04-30 8:40,459,439,20
2020-04-30 8:41,461,441,20
2020-04-30 8:42,462,443,19
2020-04-30 8:43,463,445,18
2020-04-30 8:44,465,448,17
2020-04-30 8:45,467,450,17
2020-04-30 8:46,469,452,17
2020-04-30 8:47,470,454,16
2020-04-30 8:48,472,456,16
2020-04-30 8:49,474,458,16
2020-04-30 8:50,475,460,15
2020-04-30 8:51,477,462,15
2020-04-30 8:52,479,464,15
2020-04-30 8:53,481,466,15
2020-04-30 8:54,483,468,15
2020-04-30 8:55,484,470,14
2020-04-30 8:56,486,472,14
2020-04-30 8:57,487,474,13
2020-04-30 8:58,489,476,13
2020-04-30 8:59,491,478,13
2020-04-30 9:00,492,480,12
2020-04-30 9:01,494,482,12
2020-04-30 9:02,496,484,12
2020-04-30 9:03,497,486,11
2020-04-30 9:04,499,488,11
2020-04-30 9:05,500,490,10
2020-04-30 9:06,502,492,10
2020-04-30 9:07,503,493,10
2020-04-30 9:08,505,495,10
2020-04-30 9:09,506,497,9
2020-04-30 9:10,507,499,8
2020-04-30 9:11,509,501,8
2020-04-30 9:12,510,502,8
2020-04-30 9:13,511,504,7
2020-04-30 9:14,513,506,7
2020-04-30 9:15,514,508,6
2020-04-30 9:16,516,509,7
2020-04-30 9:17,517,511,6
2020-04-30 9:18,518,513,5
2020-04-30 9:19,520,514,6
2020-04-30 9:20,521,516,5
2020-04-30 9:21,522,518,4
2020-04-30 9:22,524,519,5
2020-04-30 9:23,525,521,4
2020-04-30 9:24,526,522,4
2020-04-30 9:25,527,524,3
2020-04-30 9:26,529,526,3
2020-04-30 9:27,530,527,3
2020-04-30 9:28,531,529,2
2020-04-30 9:29,532,530,2
2020-04-30 9:30,533,531,2
2020-04-30 9:31,535,533,2
2020-04-30 9:32,536,534,2
2020-04-30 9:33,537,536,1
2020-04-30 9:34,538,537,1
2020-04-30 9:35,539,538,1
2020-04-30 9:36,540,540,0
2020-04-30 9:37,541,541,0
2020-04-30 9:38,542,542,0
2020-04-30 9:39,543,544,-1
2020-04-30 9:40,544,545,-1
2020-04-30 9:41,545,546,-1
2020-04-30 9:42,546,547,-1
2020-04-30 9:43,547,549,-2
2020-04-30 9:44,548,550,-2
2020-04-30 9:45,549,551,-2
2020-04-30 9:46,549,552,-3
2020-04-30 9:47,550,553,-3
2020-04-30 9:48,551,554,-3
2020-04-30 9:49,552,555,-3
2020-04-30 9:50,553,556,-3
2020-04-30 9:51,554,557,-3
2020-04-30 9:52,555,558,-3
2020-04-30 9:53,556,559,-3
2020-04-30 9:54,556,560,-4
2020-04-30 9:55,557,561,-4
2020-04-30 9:56,558,562,-4
2020-04-30 9:57,559,563,-4
2020-04-30 9:58,559,564,-5
2020-04-30 9:59,560,565,-5
2020-04-30 10:00,561,565,-4
2020-04-30 10:01,561,566,-5
2020-04-30 10:02,562,567,-5
2020-04-30 10:03,562,568,-6
2020-04-30 10:04,563,568,-5
2020-04-30 10:05,563,569,-6
2020-04-30 10:06,563,570,-7
2020-04-30 10:07,564,570,-6
2020-04-30 10:08,565,571,-6
2020-04-30 10:09,565,571,-6
2020-04-30 10:10,565,572,-7
2020-04-30 10:11,566,573,-7
2020-04-30 10:12,566,573,-7
2020-04-30 10:13,566,574,-8
2020-04-30 10:14,567,574,-7
2020-04-30 10:15,567,574,-7
2020-04-30 10:16,567,575,-8
2020-04-30 10:17,567,575,-8
2020-04-30 10:18,567,576,-9
2020-04-30 10:19,567,576,-9
2020-04-30 10:20,567,576,-9
2020-04-30 10:21,567,577,-10
2020-04-30 10:22,567,577,-10
2020-04-30 10:23,567,577,-10
2020-04-30 10:24,567,577,-10
2020-04-30 10:25,567,578,-11
2020-04-30 10:26,566,578,-12
2020-04-30 10:27,566,578,-12
2020-04-30 10:28,566,578,-12
2020-04-30 10:29,566,578,-12
2020-04-30 10:30,566,578,-12
2020-04-30 10:31,565,578,-13
2020-04-30 10:32,565,578,-13
2020-04-30 10:33,565,578,-13
2020-04-30 10:34,564,578,-14
2020-04-30 10:35,564,578,-14
2020-04-30 10:36,564,578,-14
2020-04-30 10:37,563,578,-15
2020-04-30 10:38,563,578,-15
2020-04-30 10:39,563,578,-15
2020-04-30 10:40,562,578,-16
2020-04-30 10:41,562,577,-15
2020-04-30 10:42,561,577,-16
2020-04-30 10:43,561,577,-16
2020-04-30 10:44,560,577,-17
2020-04-30 10:45,560,576,-16
2020-04-30 10:46,559,576,-17
2020-04-30 10:47,558,576,-18
2020-04-30 10:48,558,576,-18
2020-04-30 10:49,557,575,-18
2020-04-30 10:50,556,575,-19
2020-04-30 10:51,556,574,-18
2020-04-30 10:52,555,574,-19
2020-04-30 10:53,553,573,-20
2020-04-30 10:54,553,573,-20
2020-04-30 10:55,552,572,-20
2020-04-30 10:56,551,572,-21
2020-04-30 10:57,550,571,-21
2020-04-30 10:58,549,571,-22
2020-04-30 10:59,548,570,-22
2020-04-30 11:00,547,570,-23
2020-04-30 11:01,546,569,-23
2020-04-30 11:02,545,568,-23
2020-04-30 11:03,545,568,-23
2020-04-30 11:04,543,567,-24
2020-04-30 11:05,542,566,-24
2020-04-30 11:06,541,566,-25
2020-04-30 11:07,540,565,-25
2020-04-30 11:08,539,564,-25
2020-04-30 11:09,538,563,-25
2020-04-30 11:10,537,562,-25
2020-04-30 11:11,536,562,-26
2020-04-30 11:12,535,561,-26
2020-04-30 11:13,533,560,-27
2020-04-30 11:14,533,559,-26
2020-04-30 11:15,532,558,-26
2020-04-30 11:16,530,557,-27
2020-04-30 11:17,529,556,-27
2020-04-30 11:18,528,555,-27
2020-04-30 11:19,526,554,-28
2020-04-30 11:20,526,553,-27
2020-04-30 11:21,525,552,-27
2020-04-30 11:22,523,551,-28
2020-04-30 11:23,522,550,-28
2020-04-30 11:24,521,549,-28
2020-04-30 11:25,520,548,-28
2020-04-30 11:26,518,547,-29
2020-04-30 11:27,518,546,-28
2020-04-30 11:28,516,545,-29
2020-04-30 11:29,516,544,-28
2020-04-30 11:30,514,543,-29
2020-04-30 11:31,514,541,-27
2020-04-30 11:32,512,540,-28
2020-04-30 11:33,511,539,-28
2020-04-30 11:34,510,538,-28
2020-04-30 11:35,509,537,-28
2020-04-30 11:36,508,535,-27
2020-04-30 11:37,507,534,-27
2020-04-30 11:38,506,533,-27
2020-04-30 11:39,503,532,-29
2020-04-30 11:40,504,530,-26
2020-04-30 11:41,503,529,-26
2020-04-30 11:42,502,528,-26
2020-04-30 11:43,500,526,-26
2020-04-30 11:44,499,525,-26
2020-04-30 11:45,498,524,-26
2020-04-30 11:46,497,522,-25
2020-04-30 11:47,495,521,-26
2020-04-30 11:48,494,520,-26
2020-04-30 11:49,493,518,-25
2020-04-30 11:50,492,517,-25
2020-04-30 11:51,490,515,-25
2020-04-30 11:52,489,514,-25
2020-04-30 11:53,488,513,-25
2020-04-30 11:54,487,511,-24
2020-04-30 11:55,486,510,-24
2020-04-30 11:56,485,508,-23
2020-04-30 11:57,484,507,-23
2020-04-30 11:58,482,505,-23
2020-04-30 11:59,481,504,-23
2020-04-30 12:00,479,502,-23
2020-04-30 12:01,478,501,-23
2020-04-30 12:02,477,499,-22
2020-04-30 12:03,476,498,-22
2020-04-30 12:04,475,496,-21
2020-04-30 12:05,473,495,-22
2020-04-30 12:06,471,493,-22
2020-04-30 12:07,471,492,-21
2020-04-30 12:08,470,490,-20
2020-04-30 12:09,468,489,-21
2020-04-30 12:10,467,487,-20
2020-04-30 12:11,466,485,-19
2020-04-30 12:12,465,484,-19
2020-04-30 12:13,463,482,-19
2020-04-30 12:14,462,481,-19
2020-04-30 12:15,461,479,-18
2020-04-30 12:16,459,477,-18
2020-04-30 12:17,458,476,-18
2020-04-30 12:18,456,474,-18
2020-04-30 12:19,455,473,-18
2020-04-30 12:20,454,471,-17
2020-04-30 12:21,453,469,-16
2020-04-30 12:22,451,468,-17
2020-04-30 12:23,450,466,-16
2020-04-30 12:24,449,465,-16
2020-04-30 12:25,447,463,-16
2020-04-30 12:26,446,461,-15
2020-04-30 12:27,445,460,-15
2020-04-30 12:28,444,458,-14
2020-04-30 12:29,442,456,-14
2020-04-30 12:30,441,455,-14
2020-04-30 12:31,439,453,-14
2020-04-30 12:32,438,451,-13
2020-04-30 12:33,436,450,-14
2020-04-30 12:34,435,448,-13
2020-04-30 12:35,433,446,-13
2020-04-30 12:36,433,445,-12
2020-04-30 12:37,431,443,-12
2020-04-30 12:38,430,441,-11
2020-04-30 12:39,429,440,-11
2020-04-30 12:40,427,438,-11
2020-04-30 12:41,425,436,-11
2020-04-30 12:42,424,435,-11
2020-04-30 12:43,423,433,-10
2020-04-30 12:44,421,432,-11
2020-04-30 12:45,420,430,-10
2020-04-30 12:46,418,428,-10
2020-04-30 12:47,417,427,-10
2020-04-30 12:48,416,425,-9
2020-04-30 12:49,414,423,-9
2020-04-30 12:50,413,422,-9
2020-04-30 12:51,412,420,-8
2020-04-30 12:52,411,418,-7
2020-04-30 12:53,409,417,-8
2020-04-30 12:54,408,415,-7
2020-04-30 12:55,406,413,-7
2020-04-30 12:56,405,412,-7
2020-04-30 12:57,403,410,-7
2020-04-30 12:58,402,408,-6
2020-04-30 12:59,400,407,-7
2020-04-30 13:00,399,405,-6
2020-04-30 13:01,398,403,-5
2020-04-30 13:02,397,402,-5
2020-04-30 13:03,395,400,-5
2020-04-30 13:04,394,399,-5
2020-04-30 13:05,393,397,-4
2020-04-30 13:06,392,395,-3
2020-04-30 13:07,390,394,-4
2020-04-30 13:08,389,392,-3
2020-04-30 13:09,388,390,-2
2020-04-30 13:10,386,389,-3
2020-04-30 13:11,385,387,-2
2020-04-30 13:12,384,386,-2
2020-04-30 13:13,382,384,-2
2020-04-30 13:14,381,382,-1
2020-04-30 13:15,379,381,-2
2020-04-30 13:16,378,379,-1
2020-04-30 13:17,377,378,-1
2020-04-30 13:18,375,376,-1
2020-04-30 13:19,374,374,0
2020-04-30 13:20,373,373,0
2020-04-30 13:21,372,371,1
2020-04-30 13:22,370,370,0
2020-04-30 13:23,369,368,1
2020-04-30 13:24,367,367,0
2020-04-30 13:25,366,365,1
2020-04-30 13:26,365,363,2
2020-04-30 13:27,363,362,1
2020-04-30 13:28,362,360,2
2020-04-30 13:29,360,359,1
2020-04-30 13:30,359,357,2
2020-04-30 13:31,358,356,2
2020-04-30 13:32,356,354,2
2020-04-30 13:33,355,353,2
2020-04-30 13:34,354,351,3
2020-04-30 13:35,353,350,3
2020-04-30 13:36,350,348,2
2020-04-30 13:37,350,347,3
2020-04-30 13:38,348,345,3
2020-04-30 13:39,347,344,3
2020-04-30 13:40,346,342,4
2020-04-30 13:41,344,341,3
2020-04-30 13:42,343,339,4
2020-04-30 13:43,341,338,3
2020-04-30 13:44,340,336,4
2020-04-30 13:45,339,335,4
2020-04-30 13:46,335,333,2
2020-04-30 13:47,336,332,4
2020-04-30 13:48,335,330,5
2020-04-30 13:49,334,329,5
2020-04-30 13:50,331,327,4
2020-04-30 13:51,331,326,5
2020-04-30 13:52,329,324,5
2020-04-30 13:53,329,323,6
2020-04-30 13:54,326,322,4
2020-04-30 13:55,325,320,5
2020-04-30 13:56,325,319,6
2020-04-30 13:57,323,317,6
2020-04-30 13:58,322,316,6
2020-04-30 13:59,321,314,7
2020-04-30 14:00,318,313,5
2020-04-30 14:01,318,312,6
2020-04-30 14:02,316,310,6
2020-04-30 14:03,315,309,6
2020-04-30 14:04,315,307,8
2020-04-30 14:05,313,306,7
2020-04-30 14:06,311,305,6
2020-04-30 14:07,311,303,8
2020-04-30 14:08,308,302,6
2020-04-30 14:09,309,301,8
2020-04-30 14:10,307,299,8
2020-04-30 14:11,305,298,7
2020-04-30 14:12,304,296,8
2020-04-30 14:13,304,295,9
2020-04-30 14:14,302,294,8
2020-04-30 14:15,301,292,9
2020-04-30 14:16,299,291,8
2020-04-30 14:17,299,290,9
2020-04-30 14:18,297,288,9
2020-04-30 14:19,296,287,9
2020-04-30 14:20,294,286,8
2020-04-30 14:21,294,284,10
2020-04-30 14:22,293,283,10
2020-04-30 14:23,291,282,9
2020-04-30 14:24,290,281,9
2020-04-30 14:25,289,279,10
2020-04-30 14:26,288,278,10
2020-04-30 14:27,286,277,9
2020-04-30 14:28,285,275,10
2020-04-30 14:29,284,274,10
2020-04-30 14:30,283,273,10
2020-04-30 14:31,282,272,10
2020-04-30 14:32,281,270,11
2020-04-30 14:33,279,269,10
2020-04-30 14:34,278,268,10
2020-04-30 14:35,277,267,10
2020-04-30 14:36,276,265,11
2020-04-30 14:37,275,264,11
2020-04-30 14:38,274,263,11
2020-04-30 14:39,272,262,10
2020-04-30 14:40,271,260,11
2020-04-30 14:41,270,259,11
2020-04-30 14:42,269,258,11
2020-04-30 14:43,267,257,10
2020-04-30 14:44,266,255,11
2020-04-30 14:45,265,254,11
2020-04-30 14:46,264,253,11
2020-04-30 14:47,263,252,11
2020-04-30 14:48,262,251,11
2020-04-30 14:49,260,250,10
2020-04-30 14:50,259,248,11
2020-04-30 14:51,258,247,11
2020-04-30 14:52,257,246,11
2020-04-30 14:53,255,245,10
2020-04-30 14:54,254,244,10
2020-04-30 14:55,253,243,10
2020-04-30 14:56,252,241,11
2020-04-30 14:57,250,240,10
2020-04-30 14:58,250,239,11
2020-04-30 14:59,248,238,10
2020-04-30 15:00,246,237,9
2020-04-30 15:01,246,236,10
2020-04-30 15:02,244,235,9
2020-04-30 15:03,242,233,9
2020-04-30 15:04,243,232,11
2020-04-30 15:05,242,231,11
2020-04-30 15:06,240,230,10
2020-04-30 15:07,240,229,11
2020-04-30 15:08,238,228,10
2020-04-30 15:09,237,227,10
2020-04-30 15:10,236,226,10
2020-04-30 15:11,235,225,10
2020-04-30 15:12,233,224,9
2020-04-30 15:13,232,223,9
2020-04-30 15:14,231,222,9
2020-04-30 15:15,230,220,10
2020-04-30 15:16,229,219,10
2020-04-30 15:17,228,218,10
2020-04-30 15:18,226,217,9
2020-04-30 15:19,226,216,10
2020-04-30 15:20,225,215,10
2020-04-30 15:21,223,214,9
2020-04-30 15:22,223,213,10
2020-04-30 15:23,220,212,8
2020-04-30 15:24,219,211,8
2020-04-30 15:25,219,210,9
2020-04-30 15:26,219,209,10
2020-04-30 15:27,217,208,9
2020-04-30 15:28,215,207,8
2020-04-30 15:29,215,206,9
2020-04-30 15:30,213,205,8
2020-04-30 15:31,213,204,9
2020-04-30 15:32,211,203,8
2020-04-30 15:33,211,203,8
2020-04-30 15:34,210,202,8
2020-04-30 15:35,209,201,8
2020-04-30 15:36,206,200,6
2020-04-30 15:37,206,199,7
2020-04-30 15:38,205,198,7
2020-04-30 15:39,204,197,7
2020-04-30 15:40,204,196,8
2020-04-30 15:41,203,195,8
2020-04-30 15:42,202,194,8
2020-04-30 15:43,200,193,7
2020-04-30 15:44,200,193,7
2020-04-30 15:45,199,192,7
2020-04-30 15:46,198,191,7
2020-04-30 15:47,196,190,6
2020-04-30 15:48,195,189,6
2020-04-30 15:49,194,188,6
2020-04-30 15:50,193,187,6
2020-04-30 15:51,191,187,4
2020-04-30 15:52,191,186,5
2020-04-30 15:53,191,185,6
2020-04-30 15:54,189,184,5
2020-04-30 15:55,189,183,6
2020-04-30 15:56,188,183,5
2020-04-30 15:57,187,182,5
2020-04-30 15:58,186,181,5
2020-04-30 15:59,185,180,5
2020-04-30 16:00,184,180,4
2020-04-30 16:01,183,179,4
2020-04-30 16:02,183,178,5
2020-04-30 16:03,181,177,4
2020-04-30 16:04,180,177,3
2020-04-30 16:05,179,176,3
2020-04-30 16:06,178,175,3
2020-04-30 16:07,178,174,4
2020-04-30 16:08,176,174,2
2020-04-30 16:09,176,173,3
2020-04-30 16:10,175,172,3
2020-04-30 16:11,173,172,1
2020-04-30 16:12,173,171,2
2020-04-30 16:13,173,170,3
2020-04-30 16:14,172,170,2
2020-04-30 16:15,171,169,2
2020-04-30 16:16,170,168,2
2020-04-30 16:17,169,168,1
2020-04-30 16:18,168,167,1
2020-04-30 16:19,167,167,0
2020-04-30 16:20,166,166,0
2020-04-30 16:21,165,166,-1
2020-04-30 16:22,164,165,-1
2020-04-30 16:23,164,164,0
2020-04-30 16:24,163,164,-1
2020-04-30 16:25,162,163,-1
2020-04-30 16:26,161,163,-2
2020-04-30 16:27,160,162,-2
2020-04-30 16:28,159,162,-3
2020-04-30 16:29,159,161,-2
2020-04-30 16:30,158,161,-3
2020-04-30 16:31,157,160,-3
2020-04-30 16:32,156,160,-4
2020-04-30 16:33,155,159,-4
2020-04-30 16:34,154,159,-5
2020-04-30 16:35,154,158,-4
2020-04-30 16:36,153,158,-5
2020-04-30 16:37,152,157,-5
2020-04-30 16:38,151,157,-6
2020-04-30 16:39,151,157,-6
2020-04-30 16:40,150,156,-6
2020-04-30 16:41,149,156,-7
2020-04-30 16:42,147,155,-8
2020-04-30 16:43,147,155,-8
2020-04-30 16:44,146,155,-9
2020-04-30 16:45,146,154,-8
2020-04-30 16:46,145,154,-9
2020-04-30 16:47,144,154,-10
2020-04-30 16:48,144,153,-9
2020-04-30 16:49,142,153,-11
2020-04-30 16:50,142,153,-11
2020-04-30 16:51,141,153,-12
2020-04-30 16:52,140,152,-12
2020-04-30 16:53,140,152,-12
2020-04-30 16:54,139,152,-13
2020-04-30 16:55,138,152,-14
2020-04-30 16:56,138,151,-13
2020-04-30 16:57,137,151,-14
2020-04-30 16:58,137,151,-14
2020-04-30 16:59,136,151,-15
2020-04-30 17:00,136,150,-14
2020-04-30 17:01,135,150,-15
2020-04-30 17:02,134,150,-16
2020-04-30 17:03,134,150,-16
2020-04-30 17:04,133,150,-17
2020-04-30 17:05,132,150,-18
2020-04-30 17:06,132,150,-18
2020-04-30 17:07,131,149,-18
2020-04-30 17:08,131,149,-18
2020-04-30 17:09,130,149,-19
2020-04-30 17:10,130,149,-19
2020-04-30 17:11,130,149,-19
2020-04-30 17:12,130,149,-19
2020-04-30 17:13,129,149,-20
2020-04-30 17:14,129,149,-20
2020-04-30 17:15,128,149,-21
2020-04-30 17:16,128,149,-21
2020-04-30 17:17,127,149,-22
2020-04-30 17:18,127,149,-22
2020-04-30 17:19,127,149,-22
2020-04-30 17:20,127,149,-22
2020-04-30 17:21,127,149,-22
2020-04-30 17:22,127,149,-22
2020-04-30 17:23,127,149,-22
2020-04-30 17:24,127,149,-22
2020-04-30 17:25,127,149,-22
2020-04-30 17:26,126,149,-23
2020-04-30 17:27,126,149,-23
2020-04-30 17:28,127,150,-23
2020-04-30 17:29,127,150,-23
2020-04-30 17:30,127,150,-23
2020-04-30 17:31,127,150,-23
2020-04-30 17:32,127,150,-23
2020-04-30 17:33,127,150,-23
2020-04-30 17:34,128,150,-22
2020-04-30 17:35,128,151,-23
2020-04-30 17:36,129,151,-22
2020-04-30 17:37,129,151,-22
2020-04-30 17:38,129,151,-22
2020-04-30 17:39,130,152,-22
2020-04-30 17:40,131,152,-21
2020-04-30 17:41,131,152,-21
2020-04-30 17:42,132,152,-20
2020-04-30 17:43,133,153,-20
2020-04-30 17:44,134,153,-19
2020-04-30 17:45,135,153,-18
2020-04-30 17:46,136,154,-18
2020-04-30 17:47,136,154,-18
2020-04-30 17:48,137,154,-17
2020-04-30 17:49,138,155,-17
2020-04-30 17:50,139,155,-16
2020-04-30 17:51,140,155,-15
2020-04-30 17:52,141,156,-15
2020-04-30 17:53,142,156,-14
2020-04-30 17:54,142,156,-14
2020-04-30 17:55,143,157,-14
2020-04-30 17:56,144,157,-13
2020-04-30 17:57,145,158,-13
2020-04-30 17:58,146,158,-12
2020-04-30 17:59,147,159,-12
2020-04-30 18:00,147,159,-12
2020-04-30 18:01,148,160,-12
2020-04-30 18:02,149,160,-11
2020-04-30 18:03,150,161,-11
2020-04-30 18:04,150,161,-11
2020-04-30 18:05,151,162,-11
2020-04-30 18:06,152,162,-10
2020-04-30 18:07,153,163,-10
2020-04-30 18:08,154,163,-9
2020-04-30 18:09,154,164,-10
2020-04-30 18:10,155,164,-9
2020-04-30 18:11,156,165,-9
2020-04-30 18:12,157,166,-9
2020-04-30 18:13,158,166,-8
2020-04-30 18:14,159,167,-8
2020-04-30 18:15,159,168,-9
2020-04-30 18:16,160,168,-8
2020-04-30 18:17,161,169,-8
2020-04-30 18:18,161,170,-9
2020-04-30 18:19,162,170,-8
2020-04-30 18:20,163,171,-8
2020-04-30 18:21,164,172,-8
2020-04-30 18:22,165,172,-7
2020-04-30 18:23,166,173,-7
2020-04-30 18:24,166,174,-8
2020-04-30 18:25,167,174,-7
2020-04-30 18:26,168,175,-7
2020-04-30 18:27,168,176,-8
2020-04-30 18:28,169,177,-8
2020-04-30 18:29,170,178,-8
2020-04-30 18:30,170,178,-8
2020-04-30 18:31,171,179,-8
2020-04-30 18:32,172,180,-8
2020-04-30 18:33,172,181,-9
2020-04-30 18:34,173,182,-9
2020-04-30 18:35,174,182,-8
2020-04-30 18:36,174,183,-9
2020-04-30 18:37,175,184,-9
2020-04-30 18:38,176,185,-9
2020-04-30 18:39,177,186,-9
2020-04-30 18:40,178,187,-9
2020-04-30 18:41,179,188,-9
2020-04-30 18:42,179,189,-10
2020-04-30 18:43,180,190,-10
2020-04-30 18:44,182,190,-8
2020-04-30 18:45,183,191,-8
2020-04-30 18:46,184,192,-8
2020-04-30 18:47,185,193,-8
2020-04-30 18:48,186,194,-8
2020-04-30 18:49,186,195,-9
2020-04-30 18:50,187,196,-9
2020-04-30 18:51,189,197,-8
2020-04-30 18:52,190,198,-8
2020-04-30 18:53,191,199,-8
2020-04-30 18:54,193,200,-7
2020-04-30 18:55,195,201,-6
2020-04-30 18:56,196,202,-6
2020-04-30 18:57,198,203,-5
2020-04-30 18:58,199,204,-5
2020-04-30 18:59,201,205,-4
2020-04-30 19:00,203,207,-4
2020-04-30 19:01,204,208,-4
2020-04-30 19:02,206,209,-3
2020-04-30 19:03,208,210,-2
2020-04-30 19:04,210,211,-1
2020-04-30 19:05,211,212,-1
2020-04-30 19:06,213,213,0
2020-04-30 19:07,214,214,0
2020-04-30 19:08,216,215,1
2020-04-30 19:09,218,217,1
2020-04-30 19:10,220,218,2
2020-04-30 19:11,222,219,3
2020-04-30 19:12,224,220,4
2020-04-30 19:13,225,221,4
2020-04-30 19:14,227,223,4
2020-04-30 19:15,229,224,5
2020-04-30 19:16,230,225,5
2020-04-30 19:17,232,226,6
2020-04-30 19:18,234,227,7
2020-04-30 19:19,235,229,6
2020-04-30 19:20,237,230,7
2020-04-30 19:21,239,231,8
2020-04-30 19:22,241,232,9
2020-04-30 19:23,242,234,8
2020-04-30 19:24,244,235,9
2020-04-30 19:25,245,236,9
2020-04-30 19:26,247,237,10
2020-04-30 19:27,248,239,9
2020-04-30 19:28,250,240,10
2020-04-30 19:29,251,241,10
2020-04-30 19:30,253,243,10
2020-04-30 19:31,255,244,11
2020-04-30 19:32,256,245,11
2020-04-30 19:33,258,247,11
2020-04-30 19:34,259,248,11
2020-04-30 19:35,261,249,12
2020-04-30 19:36,262,251,11
2020-04-30 19:37,263,252,11
2020-04-30 19:38,265,253,12
2020-04-30 19:39,266,255,11
2020-04-30 19:40,268,256,12
2020-04-30 19:41,269,258,11
2020-04-30 19:42,271,259,12
2020-04-30 19:43,273,260,13
2020-04-30 19:44,274,262,12
2020-04-30 19:45,276,263,13
2020-04-30 19:46,278,265,13
2020-04-30 19:47,279,266,13
2020-04-30 19:48,281,267,14
2020-04-30 19:49,282,269,13
2020-04-30 19:50,283,270,13
2020-04-30 19:51,285,272,13
2020-04-30 19:52,287,273,14
2020-04-30 19:53,289,275,14
2020-04-30 19:54,290,276,14
2020-04-30 19:55,292,278,14
2020-04-30 19:56,294,279,15
2020-04-30 19:57,295,281,14
2020-04-30 19:58,297,282,15
2020-04-30 19:59,298,283,15
2020-04-30 20:00,300,285,15
2020-04-30 20:01,301,286,15
2020-04-30 20:02,302,288,14
2020-04-30 20:03,304,289,15
2020-04-30 20:04,306,291,15
2020-04-30 20:05,308,292,16
2020-04-30 20:06,310,294,16
2020-04-30 20:07,312,295,17
2020-04-30 20:08,313,297,16
2020-04-30 20:09,315,298,17
2020-04-30 20:10,316,300,16
2020-04-30 20:11,318,301,17
2020-04-30 20:12,319,303,16
2020-04-30 20:13,321,304,17
2020-04-30 20:14,322,306,16
2020-04-30 20:15,324,308,16
2020-04-30 20:16,325,309,16
2020-04-30 20:17,326,311,15
2020-04-30 20:18,327,312,15
2020-04-30 20:19,329,314,15
2020-04-30 20:20,331,315,16
2020-04-30 20:21,332,317,15
2020-04-30 20:22,334,318,16
2020-04-30 20:23,336,320,16
2020-04-30 20:24,337,321,16
2020-04-30 20:25,338,323,15
2020-04-30 20:26,340,324,16
2020-04-30 20:27,342,326,16
2020-04-30 20:28,343,327,16
2020-04-30 20:29,344,329,15
2020-04-30 20:30,346,331,15
2020-04-30 20:31,348,332,16
2020-04-30 20:32,350,334,16
2020-04-30 20:33,351,335,16
2020-04-30 20:34,353,337,16
2020-04-30 20:35,354,338,16
2020-04-30 20:36,356,340,16
2020-04-30 20:37,357,341,16
2020-04-30 20:38,358,343,15
2020-04-30 20:39,360,344,16
2020-04-30 20:40,361,346,15
2020-04-30 20:41,362,347,15
2020-04-30 20:42,364,349,15
2020-04-30 20:43,365,350,15
2020-04-30 20:44,367,352,15
2020-04-30 20:45,368,353,15
2020-04-30 20:46,369,355,14
2020-04-30 20:47,371,356,15
2020-04-30 20:48,372,358,14
2020-04-30 20:49,373,360,13
2020-04-30 20:50,374,361,13
2020-04-30 20:51,376,363,13
2020-04-30 20:52,377,364,13
2020-04-30 20:53,379,365,14
2020-04-30 20:54,380,367,13
2020-04-30 20:55,381,368,13
2020-04-30 20:56,382,370,12
2020-04-30 20:57,384,371,13
2020-04-30 20:58,385,373,12
2020-04-30 20:59,386,374,12
2020-04-30 21:00,388,376,12
2020-04-30 21:01,389,377,12
2020-04-30 21:02,390,379,11
2020-04-30 21:03,391,380,11
2020-04-30 21:04,392,382,10
2020-04-30 21:05,394,383,11
2020-04-30 21:06,395,384,11
2020-04-30 21:07,396,386,10
2020-04-30 21:08,397,387,10
2020-04-30 21:09,398,389,9
2020-04-30 21:10,399,390,9
2020-04-30 21:11,400,391,9
2020-04-30 21:12,401,393,8
2020-04-30 21:13,401,394,7
2020-04-30 21:14,403,395,8
2020-04-30 21:15,404,397,7
2020-04-30 21:16,405,398,7
2020-04-30 21:17,406,399,7
2020-04-30 21:18,407,401,6
2020-04-30 21:19,408,402,6
2020-04-30 21:20,409,403,6
2020-04-30 21:21,411,405,6
2020-04-30 21:22,412,406,6
2020-04-30 21:23,413,407,6
2020-04-30 21:24,414,409,5
2020-04-30 21:25,415,410,5
2020-04-30 21:26,416,411,5
2020-04-30 21:27,417,412,5
2020-04-30 21:28,418,414,4
2020-04-30 21:29,419,415,4
2020-04-30 21:30,420,416,4
2020-04-30 21:31,421,417,4
2020-04-30 21:32,422,418,4
2020-04-30 21:33,424,420,4
2020-04-30 21:34,424,421,3
2020-04-30 21:35,426,422,4
2020-04-30 21:36,426,423,3
2020-04-30 21:37,427,424,3
2020-04-30 21:38,428,425,3
2020-04-30 21:39,429,426,3
2020-04-30 21:40,430,427,3
2020-04-30 21:41,431,429,2
2020-04-30 21:42,432,430,2
2020-04-30 21:43,433,431,2
2020-04-30 21:44,433,432,1
2020-04-30 21:45,434,433,1
2020-04-30 21:46,436,434,2
2020-04-30 21:47,436,435,1
2020-04-30 21:48,437,436,1
2020-04-30 21:49,438,437,1
2020-04-30 21:50,439,438,1
2020-04-30 21:51,440,439,1
2020-04-30 21:52,441,440,1
2020-04-30 21:53,441,440,1
2020-04-30 21:54,442,441,1
2020-04-30 21:55,443,442,1
2020-04-30 21:56,443,443,0
2020-04-30 21:57,444,444,0
2020-04-30 21:58,444,445,-1
2020-04-30 21:59,445,446,-1
2020-04-30 22:00,445,447,-2
2020-04-30 22:01,446,447,-1
2020-04-30 22:02,446,448,-2
2020-04-30 22:03,447,449,-2
2020-04-30 22:04,447,450,-3
2020-04-30 22:05,448,450,-2
2020-04-30 22:06,448,451,-3
2020-04-30 22:07,449,452,-3
2020-04-30 22:08,449,452,-3
2020-04-30 22:09,449,453,-4
2020-04-30 22:10,450,454,-4
2020-04-30 22:11,450,454,-4
2020-04-30 22:12,450,455,-5
2020-04-30 22:13,451,456,-5
2020-04-30 22:14,451,456,-5
2020-04-30 22:15,451,457,-6
2020-04-30 22:16,452,457,-5
2020-04-30 22:17,452,458,-6
2020-04-30 22:18,452,458,-6
2020-04-30 22:19,452,459,-7
2020-04-30 22:20,453,459,-6
2020-04-30 22:21,453,460,-7
2020-04-30 22:22,453,460,-7
2020-04-30 22:23,453,461,-8
2020-04-30 22:24,454,461,-7
2020-04-30 22:25,454,462,-8
2020-04-30 22:26,454,462,-8
2020-04-30 22:27,454,462,-8
2020-04-30 22:28,454,463,-9
2020-04-30 22:29,454,463,-9
2020-04-30 22:30,455,463,-8
2020-04-30 22:31,455,464,-9
2020-04-30 22:32,455,464,-9
2020-04-30 22:33,455,464,-9
2020-04-30 22:34,455,465,-10
2020-04-30 22:35,455,465,-10
2020-04-30 22:36,455,465,-10
2020-04-30 22:37,455,465,-10
2020-04-30 22:38,455,465,-10
2020-04-30 22:39,455,466,-11
2020-04-30 22:40,455,466,-11
2020-04-30 22:41,455,466,-11
2020-04-30 22:42,455,466,-11
2020-04-30 22:43,454,466,-12
2020-04-30 22:44,454,466,-12
2020-04-30 22:45,454,466,-12
2020-04-30 22:46,454,466,-12
2020-04-30 22:47,453,466,-13
2020-04-30 22:48,453,466,-13
2020-04-30 22:49,453,466,-13
2020-04-30 22:50,452,466,-14
2020-04-30 22:51,452,466,-14
2020-04-30 22:52,452,466,-14
2020-04-30 22:53,451,466,-15
2020-04-30 22:54,451,466,-15
2020-04-30 22:55,450,466,-16
2020-04-30 22:56,449,465,-16
2020-04-30 22:57,449,465,-16
2020-04-30 22:58,449,465,-16
2020-04-30 22:59,448,465,-17
2020-04-30 23:00,448,465,-17
2020-04-30 23:01,447,464,-17
2020-04-30 23:02,446,464,-18
2020-04-30 23:03,446,464,-18
2020-04-30 23:04,445,464,-19
2020-04-30 23:05,445,463,-18
2020-04-30 23:06,444,463,-19
2020-04-30 23:07,443,463,-20
2020-04-30 23:08,443,462,-19
2020-04-30 23:09,442,462,-20
2020-04-30 23:10,441,462,-21
2020-04-30 23:11,441,461,-20
2020-04-30 23:12,440,461,-21
2020-04-30 23:13,439,460,-21
2020-04-30 23:14,439,460,-21
2020-04-30 23:15,438,459,-21
2020-04-30 23:16,437,459,-22
2020-04-30 23:17,437,458,-21
2020-04-30 23:18,436,458,-22
2020-04-30 23:19,436,457,-21
2020-04-30 23:20,435,457,-22
2020-04-30 23:21,434,456,-22
2020-04-30 23:22,433,456,-23
2020-04-30 23:23,432,455,-23
2020-04-30 23:24,432,455,-23
2020-04-30 23:25,431,454,-23
2020-04-30 23:26,430,453,-23
2020-04-30 23:27,428,453,-25
2020-04-30 23:28,428,452,-24
2020-04-30 23:29,426,451,-25
2020-04-30 23:30,426,451,-25
2020-04-30 23:31,426,450,-24
2020-04-30 23:32,425,449,-24
2020-04-30 23:33,424,448,-24
2020-04-30 23:34,422,448,-26
2020-04-30 23:35,422,447,-25
2020-04-30 23:36,420,446,-26
2020-04-30 23:37,420,445,-25
2020-04-30 23:38,418,444,-26
2020-04-30 23:39,418,444,-26
2020-04-30 23:40,417,443,-26
2020-04-30 23:41,416,442,-26
2020-04-30 23:42,416,441,-25
2020-04-30 23:43,414,440,-26
2020-04-30 23:44,414,439,-25
2020-04-30 23:45,413,438,-25
2020-04-30 23:46,412,437,-25
2020-04-30 23:47,411,437,-26
2020-04-30 23:48,411,436,-25
2020-04-30 23:49,409,435,-26
2020-04-30 23:50,408,434,-26
2020-04-30 23:51,407,433,-26
2020-04-30 23:52,406,432,-26
2020-04-30 23:53,405,431,-26
2020-04-30 23:54,403,430,-27
2020-04-30 23:55,403,429,-26
2020-04-30 23:56,402,428,-26
2020-04-30 23:57,400,427,-27
2020-04-30 23:58,400,426,-26
2020-04-30 23:59,399,424,-25
2020-05-01 0:00,398,423,-25
2020-05-01 0:01,396,422,-26
2020-05-01 0:02,395,421,-26
2020-05-01 0:03,394,420,-26
2020-05-01 0:04,392,419,-27
2020-05-01 0:05,392,418,-26
2020-05-01 0:06,391,417,-26
2020-05-01 0:07,390,416,-26
2020-05-01 0:08,389,414,-25
2020-05-01 0:09,388,413,-25
2020-05-01 0:10,386,412,-26
2020-05-01 0:11,385,411,-26
2020-05-01 0:12,383,410,-27
2020-05-01 0:13,381,409,-28
2020-05-01 0:14,381,407,-26
2020-05-01 0:15,380,406,-26
2020-05-01 0:16,379,405,-26
2020-05-01 0:17,378,404,-26
2020-05-01 0:18,377,403,-26
2020-05-01 0:19,375,401,-26
2020-05-01 0:20,374,400,-26
2020-05-01 0:21,373,399,-26
2020-05-01 0:22,372,398,-26
2020-05-01 0:23,371,396,-25
2020-05-01 0:24,370,395,-25
2020-05-01 0:25,369,394,-25
2020-05-01 0:26,367,392,-25
2020-05-01 0:27,366,391,-25
2020-05-01 0:28,365,390,-25
2020-05-01 0:29,364,389,-25
2020-05-01 0:30,363,387,-24
2020-05-01 0:31,362,386,-24
2020-05-01 0:32,361,385,-24
2020-05-01 0:33,359,383,-24
2020-05-01 0:34,359,382,-23
2020-05-01 0:35,358,381,-23
2020-05-01 0:36,356,379,-23
2020-05-01 0:37,356,378,-22
2020-05-01 0:38,354,377,-23
2020-05-01 0:39,353,375,-22
2020-05-01 0:40,352,374,-22
2020-05-01 0:41,350,373,-23
2020-05-01 0:42,349,371,-22
2020-05-01 0:43,348,370,-22
2020-05-01 0:44,347,369,-22
2020-05-01 0:45,345,367,-22
2020-05-01 0:46,344,366,-22
2020-05-01 0:47,343,364,-21
2020-05-01 0:48,342,363,-21
2020-05-01 0:49,340,362,-22
2020-05-01 0:50,339,360,-21
2020-05-01 0:51,338,359,-21
2020-05-01 0:52,337,358,-21
2020-05-01 0:53,336,356,-20
2020-05-01 0:54,335,355,-20
2020-05-01 0:55,333,353,-20
2020-05-01 0:56,332,352,-20
2020-05-01 0:57,331,351,-20
2020-05-01 0:58,329,349,-20
2020-05-01 0:59,328,348,-20
2020-05-01 1:00,327,346,-19
2020-05-01 1:01,325,345,-20
2020-05-01 1:02,324,344,-20
2020-05-01 1:03,323,342,-19
2020-05-01 1:04,322,341,-19
2020-05-01 1:05,321,339,-18
2020-05-01 1:06,319,338,-19
2020-05-01 1:07,318,337,-19
2020-05-01 1:08,317,335,-18
2020-05-01 1:09,316,334,-18
2020-05-01 1:10,314,332,-18
2020-05-01 1:11,313,331,-18
2020-05-01 1:12,312,330,-18
2020-05-01 1:13,311,328,-17
2020-05-01 1:14,309,327,-18
2020-05-01 1:15,308,325,-17
2020-05-01 1:16,307,324,-17
2020-05-01 1:17,306,323,-17
2020-05-01 1:18,305,321,-16
2020-05-01 1:19,303,320,-17
2020-05-01 1:20,302,318,-16
2020-05-01 1:21,301,317,-16
2020-05-01 1:22,300,316,-16
2020-05-01 1:23,299,314,-15
2020-05-01 1:24,298,313,-15
2020-05-01 1:25,297,311,-14
2020-05-01 1:26,295,310,-15
2020-05-01 1:27,294,309,-15
2020-05-01 1:28,293,307,-14
2020-05-01 1:29,292,306,-14
2020-05-01 1:30,290,304,-14
2020-05-01 1:31,289,303,-14
2020-05-01 1:32,288,302,-14
2020-05-01 1:33,286,300,-14
2020-05-01 1:34,285,299,-14
2020-05-01 1:35,284,298,-14
2020-05-01 1:36,283,296,-13
2020-05-01 1:37,281,295,-14
2020-05-01 1:38,280,293,-13
2020-05-01 1:39,279,292,-13
2020-05-01 1:40,278,291,-13
2020-05-01 1:41,277,289,-12
2020-05-01 1:42,275,288,-13
2020-05-01 1:43,274,287,-13
2020-05-01 1:44,273,285,-12
2020-05-01 1:45,272,284,-12
2020-05-01 1:46,270,282,-12
2020-05-01 1:47,269,281,-12
2020-05-01 1:48,268,280,-12
2020-05-01 1:49,267,278,-11
2020-05-01 1:50,265,277,-12
2020-05-01 1:51,264,276,-12
2020-05-01 1:52,263,274,-11
2020-05-01 1:53,262,273,-11
2020-05-01 1:54,261,272,-11
2020-05-01 1:55,260,270,-10
2020-05-01 1:56,259,269,-10
2020-05-01 1:57,258,268,-10
2020-05-01 1:58,256,266,-10
2020-05-01 1:59,255,265,-10
2020-05-01 2:00,254,264,-10
2020-05-01 2:01,252,263,-11
2020-05-01 2:02,251,261,-10
2020-05-01 2:03,250,260,-10
2020-05-01 2:04,249,259,-10
2020-05-01 2:05,248,257,-9
2020-05-01 2:06,246,256,-10
2020-05-01 2:07,245,255,-10
2020-05-01 2:08,244,253,-9
2020-05-01 2:09,243,252,-9
2020-05-01 2:10,242,251,-9
2020-05-01 2:11,241,250,-9
2020-05-01 2:12,240,248,-8
2020-05-01 2:13,239,247,-8
2020-05-01 2:14,238,246,-8
2020-05-01 2:15,236,244,-8
2020-05-01 2:16,235,243,-8
2020-05-01 2:17,234,242,-8
2020-05-01 2:18,233,241,-8
2020-05-01 2:19,231,239,-8
2020-05-01 2:20,230,238,-8
2020-05-01 2:21,229,237,-8
2020-05-01 2:22,228,236,-8
2020-05-01 2:23,227,234,-7
2020-05-01 2:24,226,233,-7
2020-05-01 2:25,225,232,-7
2020-05-01 2:26,224,231,-7
2020-05-01 2:27,223,230,-7
2020-05-01 2:28,222,228,-6
2020-05-01 2:29,221,227,-6
2020-05-01 2:30,219,226,-7
2020-05-01 2:31,218,225,-7
2020-05-01 2:32,217,223,-6
2020-05-01 2:33,216,222,-6
2020-05-01 2:34,215,221,-6
2020-05-01 2:35,214,220,-6
2020-05-01 2:36,212,219,-7
2020-05-01 2:37,212,217,-5
2020-05-01 2:38,210,216,-6
2020-05-01 2:39,209,215,-6
2020-05-01 2:40,208,214,-6
2020-05-01 2:41,207,213,-6
2020-05-01 2:42,206,212,-6
2020-05-01 2:43,205,210,-5
2020-05-01 2:44,205,209,-4
2020-05-01 2:45,203,208,-5
2020-05-01 2:46,202,207,-5
2020-05-01 2:47,201,206,-5
2020-05-01 2:48,200,205,-5
2020-05-01 2:49,199,203,-4
2020-05-01 2:50,198,202,-4
2020-05-01 2:51,197,201,-4
2020-05-01 2:52,196,200,-4
2020-05-01 2:53,195,199,-4
2020-05-01 2:54,194,198,-4
2020-05-01 2:55,193,197,-4
2020-05-01 2:56,191,196,-5
2020-05-01 2:57,191,194,-3
2020-05-01 2:58,189,193,-4
2020-05-01 2:59,188,192,-4
2020-05-01 3:00,188,191,-3
2020-05-01 3:01,186,190,-4
2020-05-01 3:02,185,189,-4
2020-05-01 3:03,184,188,-4
2020-05-01 3:04,183,187,-4
2020-05-01 3:05,182,186,-4
2020-05-01 3:06,181,185,-4
2020-05-01 3:07,180,184,-4
2020-05-01 3:08,179,182,-3
2020-05-01 3:09,178,181,-3
2020-05-01 3:10,177,180,-3
2020-05-01 3:11,176,179,-3
2020-05-01 3:12,175,178,-3
2020-05-01 3:13,174,177,-3
2020-05-01 3:14,173,176,-3
2020-05-01 3:15,172,175,-3
2020-05-01 3:16,171,174,-3
2020-05-01 3:17,170,173,-3
2020-05-01 3:18,169,172,-3
2020-05-01 3:19,168,171,-3
2020-05-01 3:20,167,170,-3
2020-05-01 3:21,166,169,-3
2020-05-01 3:22,165,168,-3
2020-05-01 3:23,164,167,-3
2020-05-01 3:24,163,166,-3
2020-05-01 3:25,162,165,-3
2020-05-01 3:26,161,164,-3
2020-05-01 3:27,160,163,-3
2020-05-01 3:28,159,162,-3
2020-05-01 3:29,158,161,-3
2020-05-01 3:30,156,160,-4
2020-05-01 3:31,156,159,-3
2020-05-01 3:32,154,158,-4
2020-05-01 3:33,154,157,-3
2020-05-01 3:34,153,156,-3
2020-05-01 3:35,152,155,-3
2020-05-01 3:36,151,154,-3
2020-05-01 3:37,150,153,-3
2020-05-01 3:38,149,152,-3
2020-05-01 3:39,148,152,-4
2020-05-01 3:40,147,151,-4
2020-05-01 3:41,146,150,-4
2020-05-01 3:42,145,149,-4
2020-05-01 3:43,144,148,-4
2020-05-01 3:44,143,147,-4
2020-05-01 3:45,142,146,-4
2020-05-01 3:46,141,145,-4
2020-05-01 3:47,140,144,-4
2020-05-01 3:48,139,144,-5
2020-05-01 3:49,138,143,-5
2020-05-01 3:50,137,142,-5
2020-05-01 3:51,136,141,-5
2020-05-01 3:52,135,140,-5
2020-05-01 3:53,134,139,-5
2020-05-01 3:54,133,138,-5
2020-05-01 3:55,132,138,-6
2020-05-01 3:56,131,137,-6
2020-05-01 3:57,130,136,-6
2020-05-01 3:58,129,135,-6
2020-05-01 3:59,129,134,-5
2020-05-01 4:00,128,134,-6
2020-05-01 4:01,127,133,-6
2020-05-01 4:02,126,132,-6
2020-05-01 4:03,125,131,-6
2020-05-01 4:04,124,130,-6
2020-05-01 4:05,123,130,-7
2020-05-01 4:06,122,129,-7
2020-05-01 4:07,120,128,-8
2020-05-01 4:08,119,127,-8
2020-05-01 4:09,119,127,-8
2020-05-01 4:10,118,126,-8
2020-05-01 4:11,117,125,-8
2020-05-01 4:12,116,124,-8
2020-05-01 4:13,115,124,-9
2020-05-01 4:14,114,123,-9
2020-05-01 4:15,113,122,-9
2020-05-01 4:16,112,122,-10
2020-05-01 4:17,111,121,-10
2020-05-01 4:18,110,120,-10
2020-05-01 4:19,110,120,-10
2020-05-01 4:20,109,119,-10
2020-05-01 4:21,108,118,-10
2020-05-01 4:22,107,118,-11
2020-05-01 4:23,106,117,-11
2020-05-01 4:24,105,116,-11
2020-05-01 4:25,104,116,-12
2020-05-01 4:26,103,115,-12
2020-05-01 4:27,102,115,-13
2020-05-01 4:28,101,114,-13
2020-05-01 4:29,100,113,-13
2020-05-01 4:30,99,113,-14
2020-05-01 4:31,98,112,-14
2020-05-01 4:32,97,112,-15
2020-05-01 4:33,97,111,-14
2020-05-01 4:34,95,111,-16
2020-05-01 4:35,95,110,-15
2020-05-01 4:36,94,110,-16
2020-05-01 4:37,94,109,-15
2020-05-01 4:38,93,109,-16
2020-05-01 4:39,92,108,-16
2020-05-01 4:40,91,108,-17
2020-05-01 4:41,90,107,-17
2020-05-01 4:42,89,107,-18
2020-05-01 4:43,88,106,-18
2020-05-01 4:44,88,106,-18
2020-05-01 4:45,86,105,-19
2020-05-01 4:46,86,105,-19
2020-05-01 4:47,85,104,-19
2020-05-01 4:48,84,104,-20
2020-05-01 4:49,83,104,-21
2020-05-01 4:50,82,103,-21
2020-05-01 4:51,82,103,-21
2020-05-01 4:52,81,102,-21
2020-05-01 4:53,80,102,-22
2020-05-01 4:54,79,102,-23
2020-05-01 4:55,79,101,-22
2020-05-01 4:56,78,101,-23
2020-05-01 4:57,77,101,-24
2020-05-01 4:58,76,100,-24
2020-05-01 4:59,76,100,-24
2020-05-01 5:00,75,100,-25
2020-05-01 5:01,75,99,-24
2020-05-01 5:02,74,99,-25
2020-05-01 5:03,73,99,-26
2020-05-01 5:04,73,99,-26
2020-05-01 5:05,72,98,-26
2020-05-01 5:06,72,98,-26
2020-05-01 5:07,71,98,-27
2020-05-01 5:08,71,98,-27
2020-05-01 5:09,70,98,-28
2020-05-01 5:10,69,97,-28
2020-05-01 5:11,69,97,-28
2020-05-01 5:12,68,97,-29
2020-05-01 5:13,68,97,-29
2020-05-01 5:14,67,97,-30
2020-05-01 5:15,67,97,-30
2020-05-01 5:16,66,96,-30
2020-05-01 5:17,66,96,-30
2020-05-01 5:18,66,96,-30
2020-05-01 5:19,65,96,-31
2020-05-01 5:20,65,96,-31
2020-05-01 5:21,64,96,-32
2020-05-01 5:22,64,96,-32
2020-05-01 5:23,64,96,-32
2020-05-01 5:24,64,96,-32
2020-05-01 5:25,64,96,-32
2020-05-01 5:26,64,96,-32
2020-05-01 5:27,63,96,-33
2020-05-01 5:28,63,96,-33
2020-05-01 5:29,63,96,-33
2020-05-01 5:30,64,96,-32
2020-05-01 5:31,63,96,-33
2020-05-01 5:32,64,96,-32
2020-05-01 5:33,64,96,-32
2020-05-01 5:34,64,96,-32
2020-05-01 5:35,65,96,-31
2020-05-01 5:36,65,96,-31
2020-05-01 5:37,66,96,-30
2020-05-01 5:38,66,96,-30
2020-05-01 5:39,68,96,-28
2020-05-01 5:40,69,97,-28
2020-05-01 5:41,70,97,-27
2020-05-01 5:42,70,97,-27
2020-05-01 5:43,71,97,-26
2020-05-01 5:44,72,97,-25
2020-05-01 5:45,74,97,-23
2020-05-01 5:46,75,98,-23
2020-05-01 5:47,76,98,-22
2020-05-01 5:48,77,98,-21
2020-05-01 5:49,78,98,-20
2020-05-01 5:50,79,99,-20
2020-05-01 5:51,80,99,-19
2020-05-01 5:52,81,99,-18
2020-05-01 5:53,81,99,-18
2020-05-01 5:54,82,100,-18
2020-05-01 5:55,84,100,-16
2020-05-01 5:56,84,100,-16
2020-05-01 5:57,86,101,-15
2020-05-01 5:58,86,101,-15
2020-05-01 5:59,87,102,-15
2020-05-01 6:00,88,102,-14
2020-05-01 6:01,89,102,-13
2020-05-01 6:02,90,103,-13
2020-05-01 6:03,91,103,-12
2020-05-01 6:04,92,104,-12
2020-05-01 6:05,93,104,-11
2020-05-01 6:06,93,104,-11
2020-05-01 6:07,94,105,-11
2020-05-01 6:08,95,105,-10
2020-05-01 6:09,95,106,-11
2020-05-01 6:10,96,106,-10
2020-05-01 6:11,97,107,-10
2020-05-01 6:12,98,107,-9
2020-05-01 6:13,99,108,-9
2020-05-01 6:14,99,108,-9
2020-05-01 6:15,100,109,-9
2020-05-01 6:16,101,110,-9
2020-05-01 6:17,102,110,-8
2020-05-01 6:18,102,111,-9
2020-05-01 6:19,103,111,-8
2020-05-01 6:20,104,112,-8
2020-05-01 6:21,105,113,-8
2020-05-01 6:22,106,113,-7
2020-05-01 6:23,106,114,-8
2020-05-01 6:24,107,115,-8
2020-05-01 6:25,108,115,-7
2020-05-01 6:26,109,116,-7
2020-05-01 6:27,109,117,-8
2020-05-01 6:28,110,117,-7
2020-05-01 6:29,111,118,-7
2020-05-01 6:30,111,119,-8
2020-05-01 6:31,112,120,-8
2020-05-01 6:32,113,120,-7
2020-05-01 6:33,113,121,-8
2020-05-01 6:34,114,122,-8
2020-05-01 6:35,115,123,-8
2020-05-01 6:36,116,124,-8
2020-05-01 6:37,116,124,-8
2020-05-01 6:38,117,125,-8
2020-05-01 6:39,118,126,-8
2020-05-01 6:40,119,127,-8
2020-05-01 6:41,120,128,-8
2020-05-01 6:42,121,129,-8
2020-05-01 6:43,122,130,-8
2020-05-01 6:44,123,131,-8
2020-05-01 6:45,124,132,-8
2020-05-01 6:46,126,132,-6
2020-05-01 6:47,127,133,-6
2020-05-01 6:48,128,134,-6
2020-05-01 6:49,129,135,-6
2020-05-01 6:50,130,136,-6
2020-05-01 6:51,131,137,-6
2020-05-01 6:52,133,138,-5
2020-05-01 6:53,134,139,-5
2020-05-01 6:54,135,140,-5
2020-05-01 6:55,137,141,-4
2020-05-01 6:56,138,143,-5
2020-05-01 6:57,140,144,-4
2020-05-01 6:58,142,145,-3
2020-05-01 6:59,143,146,-3
2020-05-01 7:00,145,147,-2
2020-05-01 7:01,147,148,-1
2020-05-01 7:02,148,149,-1
2020-05-01 7:03,150,150,0
2020-05-01 7:04,152,151,1
2020-05-01 7:05,153,153,0
2020-05-01 7:06,155,154,1
2020-05-01 7:07,157,155,2
2020-05-01 7:08,159,156,3
2020-05-01 7:09,161,157,4
2020-05-01 7:10,163,159,4
2020-05-01 7:11,165,160,5
2020-05-01 7:12,167,161,6
2020-05-01 7:13,169,162,7
2020-05-01 7:14,171,163,8
2020-05-01 7:15,172,165,7
2020-05-01 7:16,174,166,8
2020-05-01 7:17,176,167,9
2020-05-01 7:18,178,169,9
2020-05-01 7:19,180,170,10
2020-05-01 7:20,182,171,11
2020-05-01 7:21,184,173,11
2020-05-01 7:22,185,174,11
2020-05-01 7:23,187,175,12
2020-05-01 7:24,189,177,12
2020-05-01 7:25,190,178,12
2020-05-01 7:26,192,179,13
2020-05-01 7:27,194,181,13
2020-05-01 7:28,196,182,14
2020-05-01 7:29,198,184,14
2020-05-01 7:30,200,185,15
2020-05-01 7:31,201,187,14
2020-05-01 7:32,203,188,15
2020-05-01 7:33,204,189,15
2020-05-01 7:34,206,191,15
2020-05-01 7:35,208,192,16
2020-05-01 7:36,210,194,16
2020-05-01 7:37,211,195,16
2020-05-01 7:38,213,197,16
2020-05-01 7:39,215,198,17
2020-05-01 7:40,217,200,17
2020-05-01 7:41,219,202,17
2020-05-01 7:42,221,203,18
2020-05-01 7:43,222,205,17
2020-05-01 7:44,224,206,18
2020-05-01 7:45,225,208,17
2020-05-01 7:46,227,209,18
2020-05-01 7:47,229,211,18
2020-05-01 7:48,231,213,18
2020-05-01 7:49,233,214,19
2020-05-01 7:50,235,216,19
2020-05-01 7:51,237,217,20
2020-05-01 7:52,239,219,20
2020-05-01 7:53,241,221,20
2020-05-01 7:54,242,222,20
2020-05-01 7:55,244,224,20
2020-05-01 7:56,246,226,20
2020-05-01 7:57,248,227,21
2020-05-01 7:58,250,229,21
2020-05-01 7:59,252,231,21
2020-05-01 8:00,254,233,21
2020-05-01 8:01,256,234,22
2020-05-01 8:02,258,236,22
2020-05-01 8:03,260,238,22
2020-05-01 8:04,261,239,22
2020-05-01 8:05,263,241,22
2020-05-01 8:06,265,243,22
2020-05-01 8:07,267,245,22
2020-05-01 8:08,269,247,22
2020-05-01 8:09,271,248,23
2020-05-01 8:10,273,250,23
2020-05-01 8:11,275,252,23
2020-05-01 8:12,276,254,22
2020-05-01 8:13,278,255,23
2020-05-01 8:14,280,257,23
2020-05-01 8:15,282,259,23
2020-05-01 8:16,283,261,22
2020-05-01 8:17,285,263,22
2020-05-01 8:18,287,265,22
2020-05-01 8:19,289,266,23
2020-05-01 8:20,291,268,23
2020-05-01 8:21,293,270,23
2020-05-01 8:22,295,272,23
2020-05-01 8:23,297,274,23
2020-05-01 8:24,299,276,23
2020-05-01 8:25,300,278,22
2020-05-01 8:26,302,279,23
2020-05-01 8:27,304,281,23
2020-05-01 8:28,306,283,23
2020-05-01 8:29,308,285,23
2020-05-01 8:30,310,287,23
2020-05-01 8:31,312,289,23
2020-05-01 8:32,314,291,23
2020-05-01 8:33,316,293,23
2020-05-01 8:34,318,295,23
2020-05-01 8:35,319,297,22
2020-05-01 8:36,321,299,22
2020-05-01 8:37,323,300,23
2020-05-01 8:38,325,302,23
2020-05-01 8:39,327,304,23
2020-05-01 8:40,329,306,23
2020-05-01 8:41,331,308,23
2020-05-01 8:42,333,310,23
2020-05-01 8:43,334,312,22
2020-05-01 8:44,336,314,22
2020-05-01 8:45,338,316,22
2020-05-01 8:46,340,318,22
2020-05-01 8:47,341,320,21
2020-05-01 8:48,343,322,21
2020-05-01 8:49,345,324,21
2020-05-01 8:50,347,326,21
2020-05-01 8:51,349,328,21
2020-05-01 8:52,351,330,21
2020-05-01 8:53,352,332,20
2020-05-01 8:54,354,334,20
2020-05-01 8:55,356,336,20
2020-05-01 8:56,357,338,19
2020-05-01 8:57,359,340,19
2020-05-01 8:58,361,342,19
2020-05-01 8:59,363,344,19
2020-05-01 9:00,364,346,18
2020-05-01 9:01,366,348,18
2020-05-01 9:02,368,350,18
2020-05-01 9:03,370,352,18
2020-05-01 9:04,371,353,18
2020-05-01 9:05,373,355,18
2020-05-01 9:06,375,357,18
2020-05-01 9:07,376,359,17
2020-05-01 9:08,378,361,17
2020-05-01 9:09,379,363,16
2020-05-01 9:10,381,365,16
2020-05-01 9:11,383,367,16
2020-05-01 9:12,385,369,16
2020-05-01 9:13,386,371,15
2020-05-01 9:14,388,373,15
2020-05-01 9:15,389,375,14
2020-05-01 9:16,391,377,14
2020-05-01 9:17,393,379,14
2020-05-01 9:18,394,381,13
2020-05-01 9:19,396,383,13
2020-05-01 9:20,398,385,13
2020-05-01 9:21,399,387,12
2020-05-01 9:22,401,389,12
2020-05-01 9:23,403,391,12
2020-05-01 9:24,404,393,11
2020-05-01 9:25,406,394,12
2020-05-01 9:26,408,396,12
2020-05-01 9:27,410,398,12
2020-05-01 9:28,411,400,11
2020-05-01 9:29,413,402,11
2020-05-01 9:30,414,404,10
2020-05-01 9:31,416,406,10
2020-05-01 9:32,417,408,9
2020-05-01 9:33,419,410,9
2020-05-01 9:34,421,411,10
2020-05-01 9:35,422,413,9
2020-05-01 9:36,424,415,9
2020-05-01 9:37,425,417,8
2020-05-01 9:38,427,419,8
2020-05-01 9:39,428,421,7
2020-05-01 9:40,430,423,7
2020-05-01 9:41,431,424,7
2020-05-01 9:42,432,426,6
2020-05-01 9:43,434,428,6
2020-05-01 9:44,435,430,5
2020-05-01 9:45,437,432,5
2020-05-01 9:46,438,433,5
2020-05-01 9:47,440,435,5
2020-05-01 9:48,441,437,4
2020-05-01 9:49,443,439,4
2020-05-01 9:50,444,440,4
2020-05-01 9:51,446,442,4
2020-05-01 9:52,447,444,3
2020-05-01 9:53,448,446,2
2020-05-01 9:54,449,447,2
2020-05-01 9:55,451,449,2
2020-05-01 9:56,452,451,1
2020-05-01 9:57,453,452,1
2020-05-01 9:58,455,454,1
2020-05-01 9:59,456,456,0
2020-05-01 10:00,457,457,0
2020-05-01 10:01,459,459,0
2020-05-01 10:02,460,461,-1
2020-05-01 10:03,462,462,0
2020-05-01 10:04,463,464,-1
2020-05-01 10:05,464,465,-1
2020-05-01 10:06,465,467,-2
2020-05-01 10:07,466,469,-3
2020-05-01 10:08,467,470,-3
2020-05-01 10:09,468,472,-4
2020-05-01 10:10,469,473,-4
2020-05-01 10:11,471,475,-4
2020-05-01 10:12,472,476,-4
2020-05-01 10:13,473,478,-5
2020-05-01 10:14,474,479,-5
2020-05-01 10:15,475,481,-6
2020-05-01 10:16,476,482,-6
2020-05-01 10:17,478,484,-6
2020-05-01 10:18,479,485,-6
2020-05-01 10:19,480,486,-6
2020-05-01 10:20,481,488,-7
2020-05-01 10:21,483,489,-6
2020-05-01 10:22,483,490,-7
2020-05-01 10:23,485,492,-7
2020-05-01 10:24,486,493,-7
2020-05-01 10:25,487,494,-7
2020-05-01 10:26,488,496,-8
2020-05-01 10:27,488,497,-9
2020-05-01 10:28,490,498,-8
2020-05-01 10:29,491,500,-9
2020-05-01 10:30,492,501,-9
2020-05-01 10:31,492,502,-10
2020-05-01 10:32,494,503,-9
2020-05-01 10:33,495,505,-10
2020-05-01 10:34,495,506,-11
2020-05-01 10:35,496,507,-11
2020-05-01 10:36,497,508,-11
2020-05-01 10:37,499,509,-10
2020-05-01 10:38,500,510,-10
2020-05-01 10:39,500,511,-11
2020-05-01 10:40,501,512,-11
2020-05-01 10:41,502,514,-12
2020-05-01 10:42,503,515,-12
2020-05-01 10:43,504,516,-12
2020-05-01 10:44,505,517,-12
2020-05-01 10:45,505,518,-13
2020-05-01 10:46,506,519,-13
2020-05-01 10:47,507,520,-13
2020-05-01 10:48,508,521,-13
2020-05-01 10:49,508,522,-14
2020-05-01 10:50,509,522,-13
2020-05-01 10:51,510,523,-13
2020-05-01 10:52,510,524,-14
2020-05-01 10:53,511,525,-14
2020-05-01 10:54,512,526,-14
2020-05-01 10:55,512,527,-15
2020-05-01 10:56,513,528,-15
2020-05-01 10:57,514,528,-14
2020-05-01 10:58,514,529,-15
2020-05-01 10:59,515,530,-15
2020-05-01 11:00,515,531,-16
2020-05-01 11:01,516,531,-15
2020-05-01 11:02,516,532,-16
2020-05-01 11:03,517,533,-16
2020-05-01 11:04,517,533,-16
2020-05-01 11:05,517,534,-17
2020-05-01 11:06,518,535,-17
2020-05-01 11:07,519,535,-16
2020-05-01 11:08,519,536,-17
2020-05-01 11:09,520,536,-16
2020-05-01 11:10,520,537,-17
2020-05-01 11:11,521,538,-17
2020-05-01 11:12,521,538,-17
2020-05-01 11:13,521,539,-18
2020-05-01 11:14,522,539,-17
2020-05-01 11:15,522,539,-17
2020-05-01 11:16,522,540,-18
2020-05-01 11:17,522,540,-18
2020-05-01 11:18,523,541,-18
2020-05-01 11:19,523,541,-18
2020-05-01 11:20,523,542,-19
2020-05-01 11:21,523,542,-19
2020-05-01 11:22,523,542,-19
2020-05-01 11:23,524,543,-19
2020-05-01 11:24,524,543,-19
2020-05-01 11:25,524,543,-19
2020-05-01 11:26,524,543,-19
2020-05-01 11:27,524,544,-20
2020-05-01 11:28,524,544,-20
2020-05-01 11:29,524,544,-20
2020-05-01 11:30,524,544,-20
2020-05-01 11:31,524,544,-20
2020-05-01 11:32,524,544,-20
2020-05-01 11:33,524,545,-21
2020-05-01 11:34,524,545,-21
2020-05-01 11:35,523,545,-22
2020-05-01 11:36,523,545,-22
2020-05-01 11:37,523,545,-22
2020-05-01 11:38,523,545,-22
2020-05-01 11:39,522,545,-23
2020-05-01 11:40,522,545,-23
2020-05-01 11:41,522,545,-23
2020-05-01 11:42,521,545,-24
2020-05-01 11:43,521,545,-24
2020-05-01 11:44,521,545,-24
2020-05-01 11:45,520,545,-25
2020-05-01 11:46,520,545,-25
2020-05-01 11:47,519,544,-25
2020-05-01 11:48,519,544,-25
2020-05-01 11:49,518,544,-26
2020-05-01 11:50,518,544,-26
2020-05-01 11:51,517,544,-27
2020-05-01 11:52,517,544,-27
2020-05-01 11:53,516,543,-27
2020-05-01 11:54,516,543,-27
2020-05-01 11:55,515,543,-28
2020-05-01 11:56,515,543,-28
2020-05-01 11:57,514,542,-28
2020-05-01 11:58,513,542,-29
2020-05-01 11:59,513,542,-29
2020-05-01 12:00,512,541,-29
2020-05-01 12:01,511,541,-30
2020-05-01 12:02,511,540,-29
2020-05-01 12:03,511,540,-29
2020-05-01 12:04,509,540,-31
2020-05-01 12:05,509,539,-30
2020-05-01 12:06,508,539,-31
2020-05-01 12:07,508,538,-30
2020-05-01 12:08,507,538,-31
2020-05-01 12:09,507,537,-30
2020-05-01 12:10,505,537,-32
2020-05-01 12:11,505,536,-31
2020-05-01 12:12,504,536,-32
2020-05-01 12:13,503,535,-32
2020-05-01 12:14,503,535,-32
2020-05-01 12:15,502,534,-32
2020-05-01 12:16,501,533,-32
2020-05-01 12:17,500,533,-33
2020-05-01 12:18,499,532,-33
2020-05-01 12:19,498,532,-34
2020-05-01 12:20,497,531,-34
2020-05-01 12:21,496,530,-34
2020-05-01 12:22,496,529,-33
2020-05-01 12:23,495,529,-34
2020-05-01 12:24,494,528,-34
2020-05-01 12:25,493,527,-34
2020-05-01 12:26,492,527,-35
2020-05-01 12:27,491,526,-35
2020-05-01 12:28,490,525,-35
2020-05-01 12:29,489,524,-35
2020-05-01 12:30,488,523,-35
2020-05-01 12:31,487,523,-36
2020-05-01 12:32,486,522,-36
2020-05-01 12:33,486,521,-35
2020-05-01 12:34,485,520,-35
2020-05-01 12:35,484,519,-35
2020-05-01 12:36,482,518,-36
2020-05-01 12:37,481,517,-36
2020-05-01 12:38,480,517,-37
2020-05-01 12:39,480,516,-36
2020-05-01 12:40,480,515,-35
2020-05-01 12:41,479,514,-35
2020-05-01 12:42,478,513,-35
2020-05-01 12:43,477,512,-35
2020-05-01 12:44,476,511,-35
2020-05-01 12:45,475,510,-35
2020-05-01 12:46,474,509,-35
2020-05-01 12:47,473,508,-35
2020-05-01 12:48,472,507,-35
2020-05-01 12:49,471,506,-35
2020-05-01 12:50,470,505,-35
2020-05-01 12:51,469,504,-35
2020-05-01 12:52,469,503,-34
2020-05-01 12:53,467,502,-35
2020-05-01 12:54,466,501,-35
2020-05-01 12:55,466,499,-33
2020-05-01 12:56,464,498,-34
2020-05-01 12:57,463,497,-34
2020-05-01 12:58,462,496,-34
2020-05-01 12:59,461,495,-34
2020-05-01 13:00,460,494,-34
2020-05-01 13:01,458,493,-35
2020-05-01 13:02,457,492,-35
2020-05-01 13:03,457,490,-33
2020-05-01 13:04,456,489,-33
2020-05-01 13:05,455,488,-33
2020-05-01 13:06,454,487,-33
2020-05-01 13:07,453,486,-33
2020-05-01 13:08,452,484,-32
2020-05-01 13:09,451,483,-32
2020-05-01 13:10,450,482,-32
2020-05-01 13:11,449,481,-32
2020-05-01 13:12,447,480,-33
2020-05-01 13:13,447,478,-31
2020-05-01 13:14,446,477,-31
2020-05-01 13:15,445,476,-31
2020-05-01 13:16,444,474,-30
2020-05-01 13:17,443,473,-30
2020-05-01 13:18,442,472,-30
2020-05-01 13:19,440,471,-31
2020-05-01 13:20,440,469,-29
2020-05-01 13:21,438,468,-30
2020-05-01 13:22,437,467,-30
2020-05-01 13:23,436,465,-29
2020-05-01 13:24,435,464,-29
2020-05-01 13:25,434,463,-29
2020-05-01 13:26,433,461,-28
2020-05-01 13:27,432,460,-28
2020-05-01 13:28,431,459,-28
2020-05-01 13:29,430,457,-27
2020-05-01 13:30,429,456,-27
2020-05-01 13:31,428,455,-27
2020-05-01 13:32,427,453,-26
2020-05-01 13:33,426,452,-26
2020-05-01 13:34,425,451,-26
2020-05-01 13:35,423,449,-26
2020-05-01 13:36,422,448,-26
2020-05-01 13:37,421,447,-26
2020-05-01 13:38,420,445,-25
2020-05-01 13:39,419,444,-25
2020-05-01 13:40,417,442,-25
2020-05-01 13:41,417,441,-24
2020-05-01 13:42,416,440,-24
2020-05-01 13:43,415,438,-23
2020-05-01 13:44,414,437,-23
2020-05-01 13:45,413,435,-22
2020-05-01 13:46,412,434,-22
2020-05-01 13:47,410,432,-22
2020-05-01 13:48,409,431,-22
2020-05-01 13:49,408,430,-22
2020-05-01 13:50,407,428,-21
2020-05-01 13:51,405,427,-22
2020-05-01 13:52,404,425,-21
2020-05-01 13:53,403,424,-21
2020-05-01 13:54,402,422,-20
2020-05-01 13:55,401,421,-20
2020-05-01 13:56,400,420,-20
2020-05-01 13:57,398,418,-20
2020-05-01 13:58,397,417,-20
2020-05-01 13:59,396,415,-19
2020-05-01 14:00,395,414,-19
2020-05-01 14:01,394,412,-18
2020-05-01 14:02,392,411,-19
2020-05-01 14:03,391,409,-18
2020-05-01 14:04,390,408,-18
2020-05-01 14:05,389,407,-18
2020-05-01 14:06,387,405,-18
2020-05-01 14:07,386,404,-18
2020-05-01 14:08,384,402,-18
2020-05-01 14:09,383,401,-18
2020-05-01 14:10,382,399,-17
2020-05-01 14:11,381,398,-17
2020-05-01 14:12,380,396,-16
2020-05-01 14:13,378,395,-17
2020-05-01 14:14,377,393,-16
2020-05-01 14:15,376,392,-16
2020-05-01 14:16,375,390,-15
2020-05-01 14:17,373,389,-16
2020-05-01 14:18,372,387,-15
2020-05-01 14:19,371,386,-15
2020-05-01 14:20,370,385,-15
2020-05-01 14:21,368,383,-15
2020-05-01 14:22,367,382,-15
2020-05-01 14:23,366,380,-14
2020-05-01 14:24,364,379,-15
2020-05-01 14:25,363,377,-14
2020-05-01 14:26,362,376,-14
2020-05-01 14:27,360,374,-14
2020-05-01 14:28,359,373,-14
2020-05-01 14:29,358,371,-13
2020-05-01 14:30,357,370,-13
2020-05-01 14:31,356,368,-12
2020-05-01 14:32,354,367,-13
2020-05-01 14:33,353,366,-13
2020-05-01 14:34,352,364,-12
2020-05-01 14:35,350,363,-13
2020-05-01 14:36,349,361,-12
2020-05-01 14:37,348,360,-12
2020-05-01 14:38,347,358,-11
2020-05-01 14:39,346,357,-11
2020-05-01 14:40,344,355,-11
2020-05-01 14:41,342,354,-12
2020-05-01 14:42,342,352,-10
2020-05-01 14:43,340,351,-11
2020-05-01 14:44,340,350,-10
2020-05-01 14:45,338,348,-10
2020-05-01 14:46,337,347,-10
2020-05-01 14:47,336,345,-9
2020-05-01 14:48,335,344,-9
2020-05-01 14:49,334,342,-8
2020-05-01 14:50,333,341,-8
2020-05-01 14:51,331,340,-9
2020-05-01 14:52,330,338,-8
2020-05-01 14:53,329,337,-8
2020-05-01 14:54,327,335,-8
2020-05-01 14:55,326,334,-8
2020-05-01 14:56,325,332,-7
2020-05-01 14:57,323,331,-8
2020-05-01 14:58,323,330,-7
2020-05-01 14:59,322,328,-6
2020-05-01 15:00,320,327,-7
2020-05-01 15:01,319,325,-6
2020-05-01 15:02,318,324,-6
2020-05-01 15:03,317,323,-6
2020-05-01 15:04,316,321,-5
2020-05-01 15:05,315,320,-5
2020-05-01 15:06,314,318,-4
2020-05-01 15:07,313,317,-4
2020-05-01 15:08,311,316,-5
2020-05-01 15:09,309,314,-5
2020-05-01 15:10,308,313,-5
2020-05-01 15:11,307,312,-5
2020-05-01 15:12,306,310,-4
2020-05-01 15:13,305,309,-4
2020-05-01 15:14,304,307,-3
2020-05-01 15:15,303,306,-3
2020-05-01 15:16,301,305,-4
2020-05-01 15:17,300,303,-3
2020-05-01 15:18,299,302,-3
2020-05-01 15:19,298,301,-3
2020-05-01 15:20,296,299,-3
2020-05-01 15:21,295,298,-3
2020-05-01 15:22,294,297,-3
2020-05-01 15:23,292,295,-3
2020-05-01 15:24,291,294,-3
2020-05-01 15:25,291,293,-2
2020-05-01 15:26,289,291,-2
2020-05-01 15:27,289,290,-1
2020-05-01 15:28,288,289,-1
2020-05-01 15:29,286,288,-2
2020-05-01 15:30,285,286,-1
2020-05-01 15:31,284,285,-1
2020-05-01 15:32,283,284,-1
2020-05-01 15:33,282,282,0
2020-05-01 15:34,281,281,0
2020-05-01 15:35,279,280,-1
2020-05-01 15:36,278,279,-1
2020-05-01 15:37,277,277,0
2020-05-01 15:38,277,276,1
2020-05-01 15:39,275,275,0
2020-05-01 15:40,274,274,0
2020-05-01 15:41,273,272,1
2020-05-01 15:42,272,271,1
2020-05-01 15:43,271,270,1
2020-05-01 15:44,270,269,1
2020-05-01 15:45,269,267,2
2020-05-01 15:46,268,266,2
2020-05-01 15:47,267,265,2
2020-05-01 15:48,265,264,1
2020-05-01 15:49,265,263,2
2020-05-01 15:50,263,261,2
2020-05-01 15:51,263,260,3
2020-05-01 15:52,262,259,3
2020-05-01 15:53,260,258,2
2020-05-01 15:54,260,257,3
2020-05-01 15:55,259,255,4
2020-05-01 15:56,257,254,3
2020-05-01 15:57,257,253,4
2020-05-01 15:58,255,252,3
2020-05-01 15:59,254,251,3
2020-05-01 16:00,253,250,3
2020-05-01 16:01,253,249,4
2020-05-01 16:02,251,247,4
2020-05-01 16:03,250,246,4
2020-05-01 16:04,249,245,4
2020-05-01 16:05,248,244,4
2020-05-01 16:06,247,243,4
2020-05-01 16:07,246,242,4
2020-05-01 16:08,245,241,4
2020-05-01 16:09,244,240,4
2020-05-01 16:10,243,239,4
2020-05-01 16:11,242,238,4
2020-05-01 16:12,241,236,5
2020-05-01 16:13,240,235,5
2020-05-01 16:14,239,234,5
2020-05-01 16:15,237,233,4
2020-05-01 16:16,237,232,5
2020-05-01 16:17,236,231,5
2020-05-01 16:18,235,230,5
2020-05-01 16:19,234,229,5
2020-05-01 16:20,232,228,4
2020-05-01 16:21,231,227,4
2020-05-01 16:22,231,226,5
2020-05-01 16:23,230,225,5
2020-05-01 16:24,229,224,5
2020-05-01 16:25,228,223,5
2020-05-01 16:26,226,222,4
2020-05-01 16:27,225,221,4
2020-05-01 16:28,225,220,5
2020-05-01 16:29,224,219,5
2020-05-01 16:30,223,218,5
2020-05-01 16:31,222,217,5
2020-05-01 16:32,221,216,5
2020-05-01 16:33,220,216,4
2020-05-01 16:34,218,215,3
2020-05-01 16:35,218,214,4
2020-05-01 16:36,217,213,4
2020-05-01 16:37,216,212,4
2020-05-01 16:38,215,211,4
2020-05-01 16:39,214,210,4
2020-05-01 16:40,213,209,4
2020-05-01 16:41,213,208,5
2020-05-01 16:42,212,208,4
2020-05-01 16:43,211,207,4
2020-05-01 16:44,210,206,4
2020-05-01 16:45,209,205,4
2020-05-01 16:46,208,204,4
2020-05-01 16:47,207,203,4
2020-05-01 16:48,205,203,2
2020-05-01 16:49,205,202,3
2020-05-01 16:50,204,201,3
2020-05-01 16:51,203,200,3
2020-05-01 16:52,202,199,3
2020-05-01 16:53,201,199,2
2020-05-01 16:54,200,198,2
2020-05-01 16:55,199,197,2
2020-05-01 16:56,198,196,2
2020-05-01 16:57,197,196,1
2020-05-01 16:58,196,195,1
2020-05-01 16:59,195,194,1
2020-05-01 17:00,194,193,1
2020-05-01 17:01,194,193,1
2020-05-01 17:02,193,192,1
2020-05-01 17:03,192,191,1
2020-05-01 17:04,191,191,0
2020-05-01 17:05,190,190,0
2020-05-01 17:06,188,189,-1
2020-05-01 17:07,189,189,0
2020-05-01 17:08,188,188,0
2020-05-01 17:09,186,187,-1
2020-05-01 17:10,186,187,-1
2020-05-01 17:11,185,186,-1
2020-05-01 17:12,184,185,-1
2020-05-01 17:13,183,185,-2
2020-05-01 17:14,182,184,-2
2020-05-01 17:15,181,183,-2
2020-05-01 17:16,180,183,-3
2020-05-01 17:17,179,182,-3
2020-05-01 17:18,179,182,-3
2020-05-01 17:19,176,181,-5
2020-05-01 17:20,177,181,-4
2020-05-01 17:21,176,180,-4
2020-05-01 17:22,175,180,-5
2020-05-01 17:23,174,179,-5
2020-05-01 17:24,173,178,-5
2020-05-01 17:25,173,178,-5
2020-05-01 17:26,171,177,-6
2020-05-01 17:27,172,177,-5
2020-05-01 17:28,171,176,-5
2020-05-01 17:29,170,176,-6
2020-05-01 17:30,170,176,-6
2020-05-01 17:31,169,175,-6
2020-05-01 17:32,168,175,-7
2020-05-01 17:33,168,174,-6
2020-05-01 17:34,167,174,-7
2020-05-01 17:35,166,173,-7
2020-05-01 17:36,165,173,-8
2020-05-01 17:37,165,172,-7
2020-05-01 17:38,164,172,-8
2020-05-01 17:39,163,172,-9
2020-05-01 17:40,162,171,-9
2020-05-01 17:41,162,171,-9
2020-05-01 17:42,161,171,-10
2020-05-01 17:43,160,170,-10
2020-05-01 17:44,159,170,-11
2020-05-01 17:45,159,169,-10
2020-05-01 17:46,159,169,-10
2020-05-01 17:47,158,169,-11
2020-05-01 17:48,157,169,-12
2020-05-01 17:49,157,168,-11
2020-05-01 17:50,156,168,-12
2020-05-01 17:51,155,168,-13
2020-05-01 17:52,155,167,-12
2020-05-01 17:53,154,167,-13
2020-05-01 17:54,154,167,-13
2020-05-01 17:55,153,167,-14
2020-05-01 17:56,153,166,-13
2020-05-01 17:57,152,166,-14
2020-05-01 17:58,152,166,-14
2020-05-01 17:59,151,166,-15
2020-05-01 18:00,151,165,-14
2020-05-01 18:01,150,165,-15
2020-05-01 18:02,150,165,-15
2020-05-01 18:03,150,165,-15
2020-05-01 18:04,149,165,-16
2020-05-01 18:05,149,165,-16
2020-05-01 18:06,149,164,-15
2020-05-01 18:07,148,164,-16
2020-05-01 18:08,148,164,-16
2020-05-01 18:09,148,164,-16
2020-05-01 18:10,147,164,-17
2020-05-01 18:11,147,164,-17
2020-05-01 18:12,147,164,-17
2020-05-01 18:13,146,164,-18
2020-05-01 18:14,146,164,-18
2020-05-01 18:15,146,163,-17
2020-05-01 18:16,145,163,-18
2020-05-01 18:17,145,163,-18
2020-05-01 18:18,145,163,-18
2020-05-01 18:19,145,163,-18
2020-05-01 18:20,145,163,-18
2020-05-01 18:21,144,163,-19
2020-05-01 18:22,145,163,-18
2020-05-01 18:23,144,163,-19
2020-05-01 18:24,144,163,-19
2020-05-01 18:25,144,163,-19
2020-05-01 18:26,144,163,-19
2020-05-01 18:27,143,163,-20
2020-05-01 18:28,144,163,-19
2020-05-01 18:29,143,163,-20
2020-05-01 18:30,144,163,-19
2020-05-01 18:31,144,164,-20
2020-05-01 18:32,144,164,-20
2020-05-01 18:33,145,164,-19
2020-05-01 18:34,145,164,-19
2020-05-01 18:35,146,164,-18
2020-05-01 18:36,145,164,-19
2020-05-01 18:37,146,164,-18
2020-05-01 18:38,147,164,-17
2020-05-01 18:39,147,164,-17
2020-05-01 18:40,147,165,-18
2020-05-01 18:41,148,165,-17
2020-05-01 18:42,148,165,-17
2020-05-01 18:43,149,165,-16
2020-05-01 18:44,149,165,-16
2020-05-01 18:45,149,165,-16
2020-05-01 18:46,149,166,-17
2020-05-01 18:47,150,166,-16
2020-05-01 18:48,151,166,-15
2020-05-01 18:49,151,166,-15
2020-05-01 18:50,151,167,-16
2020-05-01 18:51,152,167,-15
2020-05-01 18:52,152,167,-15
2020-05-01 18:53,153,167,-14
2020-05-01 18:54,153,168,-15
2020-05-01 18:55,154,168,-14
2020-05-01 18:56,154,168,-14
2020-05-01 18:57,154,169,-15
2020-05-01 18:58,155,169,-14
2020-05-01 18:59,155,169,-14
2020-05-01 19:00,156,169,-13
2020-05-01 19:01,156,170,-14
2020-05-01 19:02,157,170,-13
2020-05-01 19:03,158,171,-13
2020-05-01 19:04,158,171,-13
2020-05-01 19:05,158,171,-13
2020-05-01 19:06,158,172,-14
2020-05-01 19:07,159,172,-13
2020-05-01 19:08,159,172,-13
2020-05-01 19:09,160,173,-13
2020-05-01 19:10,160,173,-13
2020-05-01 19:11,160,174,-14
2020-05-01 19:12,161,174,-13
2020-05-01 19:13,162,175,-13
2020-05-01 19:14,162,175,-13
2020-05-01 19:15,162,175,-13
2020-05-01 19:16,163,176,-13
2020-05-01 19:17,164,176,-12
2020-05-01 19:18,164,177,-13
2020-05-01 19:19,164,177,-13
2020-05-01 19:20,165,178,-13
2020-05-01 19:21,166,178,-12
2020-05-01 19:22,166,179,-13
2020-05-01 19:23,167,179,-12
2020-05-01 19:24,167,180,-13
2020-05-01 19:25,168,181,-13
2020-05-01 19:26,168,181,-13
2020-05-01 19:27,169,182,-13
2020-05-01 19:28,170,182,-12
2020-05-01 19:29,170,183,-13
2020-05-01 19:30,171,183,-12
2020-05-01 19:31,171,184,-13
2020-05-01 19:32,172,185,-13
2020-05-01 19:33,173,185,-12
2020-05-01 19:34,173,186,-13
2020-05-01 19:35,174,186,-12
2020-05-01 19:36,174,187,-13
2020-05-01 19:37,175,188,-13
2020-05-01 19:38,176,188,-12
2020-05-01 19:39,176,189,-13
2020-05-01 19:40,177,190,-13
2020-05-01 19:41,177,190,-13
2020-05-01 19:42,178,191,-13
2020-05-01 19:43,179,192,-13
2020-05-01 19:44,180,192,-12
2020-05-01 19:45,181,193,-12
2020-05-01 19:46,182,194,-12
2020-05-01 19:47,182,195,-13
2020-05-01 19:48,183,195,-12
2020-05-01 19:49,184,196,-12
2020-05-01 19:50,185,197,-12
2020-05-01 19:51,186,198,-12
2020-05-01 19:52,187,198,-11
2020-05-01 19:53,188,199,-11
2020-05-01 19:54,188,200,-12
2020-05-01 19:55,189,201,-12
2020-05-01 19:56,191,202,-11
2020-05-01 19:57,192,202,-10
2020-05-01 19:58,193,203,-10
2020-05-01 19:59,194,204,-10
2020-05-01 20:00,194,205,-11
2020-05-01 20:01,196,206,-10
2020-05-01 20:02,197,207,-10
2020-05-01 20:03,198,207,-9
2020-05-01 20:04,200,208,-8
2020-05-01 20:05,201,209,-8
2020-05-01 20:06,202,210,-8
2020-05-01 20:07,204,211,-7
2020-05-01 20:08,205,212,-7
2020-05-01 20:09,206,213,-7
2020-05-01 20:10,207,214,-7
2020-05-01 20:11,208,214,-6
2020-05-01 20:12,210,215,-5
2020-05-01 20:13,211,216,-5
2020-05-01 20:14,213,217,-4
2020-05-01 20:15,214,218,-4
2020-05-01 20:16,215,219,-4
2020-05-01 20:17,217,220,-3
2020-05-01 20:18,218,221,-3
2020-05-01 20:19,219,222,-3
2020-05-01 20:20,221,223,-2
2020-05-01 20:21,222,224,-2
2020-05-01 20:22,223,225,-2
2020-05-01 20:23,224,226,-2
2020-05-01 20:24,225,227,-2
2020-05-01 20:25,226,228,-2
2020-05-01 20:26,228,229,-1
2020-05-01 20:27,229,230,-1
2020-05-01 20:28,230,231,-1
2020-05-01 20:29,231,232,-1
2020-05-01 20:30,233,233,0
2020-05-01 20:31,234,234,0
2020-05-01 20:32,235,235,0
2020-05-01 20:33,237,236,1
2020-05-01 20:34,238,237,1
2020-05-01 20:35,239,238,1
2020-05-01 20:36,240,239,1
2020-05-01 20:37,241,241,0
2020-05-01 20:38,243,242,1
2020-05-01 20:39,244,243,1
2020-05-01 20:40,245,244,1
2020-05-01 20:41,246,245,1
2020-05-01 20:42,247,246,1
2020-05-01 20:43,248,247,1
2020-05-01 20:44,249,248,1
2020-05-01 20:45,250,249,1
2020-05-01 20:46,252,251,1
2020-05-01 20:47,253,252,1
2020-05-01 20:48,254,253,1
2020-05-01 20:49,255,254,1
2020-05-01 20:50,256,255,1
2020-05-01 20:51,258,256,2
2020-05-01 20:52,259,257,2
2020-05-01 20:53,260,259,1
2020-05-01 20:54,262,260,2
2020-05-01 20:55,263,261,2
2020-05-01 20:56,264,262,2
2020-05-01 20:57,265,263,2
2020-05-01 20:58,266,265,1
2020-05-01 20:59,268,266,2
2020-05-01 21:00,269,267,2
2020-05-01 21:01,270,268,2
2020-05-01 21:02,271,269,2
2020-05-01 21:03,273,271,2
2020-05-01 21:04,274,272,2
2020-05-01 21:05,275,273,2
2020-05-01 21:06,277,274,3
2020-05-01 21:07,278,275,3
2020-05-01 21:08,279,277,2
2020-05-01 21:09,280,278,2
2020-05-01 21:10,282,279,3
2020-05-01 21:11,283,280,3
2020-05-01 21:12,284,282,2
2020-05-01 21:13,285,283,2
2020-05-01 21:14,287,284,3
2020-05-01 21:15,288,285,3
2020-05-01 21:16,289,287,2
2020-05-01 21:17,291,288,3
2020-05-01 21:18,292,289,3
2020-05-01 21:19,293,290,3
2020-05-01 21:20,295,292,3
2020-05-01 21:21,296,293,3
2020-05-01 21:22,297,294,3
2020-05-01 21:23,298,295,3
2020-05-01 21:24,300,297,3
2020-05-01 21:25,301,298,3
2020-05-01 21:26,302,299,3
2020-05-01 21:27,303,301,2
2020-05-01 21:28,304,302,2
2020-05-01 21:29,305,303,2
2020-05-01 21:30,306,304,2
2020-05-01 21:31,308,306,2
2020-05-01 21:32,309,307,2
2020-05-01 21:33,310,308,2
2020-05-01 21:34,311,309,2
2020-05-01 21:35,312,311,1
2020-05-01 21:36,313,312,1
2020-05-01 21:37,315,313,2
2020-05-01 21:38,316,315,1
2020-05-01 21:39,317,316,1
2020-05-01 21:40,318,317,1
2020-05-01 21:41,319,318,1
2020-05-01 21:42,320,320,0
2020-05-01 21:43,322,321,1
2020-05-01 21:44,323,322,1
2020-05-01 21:45,324,324,0
2020-05-01 21:46,325,325,0
2020-05-01 21:47,326,326,0
2020-05-01 21:48,327,327,0
2020-05-01 21:49,329,329,0
2020-05-01 21:50,330,330,0
2020-05-01 21:51,332,331,1
2020-05-01 21:52,333,333,0
2020-05-01 21:53,334,334,0
2020-05-01 21:54,335,335,0
2020-05-01 21:55,337,336,1
2020-05-01 21:56,338,338,0
2020-05-01 21:57,339,339,0
2020-05-01 21:58,341,340,1
2020-05-01 21:59,342,341,1
2020-05-01 22:00,343,343,0
2020-05-01 22:01,344,344,0
2020-05-01 22:02,345,345,0
2020-05-01 22:03,347,346,1
2020-05-01 22:04,348,348,0
2020-05-01 22:05,349,349,0
2020-05-01 22:06,350,350,0
2020-05-01 22:07,352,351,1
2020-05-01 22:08,353,353,0
2020-05-01 22:09,354,354,0
2020-05-01 22:10,355,355,0
2020-05-01 22:11,356,356,0
2020-05-01 22:12,357,357,0
2020-05-01 22:13,358,359,-1
2020-05-01 22:14,359,360,-1
2020-05-01 22:15,360,361,-1
2020-05-01 22:16,361,362,-1
2020-05-01 22:17,362,363,-1
2020-05-01 22:18,363,365,-2
2020-05-01 22:19,364,366,-2
2020-05-01 22:20,365,367,-2
2020-05-01 22:21,366,368,-2
2020-05-01 22:22,367,369,-2
2020-05-01 22:23,368,370,-2
2020-05-01 22:24,369,372,-3
2020-05-01 22:25,370,373,-3
2020-05-01 22:26,371,374,-3
2020-05-01 22:27,372,375,-3
2020-05-01 22:28,373,376,-3
2020-05-01 22:29,374,377,-3
2020-05-01 22:30,375,378,-3
2020-05-01 22:31,376,380,-4
2020-05-01 22:32,377,381,-4
2020-05-01 22:33,377,382,-5
2020-05-01 22:34,378,383,-5
2020-05-01 22:35,379,384,-5
2020-05-01 22:36,380,385,-5
2020-05-01 22:37,381,386,-5
2020-05-01 22:38,381,387,-6
2020-05-01 22:39,382,388,-6
2020-05-01 22:40,383,389,-6
2020-05-01 22:41,384,390,-6
2020-05-01 22:42,385,391,-6
2020-05-01 22:43,386,392,-6
2020-05-01 22:44,387,393,-6
2020-05-01 22:45,388,394,-6
2020-05-01 22:46,388,395,-7
2020-05-01 22:47,389,396,-7
2020-05-01 22:48,390,397,-7
2020-05-01 22:49,391,398,-7
2020-05-01 22:50,392,399,-7
2020-05-01 22:51,392,400,-8
2020-05-01 22:52,393,401,-8
2020-05-01 22:53,394,402,-8
2020-05-01 22:54,394,403,-9
2020-05-01 22:55,395,404,-9
2020-05-01 22:56,396,405,-9
2020-05-01 22:57,396,406,-10
2020-05-01 22:58,397,406,-9
2020-05-01 22:59,398,407,-9
2020-05-01 23:00,398,408,-10
2020-05-01 23:01,399,409,-10
2020-05-01 23:02,400,410,-10
2020-05-01 23:03,400,411,-11
2020-05-01 23:04,401,412,-11
2020-05-01 23:05,401,412,-11
2020-05-01 23:06,402,413,-11
2020-05-01 23:07,402,414,-12
2020-05-01 23:08,403,415,-12
2020-05-01 23:09,403,416,-13
2020-05-01 23:10,404,416,-12
2020-05-01 23:11,404,417,-13
2020-05-01 23:12,404,418,-14
2020-05-01 23:13,405,418,-13
2020-05-01 23:14,406,419,-13
2020-05-01 23:15,406,420,-14
2020-05-01 23:16,407,421,-14
2020-05-01 23:17,407,421,-14
2020-05-01 23:18,408,422,-14
2020-05-01 23:19,408,423,-15
2020-05-01 23:20,409,423,-14
2020-05-01 23:21,409,424,-15
2020-05-01 23:22,410,425,-15
2020-05-01 23:23,410,425,-15
2020-05-01 23:24,411,426,-15
2020-05-01 23:25,411,426,-15
2020-05-01 23:26,411,427,-16
2020-05-01 23:27,412,427,-15
2020-05-01 23:28,412,428,-16
2020-05-01 23:29,413,429,-16
2020-05-01 23:30,413,429,-16
2020-05-01 23:31,414,430,-16
2020-05-01 23:32,414,430,-16
2020-05-01 23:33,415,431,-16
2020-05-01 23:34,415,431,-16
2020-05-01 23:35,415,432,-17
2020-05-01 23:36,416,432,-16
2020-05-01 23:37,416,432,-16
2020-05-01 23:38,417,433,-16
2020-05-01 23:39,417,433,-16
2020-05-01 23:40,418,434,-16
2020-05-01 23:41,418,434,-16
2020-05-01 23:42,418,434,-16
2020-05-01 23:43,419,435,-16
2020-05-01 23:44,419,435,-16
2020-05-01 23:45,420,435,-15
2020-05-01 23:46,420,436,-16
2020-05-01 23:47,420,436,-16
2020-05-01 23:48,421,436,-15
2020-05-01 23:49,421,437,-16
2020-05-01 23:50,421,437,-16
2020-05-01 23:51,421,437,-16
2020-05-01 23:52,421,437,-16
2020-05-01 23:53,421,438,-17
2020-05-01 23:54,421,438,-17
2020-05-01 23:55,421,438,-17
2020-05-01 23:56,421,438,-17
2020-05-01 23:57,421,439,-18
2020-05-01 23:58,421,439,-18
2020-05-01 23:59,421,439,-18
2020-05-02 0:00,421,439,-18
