관측시간,실측조위(Cm),예측조위(Cm),잔차(Cm)
2021-04-30 0:00,275,273,2
2021-04-30 0:01,273,272,1
2021-04-30 0:02,272,271,1
2021-04-30 0:03,271,270,1
2021-04-30 0:04,269,269,0
2021-04-30 0:05,268,267,1
2021-04-30 0:06,267,266,1
2021-04-30 0:07,266,265,1
2021-04-30 0:08,265,264,1
2021-04-30 0:09,263,262,1
2021-04-30 0:10,263,261,2
2021-04-30 0:11,261,260,1
2021-04-30 0:12,260,259,1
2021-04-30 0:13,259,257,2
2021-04-30 0:14,258,256,2
2021-04-30 0:15,257,255,2
2021-04-30 0:16,255,254,1
2021-04-30 0:17,254,252,2
2021-04-30 0:18,253,251,2
2021-04-30 0:19,251,250,1
2021-04-30 0:20,250,249,1
2021-04-30 0:21,249,247,2
2021-04-30 0:22,248,246,2
2021-04-30 0:23,247,245,2
2021-04-30 0:24,245,243,2
2021-04-30 0:25,244,242,2
2021-04-30 0:26,243,241,2
2021-04-30 0:27,242,239,3
2021-04-30 0:28,241,238,3
2021-04-30 0:29,240,237,3
2021-04-30 0:30,239,235,4
2021-04-30 0:31,238,234,4
2021-04-30 0:32,237,233,4
2021-04-30 0:33,235,231,4
2021-04-30 0:34,234,230,4
2021-04-30 0:35,233,229,4
2021-04-30 0:36,232,227,5
2021-04-30 0:37,231,226,5
2021-04-30 0:38,230,225,5
2021-04-30 0:39,228,223,5
2021-04-30 0:40,227,222,5
2021-04-30 0:41,226,220,6
2021-04-30 0:42,225,219,6
2021-04-30 0:43,224,218,6
2021-04-30 0:44,223,216,7
2021-04-30 0:45,222,215,7
2021-04-30 0:46,221,214,7
2021-04-30 0:47,220,212,8
2021-04-30 0:48,218,211,7
2021-04-30 0:49,217,209,8
2021-04-30 0:50,216,208,8
2021-04-30 0:51,215,207,8
2021-04-30 0:52,214,205,9
2021-04-30 0:53,213,204,9
2021-04-30 0:54,211,202,9
2021-04-30 0:55,210,201,9
2021-04-30 0:56,209,200,9
2021-04-30 0:57,208,198,10
2021-04-30 0:58,207,197,10
2021-04-30 0:59,206,195,11
2021-04-30 1:00,205,194,11
2021-04-30 1:01,204,193,11
2021-04-30 1:02,203,191,12
2021-04-30 1:03,202,190,12
2021-04-30 1:04,201,188,13
2021-04-30 1:05,199,187,12
2021-04-30 1:06,198,186,12
2021-04-30 1:07,197,184,13
2021-04-30 1:08,196,183,13
2021-04-30 1:09,195,181,14
2021-04-30 1:10,194,180,14
2021-04-30 1:11,192,179,13
2021-04-30 1:12,191,177,14
2021-04-30 1:13,190,176,14
2021-04-30 1:14,189,174,15
2021-04-30 1:15,188,173,15
2021-04-30 1:16,187,172,15
2021-04-30 1:17,186,170,16
2021-04-30 1:18,185,169,16
2021-04-30 1:19,184,168,16
2021-04-30 1:20,183,166,17
2021-04-30 1:21,182,165,17
2021-04-30 1:22,180,163,17
2021-04-30 1:23,179,162,17
2021-04-30 1:24,178,161,17
2021-04-30 1:25,177,159,18
2021-04-30 1:26,176,158,18
2021-04-30 1:27,175,157,18
2021-04-30 1:28,174,155,19
2021-04-30 1:29,173,154,19
2021-04-30 1:30,172,153,19
2021-04-30 1:31,171,151,20
2021-04-30 1:32,170,150,20
2021-04-30 1:33,169,149,20
2021-04-30 1:34,168,148,20
2021-04-30 1:35,167,146,21
2021-04-30 1:36,166,145,21
2021-04-30 1:37,165,144,21
2021-04-30 1:38,164,142,22
2021-04-30 1:39,163,141,22
2021-04-30 1:40,162,140,22
2021-04-30 1:41,161,139,22
2021-04-30 1:42,160,137,23
2021-04-30 1:43,159,136,23
2021-04-30 1:44,158,135,23
2021-04-30 1:45,157,134,23
2021-04-30 1:46,156,133,23
2021-04-30 1:47,155,131,24
2021-04-30 1:48,154,130,24
2021-04-30 1:49,153,129,24
2021-04-30 1:50,152,128,24
2021-04-30 1:51,151,127,24
2021-04-30 1:52,150,126,24
2021-04-30 1:53,149,124,25
2021-04-30 1:54,148,123,25
2021-04-30 1:55,147,122,25
2021-04-30 1:56,146,121,25
2021-04-30 1:57,145,120,25
2021-04-30 1:58,144,119,25
2021-04-30 1:59,143,118,25
2021-04-30 2:00,142,117,25
2021-04-30 2:01,141,116,25
2021-04-30 2:02,140,115,25
2021-04-30 2:03,139,114,25
2021-04-30 2:04,138,113,25
2021-04-30 2:05,137,112,25
2021-04-30 2:06,136,111,25
2021-04-30 2:07,135,110,25
2021-04-30 2:08,134,109,25
2021-04-30 2:09,133,108,25
2021-04-30 2:10,132,107,25
2021-04-30 2:11,131,106,25
2021-04-30 2:12,130,105,25
2021-04-30 2:13,129,104,25
2021-04-30 2:14,129,103,26
2021-04-30 2:15,128,103,25
2021-04-30 2:16,127,102,25
2021-04-30 2:17,126,101,25
2021-04-30 2:18,125,100,25
2021-04-30 2:19,124,99,25
2021-04-30 2:20,123,98,25
2021-04-30 2:21,122,98,24
2021-04-30 2:22,121,97,24
2021-04-30 2:23,120,96,24
2021-04-30 2:24,119,95,24
2021-04-30 2:25,118,95,23
2021-04-30 2:26,117,94,23
2021-04-30 2:27,116,93,23
2021-04-30 2:28,116,93,23
2021-04-30 2:29,115,92,23
2021-04-30 2:30,114,91,23
2021-04-30 2:31,113,91,22
2021-04-30 2:32,112,90,22
2021-04-30 2:33,111,90,21
2021-04-30 2:34,110,89,21
2021-04-30 2:35,110,89,21
2021-04-30 2:36,109,88,21
2021-04-30 2:37,108,88,20
2021-04-30 2:38,107,87,20
2021-04-30 2:39,106,87,19
2021-04-30 2:40,105,86,19
2021-04-30 2:41,105,86,19
2021-04-30 2:42,104,85,19
2021-04-30 2:43,103,85,18
2021-04-30 2:44,102,84,18
2021-04-30 2:45,101,84,17
2021-04-30 2:46,100,84,16
2021-04-30 2:47,99,83,16
2021-04-30 2:48,98,83,15
2021-04-30 2:49,98,83,15
2021-04-30 2:50,97,83,14
2021-04-30 2:51,96,82,14
2021-04-30 2:52,95,82,13
2021-04-30 2:53,94,82,12
2021-04-30 2:54,94,82,12
2021-04-30 2:55,93,81,12
2021-04-30 2:56,92,81,11
2021-04-30 2:57,91,81,10
2021-04-30 2:58,91,81,10
2021-04-30 2:59,90,81,9
2021-04-30 3:00,89,81,8
2021-04-30 3:01,88,81,7
2021-04-30 3:02,88,81,7
2021-04-30 3:03,87,81,6
2021-04-30 3:04,86,81,5
2021-04-30 3:05,85,81,4
2021-04-30 3:06,85,81,4
2021-04-30 3:07,84,81,3
2021-04-30 3:08,83,81,2
2021-04-30 3:09,83,81,2
2021-04-30 3:10,82,81,1
2021-04-30 3:11,81,81,0
2021-04-30 3:12,81,81,0
2021-04-30 3:13,81,82,-1
2021-04-30 3:14,80,82,-2
2021-04-30 3:15,80,82,-2
2021-04-30 3:16,80,82,-2
2021-04-30 3:17,80,83,-3
2021-04-30 3:18,80,83,-3
2021-04-30 3:19,80,83,-3
2021-04-30 3:20,80,83,-3
2021-04-30 3:21,81,84,-3
2021-04-30 3:22,81,84,-3
2021-04-30 3:23,82,85,-3
2021-04-30 3:24,84,85,-1
2021-04-30 3:25,86,85,1
2021-04-30 3:26,89,86,3
2021-04-30 3:27,91,86,5
2021-04-30 3:28,94,87,7
2021-04-30 3:29,97,87,10
2021-04-30 3:30,101,88,13
2021-04-30 3:31,105,89,16
2021-04-30 3:32,108,89,19
2021-04-30 3:33,111,90,21
2021-04-30 3:34,114,90,24
2021-04-30 3:35,117,91,26
2021-04-30 3:36,120,92,28
2021-04-30 3:37,123,93,30
2021-04-30 3:38,125,93,32
2021-04-30 3:39,128,94,34
2021-04-30 3:40,130,95,35
2021-04-30 3:41,131,96,35
2021-04-30 3:42,133,96,37
2021-04-30 3:43,135,97,38
2021-04-30 3:44,138,98,40
2021-04-30 3:45,140,99,41
2021-04-30 3:46,142,100,42
2021-04-30 3:47,145,101,44
2021-04-30 3:48,147,102,45
2021-04-30 3:49,149,103,46
2021-04-30 3:50,150,104,46
2021-04-30 3:51,152,105,47
2021-04-30 3:52,154,106,48
2021-04-30 3:53,155,107,48
2021-04-30 3:54,157,108,49
2021-04-30 3:55,159,110,49
2021-04-30 3:56,161,111,50
2021-04-30 3:57,162,112,50
2021-04-30 3:58,164,113,51
2021-04-30 3:59,165,114,51
2021-04-30 4:00,166,116,50
2021-04-30 4:01,168,117,51
2021-04-30 4:02,169,118,51
2021-04-30 4:03,171,120,51
2021-04-30 4:04,172,121,51
2021-04-30 4:05,174,122,52
2021-04-30 4:06,175,124,51
2021-04-30 4:07,177,125,52
2021-04-30 4:08,179,127,52
2021-04-30 4:09,181,128,53
2021-04-30 4:10,183,130,53
2021-04-30 4:11,184,131,53
2021-04-30 4:12,186,133,53
2021-04-30 4:13,187,135,52
2021-04-30 4:14,189,136,53
2021-04-30 4:15,190,138,52
2021-04-30 4:16,192,140,52
2021-04-30 4:17,193,141,52
2021-04-30 4:18,195,143,52
2021-04-30 4:19,196,145,51
2021-04-30 4:20,198,147,51
2021-04-30 4:21,200,149,51
2021-04-30 4:22,201,150,51
2021-04-30 4:23,203,152,51
2021-04-30 4:24,204,154,50
2021-04-30 4:25,206,156,50
2021-04-30 4:26,207,158,49
2021-04-30 4:27,208,160,48
2021-04-30 4:28,210,162,48
2021-04-30 4:29,212,164,48
2021-04-30 4:30,214,166,48
2021-04-30 4:31,216,168,48
2021-04-30 4:32,217,170,47
2021-04-30 4:33,219,172,47
2021-04-30 4:34,221,175,46
2021-04-30 4:35,223,177,46
2021-04-30 4:36,225,179,46
2021-04-30 4:37,226,181,45
2021-04-30 4:38,228,184,44
2021-04-30 4:39,229,186,43
2021-04-30 4:40,231,188,43
2021-04-30 4:41,233,191,42
2021-04-30 4:42,235,193,42
2021-04-30 4:43,237,195,42
2021-04-30 4:44,239,198,41
2021-04-30 4:45,241,200,41
2021-04-30 4:46,243,203,40
2021-04-30 4:47,245,205,40
2021-04-30 4:48,247,208,39
2021-04-30 4:49,249,210,39
2021-04-30 4:50,251,213,38
2021-04-30 4:51,254,215,39
2021-04-30 4:52,256,218,38
2021-04-30 4:53,259,221,38
2021-04-30 4:54,261,223,38
2021-04-30 4:55,264,226,38
2021-04-30 4:56,267,229,38
2021-04-30 4:57,269,232,37
2021-04-30 4:58,272,234,38
2021-04-30 4:59,275,237,38
2021-04-30 5:00,279,240,39
2021-04-30 5:01,282,243,39
2021-04-30 5:02,285,246,39
2021-04-30 5:03,288,249,39
2021-04-30 5:04,292,252,40
2021-04-30 5:05,296,255,41
2021-04-30 5:06,299,258,41
2021-04-30 5:07,303,261,42
2021-04-30 5:08,306,264,42
2021-04-30 5:09,310,267,43
2021-04-30 5:10,314,270,44
2021-04-30 5:11,317,273,44
2021-04-30 5:12,321,276,45
2021-04-30 5:13,324,279,45
2021-04-30 5:14,328,282,46
2021-04-30 5:15,332,285,47
2021-04-30 5:16,335,288,47
2021-04-30 5:17,339,292,47
2021-04-30 5:18,342,295,47
2021-04-30 5:19,345,298,47
2021-04-30 5:20,349,301,48
2021-04-30 5:21,352,305,47
2021-04-30 5:22,356,308,48
2021-04-30 5:23,359,311,48
2021-04-30 5:24,362,315,47
2021-04-30 5:25,366,318,48
2021-04-30 5:26,369,321,48
2021-04-30 5:27,372,325,47
2021-04-30 5:28,376,328,48
2021-04-30 5:29,378,332,46
2021-04-30 5:30,381,335,46
2021-04-30 5:31,385,339,46
2021-04-30 5:32,388,342,46
2021-04-30 5:33,391,346,45
2021-04-30 5:34,394,349,45
2021-04-30 5:35,397,353,44
2021-04-30 5:36,400,356,44
2021-04-30 5:37,404,360,44
2021-04-30 5:38,407,363,44
2021-04-30 5:39,410,367,43
2021-04-30 5:40,413,370,43
2021-04-30 5:41,417,374,43
2021-04-30 5:42,420,378,42
2021-04-30 5:43,423,381,42
2021-04-30 5:44,426,385,41
2021-04-30 5:45,429,388,41
2021-04-30 5:46,432,392,40
2021-04-30 5:47,435,396,39
2021-04-30 5:48,438,399,39
2021-04-30 5:49,442,403,39
2021-04-30 5:50,445,407,38
2021-04-30 5:51,448,410,38
2021-04-30 5:52,451,414,37
2021-04-30 5:53,454,418,36
2021-04-30 5:54,458,422,36
2021-04-30 5:55,461,425,36
2021-04-30 5:56,465,429,36
2021-04-30 5:57,468,433,35
2021-04-30 5:58,471,436,35
2021-04-30 5:59,474,440,34
2021-04-30 6:00,477,444,33
2021-04-30 6:01,480,448,32
2021-04-30 6:02,483,451,32
2021-04-30 6:03,487,455,32
2021-04-30 6:04,490,459,31
2021-04-30 6:05,493,463,30
2021-04-30 6:06,497,466,31
2021-04-30 6:07,500,470,30
2021-04-30 6:08,504,474,30
2021-04-30 6:09,507,477,30
2021-04-30 6:10,510,481,29
2021-04-30 6:11,514,485,29
2021-04-30 6:12,517,489,28
2021-04-30 6:13,521,492,29
2021-04-30 6:14,524,496,28
2021-04-30 6:15,527,500,27
2021-04-30 6:16,531,503,28
2021-04-30 6:17,534,507,27
2021-04-30 6:18,538,511,27
2021-04-30 6:19,541,514,27
2021-04-30 6:20,544,518,26
2021-04-30 6:21,548,522,26
2021-04-30 6:22,552,525,27
2021-04-30 6:23,556,529,27
2021-04-30 6:24,560,533,27
2021-04-30 6:25,563,536,27
2021-04-30 6:26,567,540,27
2021-04-30 6:27,570,543,27
2021-04-30 6:28,574,547,27
2021-04-30 6:29,577,550,27
2021-04-30 6:30,580,554,26
2021-04-30 6:31,584,557,27
2021-04-30 6:32,587,561,26
2021-04-30 6:33,591,564,27
2021-04-30 6:34,594,568,26
2021-04-30 6:35,598,571,27
2021-04-30 6:36,601,575,26
2021-04-30 6:37,604,578,26
2021-04-30 6:38,608,582,26
2021-04-30 6:39,611,585,26
2021-04-30 6:40,615,588,27
2021-04-30 6:41,617,592,25
2021-04-30 6:42,621,595,26
2021-04-30 6:43,624,598,26
2021-04-30 6:44,628,601,27
2021-04-30 6:45,631,605,26
2021-04-30 6:46,635,608,27
2021-04-30 6:47,638,611,27
2021-04-30 6:48,641,614,27
2021-04-30 6:49,645,617,28
2021-04-30 6:50,648,620,28
2021-04-30 6:51,651,624,27
2021-04-30 6:52,654,627,27
2021-04-30 6:53,656,630,26
2021-04-30 6:54,659,633,26
2021-04-30 6:55,662,636,26
2021-04-30 6:56,665,639,26
2021-04-30 6:57,668,641,27
2021-04-30 6:58,671,644,27
2021-04-30 6:59,674,647,27
2021-04-30 7:00,676,650,26
2021-04-30 7:01,679,653,26
2021-04-30 7:02,681,655,26
2021-04-30 7:03,684,658,26
2021-04-30 7:04,686,661,25
2021-04-30 7:05,689,663,26
2021-04-30 7:06,691,666,25
2021-04-30 7:07,693,669,24
2021-04-30 7:08,696,671,25
2021-04-30 7:09,697,674,23
2021-04-30 7:10,699,676,23
2021-04-30 7:11,701,679,22
2021-04-30 7:12,704,681,23
2021-04-30 7:13,706,683,23
2021-04-30 7:14,708,686,22
2021-04-30 7:15,710,688,22
2021-04-30 7:16,712,690,22
2021-04-30 7:17,714,692,22
2021-04-30 7:18,716,694,22
2021-04-30 7:19,718,697,21
2021-04-30 7:20,720,699,21
2021-04-30 7:21,722,701,21
2021-04-30 7:22,724,703,21
2021-04-30 7:23,726,705,21
2021-04-30 7:24,728,707,21
2021-04-30 7:25,730,708,22
2021-04-30 7:26,731,710,21
2021-04-30 7:27,733,712,21
2021-04-30 7:28,735,714,21
2021-04-30 7:29,737,715,22
2021-04-30 7:30,738,717,21
2021-04-30 7:31,739,719,20
2021-04-30 7:32,741,720,21
2021-04-30 7:33,742,722,20
2021-04-30 7:34,744,723,21
2021-04-30 7:35,745,725,20
2021-04-30 7:36,746,726,20
2021-04-30 7:37,748,727,21
2021-04-30 7:38,749,729,20
2021-04-30 7:39,750,730,20
2021-04-30 7:40,751,731,20
2021-04-30 7:41,752,732,20
2021-04-30 7:42,753,734,19
2021-04-30 7:43,754,735,19
2021-04-30 7:44,754,736,18
2021-04-30 7:45,755,737,18
2021-04-30 7:46,756,738,18
2021-04-30 7:47,757,738,19
2021-04-30 7:48,757,739,18
2021-04-30 7:49,758,740,18
2021-04-30 7:50,759,741,18
2021-04-30 7:51,760,742,18
2021-04-30 7:52,761,742,19
2021-04-30 7:53,761,743,18
2021-04-30 7:54,761,743,18
2021-04-30 7:55,761,744,17
2021-04-30 7:56,761,744,17
2021-04-30 7:57,761,745,16
2021-04-30 7:58,761,745,16
2021-04-30 7:59,761,746,15
2021-04-30 8:00,760,746,14
2021-04-30 8:01,760,746,14
2021-04-30 8:02,760,746,14
2021-04-30 8:03,760,747,13
2021-04-30 8:04,760,747,13
2021-04-30 8:05,760,747,13
2021-04-30 8:06,760,747,13
2021-04-30 8:07,760,747,13
2021-04-30 8:08,760,747,13
2021-04-30 8:09,760,747,13
2021-04-30 8:10,760,747,13
2021-04-30 8:11,759,746,13
2021-04-30 8:12,759,746,13
2021-04-30 8:13,758,746,12
2021-04-30 8:14,758,746,12
2021-04-30 8:15,757,745,12
2021-04-30 8:16,757,745,12
2021-04-30 8:17,756,744,12
2021-04-30 8:18,755,744,11
2021-04-30 8:19,755,744,11
2021-04-30 8:20,754,743,11
2021-04-30 8:21,753,742,11
2021-04-30 8:22,752,742,10
2021-04-30 8:23,751,741,10
2021-04-30 8:24,750,740,10
2021-04-30 8:25,749,740,9
2021-04-30 8:26,749,739,10
2021-04-30 8:27,747,738,9
2021-04-30 8:28,747,737,10
2021-04-30 8:29,746,736,10
2021-04-30 8:30,745,735,10
2021-04-30 8:31,744,734,10
2021-04-30 8:32,743,733,10
2021-04-30 8:33,741,732,9
2021-04-30 8:34,740,731,9
2021-04-30 8:35,739,730,9
2021-04-30 8:36,737,729,8
2021-04-30 8:37,736,728,8
2021-04-30 8:38,734,727,7
2021-04-30 8:39,733,725,8
2021-04-30 8:40,732,724,8
2021-04-30 8:41,730,723,7
2021-04-30 8:42,729,721,8
2021-04-30 8:43,728,720,8
2021-04-30 8:44,727,719,8
2021-04-30 8:45,726,717,9
2021-04-30 8:46,725,716,9
2021-04-30 8:47,724,714,10
2021-04-30 8:48,722,713,9
2021-04-30 8:49,720,711,9
2021-04-30 8:50,718,709,9
2021-04-30 8:51,717,708,9
2021-04-30 8:52,715,706,9
2021-04-30 8:53,714,705,9
2021-04-30 8:54,712,703,9
2021-04-30 8:55,711,701,10
2021-04-30 8:56,709,699,10
2021-04-30 8:57,708,698,10
2021-04-30 8:58,706,696,10
2021-04-30 8:59,704,694,10
2021-04-30 9:00,702,692,10
2021-04-30 9:01,700,690,10
2021-04-30 9:02,699,689,10
2021-04-30 9:03,697,687,10
2021-04-30 9:04,695,685,10
2021-04-30 9:05,693,683,10
2021-04-30 9:06,692,681,11
2021-04-30 9:07,690,679,11
2021-04-30 9:08,689,677,12
2021-04-30 9:09,687,675,12
2021-04-30 9:10,686,673,13
2021-04-30 9:11,684,671,13
2021-04-30 9:12,682,669,13
2021-04-30 9:13,680,667,13
2021-04-30 9:14,679,665,14
2021-04-30 9:15,678,662,16
2021-04-30 9:16,676,660,16
2021-04-30 9:17,675,658,17
2021-04-30 9:18,674,656,18
2021-04-30 9:19,672,654,18
2021-04-30 9:20,671,652,19
2021-04-30 9:21,669,650,19
2021-04-30 9:22,668,647,21
2021-04-30 9:23,666,645,21
2021-04-30 9:24,664,643,21
2021-04-30 9:25,662,641,21
2021-04-30 9:26,660,639,21
2021-04-30 9:27,658,636,22
2021-04-30 9:28,656,634,22
2021-04-30 9:29,654,632,22
2021-04-30 9:30,652,630,22
2021-04-30 9:31,650,627,23
2021-04-30 9:32,648,625,23
2021-04-30 9:33,646,623,23
2021-04-30 9:34,644,621,23
2021-04-30 9:35,642,618,24
2021-04-30 9:36,640,616,24
2021-04-30 9:37,639,614,25
2021-04-30 9:38,637,612,25
2021-04-30 9:39,635,609,26
2021-04-30 9:40,633,607,26
2021-04-30 9:41,631,605,26
2021-04-30 9:42,629,602,27
2021-04-30 9:43,627,600,27
2021-04-30 9:44,625,598,27
2021-04-30 9:45,622,596,26
2021-04-30 9:46,621,593,28
2021-04-30 9:47,618,591,27
2021-04-30 9:48,616,589,27
2021-04-30 9:49,615,586,29
2021-04-30 9:50,613,584,29
2021-04-30 9:51,610,582,28
2021-04-30 9:52,608,580,28
2021-04-30 9:53,606,577,29
2021-04-30 9:54,604,575,29
2021-04-30 9:55,602,573,29
2021-04-30 9:56,601,571,30
2021-04-30 9:57,599,568,31
2021-04-30 9:58,597,566,31
2021-04-30 9:59,596,564,32
2021-04-30 10:00,594,562,32
2021-04-30 10:01,592,559,33
2021-04-30 10:02,589,557,32
2021-04-30 10:03,588,555,33
2021-04-30 10:04,585,553,32
2021-04-30 10:05,583,551,32
2021-04-30 10:06,582,548,34
2021-04-30 10:07,579,546,33
2021-04-30 10:08,578,544,34
2021-04-30 10:09,575,542,33
2021-04-30 10:10,573,540,33
2021-04-30 10:11,571,538,33
2021-04-30 10:12,569,536,33
2021-04-30 10:13,566,533,33
2021-04-30 10:14,564,531,33
2021-04-30 10:15,563,529,34
2021-04-30 10:16,561,527,34
2021-04-30 10:17,558,525,33
2021-04-30 10:18,557,523,34
2021-04-30 10:19,554,521,33
2021-04-30 10:20,552,519,33
2021-04-30 10:21,550,517,33
2021-04-30 10:22,548,515,33
2021-04-30 10:23,546,513,33
2021-04-30 10:24,545,511,34
2021-04-30 10:25,543,509,34
2021-04-30 10:26,541,507,34
2021-04-30 10:27,538,505,33
2021-04-30 10:28,536,503,33
2021-04-30 10:29,534,501,33
2021-04-30 10:30,532,499,33
2021-04-30 10:31,530,497,33
2021-04-30 10:32,528,495,33
2021-04-30 10:33,526,493,33
2021-04-30 10:34,525,491,34
2021-04-30 10:35,523,489,34
2021-04-30 10:36,521,488,33
2021-04-30 10:37,518,486,32
2021-04-30 10:38,516,484,32
2021-04-30 10:39,514,482,32
2021-04-30 10:40,512,480,32
2021-04-30 10:41,510,478,32
2021-04-30 10:42,508,477,31
2021-04-30 10:43,506,475,31
2021-04-30 10:44,504,473,31
2021-04-30 10:45,503,471,32
2021-04-30 10:46,500,469,31
2021-04-30 10:47,498,468,30
2021-04-30 10:48,496,466,30
2021-04-30 10:49,495,464,31
2021-04-30 10:50,492,463,29
2021-04-30 10:51,491,461,30
2021-04-30 10:52,489,459,30
2021-04-30 10:53,487,458,29
2021-04-30 10:54,485,456,29
2021-04-30 10:55,483,454,29
2021-04-30 10:56,481,453,28
2021-04-30 10:57,479,451,28
2021-04-30 10:58,477,449,28
2021-04-30 10:59,475,448,27
2021-04-30 11:00,473,446,27
2021-04-30 11:01,471,445,26
2021-04-30 11:02,469,443,26
2021-04-30 11:03,467,441,26
2021-04-30 11:04,466,440,26
2021-04-30 11:05,464,438,26
2021-04-30 11:06,462,437,25
2021-04-30 11:07,460,435,25
2021-04-30 11:08,458,434,24
2021-04-30 11:09,456,432,24
2021-04-30 11:10,454,431,23
2021-04-30 11:11,452,429,23
2021-04-30 11:12,450,428,22
2021-04-30 11:13,448,426,22
2021-04-30 11:14,446,425,21
2021-04-30 11:15,445,423,22
2021-04-30 11:16,443,422,21
2021-04-30 11:17,441,420,21
2021-04-30 11:18,438,419,19
2021-04-30 11:19,437,417,20
2021-04-30 11:20,435,416,19
2021-04-30 11:21,433,415,18
2021-04-30 11:22,431,413,18
2021-04-30 11:23,430,412,18
2021-04-30 11:24,428,410,18
2021-04-30 11:25,426,409,17
2021-04-30 11:26,424,407,17
2021-04-30 11:27,422,406,16
2021-04-30 11:28,420,405,15
2021-04-30 11:29,418,403,15
2021-04-30 11:30,416,402,14
2021-04-30 11:31,415,401,14
2021-04-30 11:32,413,399,14
2021-04-30 11:33,412,398,14
2021-04-30 11:34,410,396,14
2021-04-30 11:35,408,395,13
2021-04-30 11:36,406,394,12
2021-04-30 11:37,405,392,13
2021-04-30 11:38,403,391,12
2021-04-30 11:39,401,390,11
2021-04-30 11:40,399,388,11
2021-04-30 11:41,397,387,10
2021-04-30 11:42,395,386,9
2021-04-30 11:43,394,384,10
2021-04-30 11:44,392,383,9
2021-04-30 11:45,390,382,8
2021-04-30 11:46,389,380,9
2021-04-30 11:47,387,379,8
2021-04-30 11:48,385,378,7
2021-04-30 11:49,384,376,8
2021-04-30 11:50,382,375,7
2021-04-30 11:51,380,374,6
2021-04-30 11:52,379,372,7
2021-04-30 11:53,378,371,7
2021-04-30 11:54,376,370,6
2021-04-30 11:55,375,368,7
2021-04-30 11:56,373,367,6
2021-04-30 11:57,371,366,5
2021-04-30 11:58,370,364,6
2021-04-30 11:59,368,363,5
2021-04-30 12:00,367,362,5
2021-04-30 12:01,365,360,5
2021-04-30 12:02,363,359,4
2021-04-30 12:03,362,358,4
2021-04-30 12:04,360,356,4
2021-04-30 12:05,359,355,4
2021-04-30 12:06,358,354,4
2021-04-30 12:07,356,352,4
2021-04-30 12:08,355,351,4
2021-04-30 12:09,353,350,3
2021-04-30 12:10,352,348,4
2021-04-30 12:11,350,347,3
2021-04-30 12:12,349,346,3
2021-04-30 12:13,347,344,3
2021-04-30 12:14,345,343,2
2021-04-30 12:15,344,341,3
2021-04-30 12:16,342,340,2
2021-04-30 12:17,341,339,2
2021-04-30 12:18,340,337,3
2021-04-30 12:19,338,336,2
2021-04-30 12:20,337,335,2
2021-04-30 12:21,336,333,3
2021-04-30 12:22,334,332,2
2021-04-30 12:23,333,330,3
2021-04-30 12:24,332,329,3
2021-04-30 12:25,330,328,2
2021-04-30 12:26,329,326,3
2021-04-30 12:27,327,325,2
2021-04-30 12:28,326,323,3
2021-04-30 12:29,325,322,3
2021-04-30 12:30,323,321,2
2021-04-30 12:31,322,319,3
2021-04-30 12:32,320,318,2
2021-04-30 12:33,319,316,3
2021-04-30 12:34,318,315,3
2021-04-30 12:35,317,313,4
2021-04-30 12:36,316,312,4
2021-04-30 12:37,315,311,4
2021-04-30 12:38,313,309,4
2021-04-30 12:39,312,308,4
2021-04-30 12:40,310,306,4
2021-04-30 12:41,309,305,4
2021-04-30 12:42,308,303,5
2021-04-30 12:43,307,302,5
2021-04-30 12:44,305,300,5
2021-04-30 12:45,304,299,5
2021-04-30 12:46,302,297,5
2021-04-30 12:47,301,296,5
2021-04-30 12:48,300,294,6
2021-04-30 12:49,299,293,6
2021-04-30 12:50,298,291,7
2021-04-30 12:51,297,290,7
2021-04-30 12:52,295,289,6
2021-04-30 12:53,294,287,7
2021-04-30 12:54,293,286,7
2021-04-30 12:55,292,284,8
2021-04-30 12:56,290,282,8
2021-04-30 12:57,289,281,8
2021-04-30 12:58,288,279,9
2021-04-30 12:59,286,278,8
2021-04-30 13:00,285,276,9
2021-04-30 13:01,283,275,8
2021-04-30 13:02,283,273,10
2021-04-30 13:03,281,272,9
2021-04-30 13:04,280,270,10
2021-04-30 13:05,279,269,10
2021-04-30 13:06,278,267,11
2021-04-30 13:07,277,266,11
2021-04-30 13:08,276,264,12
2021-04-30 13:09,274,263,11
2021-04-30 13:10,273,261,12
2021-04-30 13:11,272,260,12
2021-04-30 13:12,271,258,13
2021-04-30 13:13,269,257,12
2021-04-30 13:14,268,255,13
2021-04-30 13:15,267,253,14
2021-04-30 13:16,266,252,14
2021-04-30 13:17,264,250,14
2021-04-30 13:18,263,249,14
2021-04-30 13:19,262,247,15
2021-04-30 13:20,261,246,15
2021-04-30 13:21,260,244,16
2021-04-30 13:22,259,243,16
2021-04-30 13:23,258,241,17
2021-04-30 13:24,256,240,16
2021-04-30 13:25,255,238,17
2021-04-30 13:26,254,237,17
2021-04-30 13:27,253,235,18
2021-04-30 13:28,252,234,18
2021-04-30 13:29,250,232,18
2021-04-30 13:30,249,231,18
2021-04-30 13:31,248,229,19
2021-04-30 13:32,247,227,20
2021-04-30 13:33,246,226,20
2021-04-30 13:34,245,224,21
2021-04-30 13:35,244,223,21
2021-04-30 13:36,242,221,21
2021-04-30 13:37,242,220,22
2021-04-30 13:38,240,218,22
2021-04-30 13:39,240,217,23
2021-04-30 13:40,238,215,23
2021-04-30 13:41,237,214,23
2021-04-30 13:42,236,213,23
2021-04-30 13:43,235,211,24
2021-04-30 13:44,233,210,23
2021-04-30 13:45,232,208,24
2021-04-30 13:46,231,207,24
2021-04-30 13:47,230,205,25
2021-04-30 13:48,229,204,25
2021-04-30 13:49,227,202,25
2021-04-30 13:50,227,201,26
2021-04-30 13:51,225,199,26
2021-04-30 13:52,225,198,27
2021-04-30 13:53,223,197,26
2021-04-30 13:54,223,195,28
2021-04-30 13:55,221,194,27
2021-04-30 13:56,220,192,28
2021-04-30 13:57,219,191,28
2021-04-30 13:58,218,190,28
2021-04-30 13:59,217,188,29
2021-04-30 14:00,216,187,29
2021-04-30 14:01,215,186,29
2021-04-30 14:02,214,184,30
2021-04-30 14:03,212,183,29
2021-04-30 14:04,211,181,30
2021-04-30 14:05,210,180,30
2021-04-30 14:06,209,179,30
2021-04-30 14:07,208,178,30
2021-04-30 14:08,207,176,31
2021-04-30 14:09,206,175,31
2021-04-30 14:10,205,174,31
2021-04-30 14:11,204,172,32
2021-04-30 14:12,204,171,33
2021-04-30 14:13,203,170,33
2021-04-30 14:14,202,169,33
2021-04-30 14:15,201,167,34
2021-04-30 14:16,199,166,33
2021-04-30 14:17,198,165,33
2021-04-30 14:18,197,164,33
2021-04-30 14:19,196,163,33
2021-04-30 14:20,195,161,34
2021-04-30 14:21,194,160,34
2021-04-30 14:22,193,159,34
2021-04-30 14:23,191,158,33
2021-04-30 14:24,191,157,34
2021-04-30 14:25,190,156,34
2021-04-30 14:26,188,155,33
2021-04-30 14:27,188,154,34
2021-04-30 14:28,187,153,34
2021-04-30 14:29,185,151,34
2021-04-30 14:30,185,150,35
2021-04-30 14:31,184,149,35
2021-04-30 14:32,183,148,35
2021-04-30 14:33,182,147,35
2021-04-30 14:34,180,146,34
2021-04-30 14:35,179,145,34
2021-04-30 14:36,178,144,34
2021-04-30 14:37,177,143,34
2021-04-30 14:38,176,143,33
2021-04-30 14:39,175,142,33
2021-04-30 14:40,174,141,33
2021-04-30 14:41,173,140,33
2021-04-30 14:42,172,139,33
2021-04-30 14:43,171,138,33
2021-04-30 14:44,170,137,33
2021-04-30 14:45,169,136,33
2021-04-30 14:46,168,135,33
2021-04-30 14:47,167,135,32
2021-04-30 14:48,166,134,32
2021-04-30 14:49,165,133,32
2021-04-30 14:50,164,132,32
2021-04-30 14:51,163,132,31
2021-04-30 14:52,162,131,31
2021-04-30 14:53,161,130,31
2021-04-30 14:54,160,129,31
2021-04-30 14:55,160,129,31
2021-04-30 14:56,159,128,31
2021-04-30 14:57,158,127,31
2021-04-30 14:58,157,127,30
2021-04-30 14:59,156,126,30
2021-04-30 15:00,155,126,29
2021-04-30 15:01,154,125,29
2021-04-30 15:02,153,124,29
2021-04-30 15:03,152,124,28
2021-04-30 15:04,151,123,28
2021-04-30 15:05,150,123,27
2021-04-30 15:06,150,122,28
2021-04-30 15:07,148,122,26
2021-04-30 15:08,148,121,27
2021-04-30 15:09,147,121,26
2021-04-30 15:10,146,120,26
2021-04-30 15:11,145,120,25
2021-04-30 15:12,144,120,24
2021-04-30 15:13,143,119,24
2021-04-30 15:14,142,119,23
2021-04-30 15:15,141,118,23
2021-04-30 15:16,140,118,22
2021-04-30 15:17,139,118,21
2021-04-30 15:18,138,118,20
2021-04-30 15:19,137,117,20
2021-04-30 15:20,136,117,19
2021-04-30 15:21,136,117,19
2021-04-30 15:22,134,117,17
2021-04-30 15:23,133,116,17
2021-04-30 15:24,133,116,17
2021-04-30 15:25,132,116,16
2021-04-30 15:26,131,116,15
2021-04-30 15:27,130,116,14
2021-04-30 15:28,130,116,14
2021-04-30 15:29,129,115,14
2021-04-30 15:30,128,115,13
2021-04-30 15:31,127,115,12
2021-04-30 15:32,126,115,11
2021-04-30 15:33,126,115,11
2021-04-30 15:34,125,115,10
2021-04-30 15:35,124,115,9
2021-04-30 15:36,123,115,8
2021-04-30 15:37,122,115,7
2021-04-30 15:38,121,115,6
2021-04-30 15:39,121,116,5
2021-04-30 15:40,120,116,4
2021-04-30 15:41,120,116,4
2021-04-30 15:42,119,116,3
2021-04-30 15:43,118,116,2
2021-04-30 15:44,118,116,2
2021-04-30 15:45,117,117,0
2021-04-30 15:46,117,117,0
2021-04-30 15:47,116,117,-1
2021-04-30 15:48,116,117,-1
2021-04-30 15:49,115,118,-3
2021-04-30 15:50,115,118,-3
2021-04-30 15:51,115,118,-3
2021-04-30 15:52,115,119,-4
2021-04-30 15:53,114,119,-5
2021-04-30 15:54,114,119,-5
2021-04-30 15:55,114,120,-6
2021-04-30 15:56,114,120,-6
2021-04-30 15:57,114,121,-7
2021-04-30 15:58,114,121,-7
2021-04-30 15:59,114,122,-8
2021-04-30 16:00,114,122,-8
2021-04-30 16:01,114,123,-9
2021-04-30 16:02,114,123,-9
2021-04-30 16:03,115,124,-9
2021-04-30 16:04,115,125,-10
2021-04-30 16:05,116,125,-9
2021-04-30 16:06,116,126,-10
2021-04-30 16:07,117,127,-10
2021-04-30 16:08,119,127,-8
2021-04-30 16:09,120,128,-8
2021-04-30 16:10,121,129,-8
2021-04-30 16:11,123,130,-7
2021-04-30 16:12,125,130,-5
2021-04-30 16:13,127,131,-4
2021-04-30 16:14,130,132,-2
2021-04-30 16:15,132,133,-1
2021-04-30 16:16,135,134,1
2021-04-30 16:17,138,135,3
2021-04-30 16:18,141,135,6
2021-04-30 16:19,145,136,9
2021-04-30 16:20,148,137,11
2021-04-30 16:21,150,138,12
2021-04-30 16:22,153,139,14
2021-04-30 16:23,156,140,16
2021-04-30 16:24,159,141,18
2021-04-30 16:25,161,143,18
2021-04-30 16:26,164,144,20
2021-04-30 16:27,166,145,21
2021-04-30 16:28,168,146,22
2021-04-30 16:29,170,147,23
2021-04-30 16:30,172,148,24
2021-04-30 16:31,174,150,24
2021-04-30 16:32,176,151,25
2021-04-30 16:33,178,152,26
2021-04-30 16:34,180,153,27
2021-04-30 16:35,181,155,26
2021-04-30 16:36,183,156,27
2021-04-30 16:37,185,157,28
2021-04-30 16:38,186,159,27
2021-04-30 16:39,188,160,28
2021-04-30 16:40,189,161,28
2021-04-30 16:41,191,163,28
2021-04-30 16:42,192,164,28
2021-04-30 16:43,194,166,28
2021-04-30 16:44,195,167,28
2021-04-30 16:45,197,169,28
2021-04-30 16:46,198,171,27
2021-04-30 16:47,199,172,27
2021-04-30 16:48,201,174,27
2021-04-30 16:49,202,175,27
2021-04-30 16:50,204,177,27
2021-04-30 16:51,205,179,26
2021-04-30 16:52,206,180,26
2021-04-30 16:53,207,182,25
2021-04-30 16:54,209,184,25
2021-04-30 16:55,210,186,24
2021-04-30 16:56,211,187,24
2021-04-30 16:57,213,189,24
2021-04-30 16:58,214,191,23
2021-04-30 16:59,215,193,22
2021-04-30 17:00,217,195,22
2021-04-30 17:01,218,197,21
2021-04-30 17:02,219,199,20
2021-04-30 17:03,220,201,19
2021-04-30 17:04,221,203,18
2021-04-30 17:05,223,205,18
2021-04-30 17:06,224,207,17
2021-04-30 17:07,225,209,16
2021-04-30 17:08,226,211,15
2021-04-30 17:09,227,213,14
2021-04-30 17:10,228,215,13
2021-04-30 17:11,229,217,12
2021-04-30 17:12,230,219,11
2021-04-30 17:13,232,221,11
2021-04-30 17:14,233,224,9
2021-04-30 17:15,235,226,9
2021-04-30 17:16,236,228,8
2021-04-30 17:17,238,230,8
2021-04-30 17:18,239,233,6
2021-04-30 17:19,241,235,6
2021-04-30 17:20,242,237,5
2021-04-30 17:21,243,240,3
2021-04-30 17:22,245,242,3
2021-04-30 17:23,246,244,2
2021-04-30 17:24,248,247,1
2021-04-30 17:25,249,249,0
2021-04-30 17:26,251,252,-1
2021-04-30 17:27,252,254,-2
2021-04-30 17:28,254,257,-3
2021-04-30 17:29,256,259,-3
2021-04-30 17:30,258,262,-4
2021-04-30 17:31,259,264,-5
2021-04-30 17:32,261,267,-6
2021-04-30 17:33,263,269,-6
2021-04-30 17:34,265,272,-7
2021-04-30 17:35,267,275,-8
2021-04-30 17:36,268,277,-9
2021-04-30 17:37,270,280,-10
2021-04-30 17:38,272,283,-11
2021-04-30 17:39,275,285,-10
2021-04-30 17:40,277,288,-11
2021-04-30 17:41,280,291,-11
2021-04-30 17:42,282,294,-12
2021-04-30 17:43,284,296,-12
2021-04-30 17:44,287,299,-12
2021-04-30 17:45,290,302,-12
2021-04-30 17:46,293,305,-12
2021-04-30 17:47,296,307,-11
2021-04-30 17:48,298,310,-12
2021-04-30 17:49,301,313,-12
2021-04-30 17:50,304,316,-12
2021-04-30 17:51,307,319,-12
2021-04-30 17:52,310,322,-12
2021-04-30 17:53,313,325,-12
2021-04-30 17:54,316,328,-12
2021-04-30 17:55,319,331,-12
2021-04-30 17:56,322,333,-11
2021-04-30 17:57,325,336,-11
2021-04-30 17:58,329,339,-10
2021-04-30 17:59,332,342,-10
2021-04-30 18:00,334,345,-11
2021-04-30 18:01,337,348,-11
2021-04-30 18:02,340,351,-11
2021-04-30 18:03,343,354,-11
2021-04-30 18:04,346,357,-11
2021-04-30 18:05,349,360,-11
2021-04-30 18:06,352,363,-11
2021-04-30 18:07,355,366,-11
2021-04-30 18:08,358,370,-12
2021-04-30 18:09,361,373,-12
2021-04-30 18:10,364,376,-12
2021-04-30 18:11,367,379,-12
2021-04-30 18:12,369,382,-13
2021-04-30 18:13,372,385,-13
2021-04-30 18:14,375,388,-13
2021-04-30 18:15,377,391,-14
2021-04-30 18:16,379,394,-15
2021-04-30 18:17,382,397,-15
2021-04-30 18:18,385,400,-15
2021-04-30 18:19,388,403,-15
2021-04-30 18:20,390,407,-17
2021-04-30 18:21,392,410,-18
2021-04-30 18:22,395,413,-18
2021-04-30 18:23,397,416,-19
2021-04-30 18:24,400,419,-19
2021-04-30 18:25,402,422,-20
2021-04-30 18:26,405,425,-20
2021-04-30 18:27,407,428,-21
2021-04-30 18:28,410,431,-21
2021-04-30 18:29,412,434,-22
2021-04-30 18:30,415,438,-23
2021-04-30 18:31,418,441,-23
2021-04-30 18:32,421,444,-23
2021-04-30 18:33,424,447,-23
2021-04-30 18:34,426,450,-24
2021-04-30 18:35,429,453,-24
2021-04-30 18:36,431,456,-25
2021-04-30 18:37,433,459,-26
2021-04-30 18:38,436,462,-26
2021-04-30 18:39,439,465,-26
2021-04-30 18:40,442,468,-26
2021-04-30 18:41,445,471,-26
2021-04-30 18:42,447,474,-27
2021-04-30 18:43,450,477,-27
2021-04-30 18:44,452,480,-28
2021-04-30 18:45,455,483,-28
2021-04-30 18:46,458,486,-28
2021-04-30 18:47,461,489,-28
2021-04-30 18:48,464,492,-28
2021-04-30 18:49,466,495,-29
2021-04-30 18:50,469,498,-29
2021-04-30 18:51,471,501,-30
2021-04-30 18:52,474,504,-30
2021-04-30 18:53,476,506,-30
2021-04-30 18:54,479,509,-30
2021-04-30 18:55,481,512,-31
2021-04-30 18:56,484,515,-31
2021-04-30 18:57,486,518,-32
2021-04-30 18:58,489,521,-32
2021-04-30 18:59,491,523,-32
2021-04-30 19:00,494,526,-32
2021-04-30 19:01,496,529,-33
2021-04-30 19:02,499,531,-32
2021-04-30 19:03,502,534,-32
2021-04-30 19:04,504,537,-33
2021-04-30 19:05,506,539,-33
2021-04-30 19:06,509,542,-33
2021-04-30 19:07,511,545,-34
2021-04-30 19:08,514,547,-33
2021-04-30 19:09,516,550,-34
2021-04-30 19:10,519,552,-33
2021-04-30 19:11,521,555,-34
2021-04-30 19:12,524,557,-33
2021-04-30 19:13,526,560,-34
2021-04-30 19:14,528,562,-34
2021-04-30 19:15,531,565,-34
2021-04-30 19:16,534,567,-33
2021-04-30 19:17,536,569,-33
2021-04-30 19:18,538,572,-34
2021-04-30 19:19,541,574,-33
2021-04-30 19:20,543,576,-33
2021-04-30 19:21,545,578,-33
2021-04-30 19:22,547,580,-33
2021-04-30 19:23,550,583,-33
2021-04-30 19:24,552,585,-33
2021-04-30 19:25,554,587,-33
2021-04-30 19:26,557,589,-32
2021-04-30 19:27,559,591,-32
2021-04-30 19:28,561,593,-32
2021-04-30 19:29,562,595,-33
2021-04-30 19:30,564,597,-33
2021-04-30 19:31,566,599,-33
2021-04-30 19:32,568,601,-33
2021-04-30 19:33,570,602,-32
2021-04-30 19:34,571,604,-33
2021-04-30 19:35,573,606,-33
2021-04-30 19:36,575,608,-33
2021-04-30 19:37,577,609,-32
2021-04-30 19:38,579,611,-32
2021-04-30 19:39,580,613,-33
2021-04-30 19:40,582,614,-32
2021-04-30 19:41,584,616,-32
2021-04-30 19:42,586,617,-31
2021-04-30 19:43,588,619,-31
2021-04-30 19:44,590,620,-30
2021-04-30 19:45,592,622,-30
2021-04-30 19:46,594,623,-29
2021-04-30 19:47,596,624,-28
2021-04-30 19:48,597,626,-29
2021-04-30 19:49,599,627,-28
2021-04-30 19:50,600,628,-28
2021-04-30 19:51,602,629,-27
2021-04-30 19:52,604,631,-27
2021-04-30 19:53,605,632,-27
2021-04-30 19:54,607,633,-26
2021-04-30 19:55,608,634,-26
2021-04-30 19:56,610,635,-25
2021-04-30 19:57,611,636,-25
2021-04-30 19:58,613,637,-24
2021-04-30 19:59,615,637,-22
2021-04-30 20:00,616,638,-22
2021-04-30 20:01,617,639,-22
2021-04-30 20:02,618,640,-22
2021-04-30 20:03,619,641,-22
2021-04-30 20:04,620,641,-21
2021-04-30 20:05,621,642,-21
2021-04-30 20:06,622,642,-20
2021-04-30 20:07,623,643,-20
2021-04-30 20:08,624,643,-19
2021-04-30 20:09,625,644,-19
2021-04-30 20:10,626,644,-18
2021-04-30 20:11,627,645,-18
2021-04-30 20:12,628,645,-17
2021-04-30 20:13,629,645,-16
2021-04-30 20:14,629,646,-17
2021-04-30 20:15,630,646,-16
2021-04-30 20:16,631,646,-15
2021-04-30 20:17,631,646,-15
2021-04-30 20:18,632,646,-14
2021-04-30 20:19,632,646,-14
2021-04-30 20:20,633,646,-13
2021-04-30 20:21,633,646,-13
2021-04-30 20:22,633,646,-13
2021-04-30 20:23,634,646,-12
2021-04-30 20:24,635,646,-11
2021-04-30 20:25,635,646,-11
2021-04-30 20:26,635,646,-11
2021-04-30 20:27,636,645,-9
2021-04-30 20:28,636,645,-9
2021-04-30 20:29,636,645,-9
2021-04-30 20:30,636,644,-8
2021-04-30 20:31,636,644,-8
2021-04-30 20:32,636,644,-8
2021-04-30 20:33,636,643,-7
2021-04-30 20:34,636,643,-7
2021-04-30 20:35,636,642,-6
2021-04-30 20:36,636,641,-5
2021-04-30 20:37,636,641,-5
2021-04-30 20:38,636,640,-4
2021-04-30 20:39,635,639,-4
2021-04-30 20:40,635,639,-4
2021-04-30 20:41,634,638,-4
2021-04-30 20:42,634,637,-3
2021-04-30 20:43,633,636,-3
2021-04-30 20:44,632,635,-3
2021-04-30 20:45,631,635,-4
2021-04-30 20:46,630,634,-4
2021-04-30 20:47,629,633,-4
2021-04-30 20:48,628,632,-4
2021-04-30 20:49,627,631,-4
2021-04-30 20:50,626,630,-4
2021-04-30 20:51,625,628,-3
2021-04-30 20:52,623,627,-4
2021-04-30 20:53,622,626,-4
2021-04-30 20:54,621,625,-4
2021-04-30 20:55,620,624,-4
2021-04-30 20:56,618,622,-4
2021-04-30 20:57,617,621,-4
2021-04-30 20:58,616,620,-4
2021-04-30 20:59,614,619,-5
2021-04-30 21:00,613,617,-4
2021-04-30 21:01,611,616,-5
2021-04-30 21:02,609,614,-5
2021-04-30 21:03,608,613,-5
2021-04-30 21:04,606,611,-5
2021-04-30 21:05,604,610,-6
2021-04-30 21:06,603,608,-5
2021-04-30 21:07,601,607,-6
2021-04-30 21:08,600,605,-5
2021-04-30 21:09,598,604,-6
2021-04-30 21:10,597,602,-5
2021-04-30 21:11,595,601,-6
2021-04-30 21:12,593,599,-6
2021-04-30 21:13,591,597,-6
2021-04-30 21:14,589,595,-6
2021-04-30 21:15,588,594,-6
2021-04-30 21:16,586,592,-6
2021-04-30 21:17,584,590,-6
2021-04-30 21:18,582,588,-6
2021-04-30 21:19,581,587,-6
2021-04-30 21:20,579,585,-6
2021-04-30 21:21,577,583,-6
2021-04-30 21:22,575,581,-6
2021-04-30 21:23,573,579,-6
2021-04-30 21:24,571,577,-6
2021-04-30 21:25,569,575,-6
2021-04-30 21:26,567,574,-7
2021-04-30 21:27,565,572,-7
2021-04-30 21:28,564,570,-6
2021-04-30 21:29,562,568,-6
2021-04-30 21:30,560,566,-6
2021-04-30 21:31,559,564,-5
2021-04-30 21:32,558,562,-4
2021-04-30 21:33,556,560,-4
2021-04-30 21:34,554,558,-4
2021-04-30 21:35,553,556,-3
2021-04-30 21:36,551,554,-3
2021-04-30 21:37,550,552,-2
2021-04-30 21:38,548,549,-1
2021-04-30 21:39,546,547,-1
2021-04-30 21:40,-,545,-
2021-04-30 21:41,543,543,0
2021-04-30 21:42,542,541,1
2021-04-30 21:43,540,539,1
2021-04-30 21:44,539,537,2
2021-04-30 21:45,537,535,2
2021-04-30 21:46,535,533,2
2021-04-30 21:47,533,531,2
2021-04-30 21:48,531,528,3
2021-04-30 21:49,529,526,3
2021-04-30 21:50,528,524,4
2021-04-30 21:51,526,522,4
2021-04-30 21:52,525,520,5
2021-04-30 21:53,523,518,5
2021-04-30 21:54,521,516,5
2021-04-30 21:55,519,513,6
2021-04-30 21:56,517,511,6
2021-04-30 21:57,515,509,6
2021-04-30 21:58,513,507,6
2021-04-30 21:59,511,505,6
2021-04-30 22:00,509,503,6
2021-04-30 22:01,507,501,6
2021-04-30 22:02,505,498,7
2021-04-30 22:03,504,496,8
2021-04-30 22:04,502,494,8
2021-04-30 22:05,500,492,8
2021-04-30 22:06,498,490,8
2021-04-30 22:07,496,488,8
2021-04-30 22:08,494,486,8
2021-04-30 22:09,492,483,9
2021-04-30 22:10,490,481,9
2021-04-30 22:11,489,479,10
2021-04-30 22:12,487,477,10
2021-04-30 22:13,485,475,10
2021-04-30 22:14,483,473,10
2021-04-30 22:15,481,471,10
2021-04-30 22:16,479,469,10
2021-04-30 22:17,477,467,10
2021-04-30 22:18,475,465,10
2021-04-30 22:19,473,463,10
2021-04-30 22:20,471,460,11
2021-04-30 22:21,470,458,12
2021-04-30 22:22,468,456,12
2021-04-30 22:23,467,454,13
2021-04-30 22:24,465,452,13
2021-04-30 22:25,463,450,13
2021-04-30 22:26,461,448,13
2021-04-30 22:27,459,446,13
2021-04-30 22:28,457,444,13
2021-04-30 22:29,455,442,13
2021-04-30 22:30,454,440,14
2021-04-30 22:31,452,438,14
2021-04-30 22:32,450,436,14
2021-04-30 22:33,448,435,13
2021-04-30 22:34,447,433,14
2021-04-30 22:35,445,431,14
2021-04-30 22:36,443,429,14
2021-04-30 22:37,441,427,14
2021-04-30 22:38,440,425,15
2021-04-30 22:39,438,423,15
2021-04-30 22:40,436,421,15
2021-04-30 22:41,434,419,15
2021-04-30 22:42,432,418,14
2021-04-30 22:43,431,416,15
2021-04-30 22:44,429,414,15
2021-04-30 22:45,428,412,16
2021-04-30 22:46,426,410,16
2021-04-30 22:47,424,409,15
2021-04-30 22:48,422,407,15
2021-04-30 22:49,421,405,16
2021-04-30 22:50,419,403,16
2021-04-30 22:51,417,402,15
2021-04-30 22:52,416,400,16
2021-04-30 22:53,414,398,16
2021-04-30 22:54,413,396,17
2021-04-30 22:55,411,395,16
2021-04-30 22:56,409,393,16
2021-04-30 22:57,408,391,17
2021-04-30 22:58,406,390,16
2021-04-30 22:59,405,388,17
2021-04-30 23:00,403,387,16
2021-04-30 23:01,401,385,16
2021-04-30 23:02,399,383,16
2021-04-30 23:03,397,382,15
2021-04-30 23:04,396,380,16
2021-04-30 23:05,394,379,15
2021-04-30 23:06,393,377,16
2021-04-30 23:07,391,376,15
2021-04-30 23:08,389,374,15
2021-04-30 23:09,388,372,16
2021-04-30 23:10,386,371,15
2021-04-30 23:11,384,369,15
2021-04-30 23:12,382,368,14
2021-04-30 23:13,380,367,13
2021-04-30 23:14,379,365,14
2021-04-30 23:15,377,364,13
2021-04-30 23:16,375,362,13
2021-04-30 23:17,374,361,13
2021-04-30 23:18,372,359,13
2021-04-30 23:19,371,358,13
2021-04-30 23:20,369,357,12
2021-04-30 23:21,368,355,13
2021-04-30 23:22,366,354,12
2021-04-30 23:23,365,352,13
2021-04-30 23:24,363,351,12
2021-04-30 23:25,361,350,11
2021-04-30 23:26,360,348,12
2021-04-30 23:27,358,347,11
2021-04-30 23:28,357,346,11
2021-04-30 23:29,356,344,12
2021-04-30 23:30,354,343,11
2021-04-30 23:31,353,342,11
2021-04-30 23:32,351,340,11
2021-04-30 23:33,350,339,11
2021-04-30 23:34,348,338,10
2021-04-30 23:35,347,337,10
2021-04-30 23:36,345,335,10
2021-04-30 23:37,344,334,10
2021-04-30 23:38,342,333,9
2021-04-30 23:39,341,332,9
2021-04-30 23:40,339,330,9
2021-04-30 23:41,338,329,9
2021-04-30 23:42,337,328,9
2021-04-30 23:43,335,327,8
2021-04-30 23:44,334,326,8
2021-04-30 23:45,333,324,9
2021-04-30 23:46,331,323,8
2021-04-30 23:47,329,322,7
2021-04-30 23:48,328,321,7
2021-04-30 23:49,327,320,7
2021-04-30 23:50,325,319,6
2021-04-30 23:51,323,317,6
2021-04-30 23:52,322,316,6
2021-04-30 23:53,320,315,5
2021-04-30 23:54,319,314,5
2021-04-30 23:55,318,313,5
2021-04-30 23:56,316,312,4
2021-04-30 23:57,315,310,5
2021-04-30 23:58,314,309,5
2021-04-30 23:59,312,308,4
2021-05-01 0:00,311,307,4
2021-05-01 0:01,309,306,3
2021-05-01 0:02,308,305,3
2021-05-01 0:03,306,304,2
2021-05-01 0:04,305,303,2
2021-05-01 0:05,304,301,3
2021-05-01 0:06,302,300,2
2021-05-01 0:07,301,299,2
2021-05-01 0:08,300,298,2
2021-05-01 0:09,298,297,1
2021-05-01 0:10,297,296,1
2021-05-01 0:11,296,295,1
2021-05-01 0:12,295,294,1
2021-05-01 0:13,293,292,1
2021-05-01 0:14,292,291,1
2021-05-01 0:15,290,290,0
2021-05-01 0:16,289,289,0
2021-05-01 0:17,288,288,0
2021-05-01 0:18,286,287,-1
2021-05-01 0:19,285,286,-1
2021-05-01 0:20,283,285,-2
2021-05-01 0:21,282,283,-1
2021-05-01 0:22,281,282,-1
2021-05-01 0:23,280,281,-1
2021-05-01 0:24,279,280,-1
2021-05-01 0:25,278,279,-1
2021-05-01 0:26,276,278,-2
2021-05-01 0:27,275,277,-2
2021-05-01 0:28,274,276,-2
2021-05-01 0:29,272,274,-2
2021-05-01 0:30,271,273,-2
2021-05-01 0:31,269,272,-3
2021-05-01 0:32,268,271,-3
2021-05-01 0:33,267,270,-3
2021-05-01 0:34,265,269,-4
2021-05-01 0:35,264,268,-4
2021-05-01 0:36,263,266,-3
2021-05-01 0:37,262,265,-3
2021-05-01 0:38,261,264,-3
2021-05-01 0:39,260,263,-3
2021-05-01 0:40,259,262,-3
2021-05-01 0:41,257,261,-4
2021-05-01 0:42,256,259,-3
2021-05-01 0:43,255,258,-3
2021-05-01 0:44,254,257,-3
2021-05-01 0:45,252,256,-4
2021-05-01 0:46,251,255,-4
2021-05-01 0:47,250,253,-3
2021-05-01 0:48,248,252,-4
2021-05-01 0:49,247,251,-4
2021-05-01 0:50,246,250,-4
2021-05-01 0:51,245,249,-4
2021-05-01 0:52,244,247,-3
2021-05-01 0:53,243,246,-3
2021-05-01 0:54,242,245,-3
2021-05-01 0:55,240,244,-4
2021-05-01 0:56,239,243,-4
2021-05-01 0:57,238,241,-3
2021-05-01 0:58,237,240,-3
2021-05-01 0:59,236,239,-3
2021-05-01 1:00,234,238,-4
2021-05-01 1:01,233,236,-3
2021-05-01 1:02,232,235,-3
2021-05-01 1:03,231,234,-3
2021-05-01 1:04,230,233,-3
2021-05-01 1:05,228,231,-3
2021-05-01 1:06,227,230,-3
2021-05-01 1:07,226,229,-3
2021-05-01 1:08,225,228,-3
2021-05-01 1:09,224,226,-2
2021-05-01 1:10,223,225,-2
2021-05-01 1:11,222,224,-2
2021-05-01 1:12,221,222,-1
2021-05-01 1:13,219,221,-2
2021-05-01 1:14,218,220,-2
2021-05-01 1:15,217,219,-2
2021-05-01 1:16,216,217,-1
2021-05-01 1:17,215,216,-1
2021-05-01 1:18,213,215,-2
2021-05-01 1:19,212,213,-1
2021-05-01 1:20,211,212,-1
2021-05-01 1:21,210,211,-1
2021-05-01 1:22,208,209,-1
2021-05-01 1:23,208,208,0
2021-05-01 1:24,207,207,0
2021-05-01 1:25,205,206,-1
2021-05-01 1:26,204,204,0
2021-05-01 1:27,203,203,0
2021-05-01 1:28,202,202,0
2021-05-01 1:29,201,200,1
2021-05-01 1:30,200,199,1
2021-05-01 1:31,199,198,1
2021-05-01 1:32,197,196,1
2021-05-01 1:33,196,195,1
2021-05-01 1:34,195,194,1
2021-05-01 1:35,194,192,2
2021-05-01 1:36,193,191,2
2021-05-01 1:37,192,190,2
2021-05-01 1:38,191,188,3
2021-05-01 1:39,189,187,2
2021-05-01 1:40,188,186,2
2021-05-01 1:41,187,184,3
2021-05-01 1:42,186,183,3
2021-05-01 1:43,185,182,3
2021-05-01 1:44,184,180,4
2021-05-01 1:45,183,179,4
2021-05-01 1:46,182,178,4
2021-05-01 1:47,181,176,5
2021-05-01 1:48,180,175,5
2021-05-01 1:49,179,174,5
2021-05-01 1:50,177,173,4
2021-05-01 1:51,176,171,5
2021-05-01 1:52,175,170,5
2021-05-01 1:53,174,169,5
2021-05-01 1:54,173,167,6
2021-05-01 1:55,172,166,6
2021-05-01 1:56,171,165,6
2021-05-01 1:57,170,163,7
2021-05-01 1:58,169,162,7
2021-05-01 1:59,168,161,7
2021-05-01 2:00,167,160,7
2021-05-01 2:01,166,158,8
2021-05-01 2:02,165,157,8
2021-05-01 2:03,164,156,8
2021-05-01 2:04,163,155,8
2021-05-01 2:05,162,153,9
2021-05-01 2:06,161,152,9
2021-05-01 2:07,160,151,9
2021-05-01 2:08,159,150,9
2021-05-01 2:09,158,148,10
2021-05-01 2:10,157,147,10
2021-05-01 2:11,156,146,10
2021-05-01 2:12,154,145,9
2021-05-01 2:13,153,143,10
2021-05-01 2:14,153,142,11
2021-05-01 2:15,152,141,11
2021-05-01 2:16,150,140,10
2021-05-01 2:17,150,139,11
2021-05-01 2:18,149,138,11
2021-05-01 2:19,148,136,12
2021-05-01 2:20,147,135,12
2021-05-01 2:21,146,134,12
2021-05-01 2:22,145,133,12
2021-05-01 2:23,144,132,12
2021-05-01 2:24,143,131,12
2021-05-01 2:25,142,130,12
2021-05-01 2:26,140,128,12
2021-05-01 2:27,139,127,12
2021-05-01 2:28,138,126,12
2021-05-01 2:29,137,125,12
2021-05-01 2:30,136,124,12
2021-05-01 2:31,135,123,12
2021-05-01 2:32,134,122,12
2021-05-01 2:33,133,121,12
2021-05-01 2:34,132,120,12
2021-05-01 2:35,131,119,12
2021-05-01 2:36,130,118,12
2021-05-01 2:37,129,117,12
2021-05-01 2:38,129,116,13
2021-05-01 2:39,128,115,13
2021-05-01 2:40,127,114,13
2021-05-01 2:41,126,113,13
2021-05-01 2:42,125,112,13
2021-05-01 2:43,124,111,13
2021-05-01 2:44,123,110,13
2021-05-01 2:45,122,109,13
2021-05-01 2:46,121,109,12
2021-05-01 2:47,120,108,12
2021-05-01 2:48,119,107,12
2021-05-01 2:49,118,106,12
2021-05-01 2:50,117,105,12
2021-05-01 2:51,116,104,12
2021-05-01 2:52,115,103,12
2021-05-01 2:53,114,103,11
2021-05-01 2:54,113,102,11
2021-05-01 2:55,112,101,11
2021-05-01 2:56,111,100,11
2021-05-01 2:57,110,100,10
2021-05-01 2:58,110,99,11
2021-05-01 2:59,109,98,11
2021-05-01 3:00,108,97,11
2021-05-01 3:01,107,97,10
2021-05-01 3:02,106,96,10
2021-05-01 3:03,105,95,10
2021-05-01 3:04,104,95,9
2021-05-01 3:05,103,94,9
2021-05-01 3:06,102,94,8
2021-05-01 3:07,101,93,8
2021-05-01 3:08,100,92,8
2021-05-01 3:09,99,92,7
2021-05-01 3:10,98,91,7
2021-05-01 3:11,97,91,6
2021-05-01 3:12,97,90,7
2021-05-01 3:13,96,90,6
2021-05-01 3:14,95,89,6
2021-05-01 3:15,94,89,5
2021-05-01 3:16,93,88,5
2021-05-01 3:17,92,88,4
2021-05-01 3:18,92,88,4
2021-05-01 3:19,91,87,4
2021-05-01 3:20,90,87,3
2021-05-01 3:21,89,86,3
2021-05-01 3:22,89,86,3
2021-05-01 3:23,88,86,2
2021-05-01 3:24,87,85,2
2021-05-01 3:25,86,85,1
2021-05-01 3:26,85,85,0
2021-05-01 3:27,84,85,-1
2021-05-01 3:28,83,84,-1
2021-05-01 3:29,83,84,-1
2021-05-01 3:30,82,84,-2
2021-05-01 3:31,81,84,-3
2021-05-01 3:32,81,84,-3
2021-05-01 3:33,80,83,-3
2021-05-01 3:34,79,83,-4
2021-05-01 3:35,79,83,-4
2021-05-01 3:36,78,83,-5
2021-05-01 3:37,78,83,-5
2021-05-01 3:38,77,83,-6
2021-05-01 3:39,76,83,-7
2021-05-01 3:40,76,83,-7
2021-05-01 3:41,75,83,-8
2021-05-01 3:42,75,83,-8
2021-05-01 3:43,74,83,-9
2021-05-01 3:44,74,83,-9
2021-05-01 3:45,74,83,-9
2021-05-01 3:46,73,83,-10
2021-05-01 3:47,73,83,-10
2021-05-01 3:48,73,83,-10
2021-05-01 3:49,73,84,-11
2021-05-01 3:50,73,84,-11
2021-05-01 3:51,73,84,-11
2021-05-01 3:52,73,84,-11
2021-05-01 3:53,73,84,-11
2021-05-01 3:54,74,85,-11
2021-05-01 3:55,74,85,-11
2021-05-01 3:56,75,85,-10
2021-05-01 3:57,76,86,-10
2021-05-01 3:58,77,86,-9
2021-05-01 3:59,78,86,-8
2021-05-01 4:00,79,87,-8
2021-05-01 4:01,81,87,-6
2021-05-01 4:02,82,87,-5
2021-05-01 4:03,84,88,-4
2021-05-01 4:04,87,88,-1
2021-05-01 4:05,89,89,0
2021-05-01 4:06,91,89,2
2021-05-01 4:07,94,90,4
2021-05-01 4:08,96,90,6
2021-05-01 4:09,98,91,7
2021-05-01 4:10,101,92,9
2021-05-01 4:11,104,92,12
2021-05-01 4:12,106,93,13
2021-05-01 4:13,109,94,15
2021-05-01 4:14,111,94,17
2021-05-01 4:15,113,95,18
2021-05-01 4:16,115,96,19
2021-05-01 4:17,118,96,22
2021-05-01 4:18,120,97,23
2021-05-01 4:19,122,98,24
2021-05-01 4:20,124,99,25
2021-05-01 4:21,126,100,26
2021-05-01 4:22,128,100,28
2021-05-01 4:23,130,101,29
2021-05-01 4:24,132,102,30
2021-05-01 4:25,134,103,31
2021-05-01 4:26,136,104,32
2021-05-01 4:27,138,105,33
2021-05-01 4:28,140,106,34
2021-05-01 4:29,141,107,34
2021-05-01 4:30,143,108,35
2021-05-01 4:31,145,109,36
2021-05-01 4:32,146,110,36
2021-05-01 4:33,147,111,36
2021-05-01 4:34,149,112,37
2021-05-01 4:35,150,114,36
2021-05-01 4:36,152,115,37
2021-05-01 4:37,153,116,37
2021-05-01 4:38,155,117,38
2021-05-01 4:39,156,118,38
2021-05-01 4:40,158,120,38
2021-05-01 4:41,159,121,38
2021-05-01 4:42,161,122,39
2021-05-01 4:43,163,124,39
2021-05-01 4:44,164,125,39
2021-05-01 4:45,166,126,40
2021-05-01 4:46,168,128,40
2021-05-01 4:47,169,129,40
2021-05-01 4:48,171,131,40
2021-05-01 4:49,172,132,40
2021-05-01 4:50,174,134,40
2021-05-01 4:51,176,135,41
2021-05-01 4:52,177,137,40
2021-05-01 4:53,179,138,41
2021-05-01 4:54,181,140,41
2021-05-01 4:55,182,142,40
2021-05-01 4:56,184,143,41
2021-05-01 4:57,186,145,41
2021-05-01 4:58,188,147,41
2021-05-01 4:59,189,148,41
2021-05-01 5:00,191,150,41
2021-05-01 5:01,193,152,41
2021-05-01 5:02,194,154,40
2021-05-01 5:03,196,155,41
2021-05-01 5:04,198,157,41
2021-05-01 5:05,200,159,41
2021-05-01 5:06,202,161,41
2021-05-01 5:07,204,163,41
2021-05-01 5:08,206,165,41
2021-05-01 5:09,208,167,41
2021-05-01 5:10,209,169,40
2021-05-01 5:11,211,171,40
2021-05-01 5:12,213,173,40
2021-05-01 5:13,215,175,40
2021-05-01 5:14,217,177,40
2021-05-01 5:15,219,179,40
2021-05-01 5:16,221,181,40
2021-05-01 5:17,223,183,40
2021-05-01 5:18,225,185,40
2021-05-01 5:19,227,188,39
2021-05-01 5:20,229,190,39
2021-05-01 5:21,232,192,40
2021-05-01 5:22,234,194,40
2021-05-01 5:23,236,197,39
2021-05-01 5:24,239,199,40
2021-05-01 5:25,241,201,40
2021-05-01 5:26,244,204,40
2021-05-01 5:27,246,206,40
2021-05-01 5:28,249,208,41
2021-05-01 5:29,252,211,41
2021-05-01 5:30,255,213,42
2021-05-01 5:31,258,216,42
2021-05-01 5:32,260,218,42
2021-05-01 5:33,263,221,42
2021-05-01 5:34,267,223,44
2021-05-01 5:35,270,226,44
2021-05-01 5:36,273,228,45
2021-05-01 5:37,277,231,46
2021-05-01 5:38,280,234,46
2021-05-01 5:39,283,236,47
2021-05-01 5:40,287,239,48
2021-05-01 5:41,291,242,49
2021-05-01 5:42,295,244,51
2021-05-01 5:43,298,247,51
2021-05-01 5:44,302,250,52
2021-05-01 5:45,305,253,52
2021-05-01 5:46,309,255,54
2021-05-01 5:47,313,258,55
2021-05-01 5:48,316,261,55
2021-05-01 5:49,320,264,56
2021-05-01 5:50,323,267,56
2021-05-01 5:51,326,270,56
2021-05-01 5:52,330,272,58
2021-05-01 5:53,333,275,58
2021-05-01 5:54,337,278,59
2021-05-01 5:55,339,281,58
2021-05-01 5:56,342,284,58
2021-05-01 5:57,346,287,59
2021-05-01 5:58,349,290,59
2021-05-01 5:59,352,293,59
2021-05-01 6:00,355,296,59
2021-05-01 6:01,358,299,59
2021-05-01 6:02,361,302,59
2021-05-01 6:03,364,306,58
2021-05-01 6:04,366,309,57
2021-05-01 6:05,369,312,57
2021-05-01 6:06,373,315,58
2021-05-01 6:07,375,318,57
2021-05-01 6:08,378,321,57
2021-05-01 6:09,380,324,56
2021-05-01 6:10,383,328,55
2021-05-01 6:11,386,331,55
2021-05-01 6:12,389,334,55
2021-05-01 6:13,392,337,55
2021-05-01 6:14,395,340,55
2021-05-01 6:15,397,344,53
2021-05-01 6:16,400,347,53
2021-05-01 6:17,403,350,53
2021-05-01 6:18,406,354,52
2021-05-01 6:19,409,357,52
2021-05-01 6:20,412,360,52
2021-05-01 6:21,414,364,50
2021-05-01 6:22,417,367,50
2021-05-01 6:23,420,370,50
2021-05-01 6:24,423,374,49
2021-05-01 6:25,426,377,49
2021-05-01 6:26,429,380,49
2021-05-01 6:27,431,384,47
2021-05-01 6:28,434,387,47
2021-05-01 6:29,437,390,47
2021-05-01 6:30,440,394,46
2021-05-01 6:31,443,397,46
2021-05-01 6:32,446,401,45
2021-05-01 6:33,448,404,44
2021-05-01 6:34,451,407,44
2021-05-01 6:35,454,411,43
2021-05-01 6:36,457,414,43
2021-05-01 6:37,460,418,42
2021-05-01 6:38,463,421,42
2021-05-01 6:39,466,424,42
2021-05-01 6:40,469,428,41
2021-05-01 6:41,472,431,41
2021-05-01 6:42,475,435,40
2021-05-01 6:43,478,438,40
2021-05-01 6:44,482,442,40
2021-05-01 6:45,485,445,40
2021-05-01 6:46,488,448,40
2021-05-01 6:47,491,452,39
2021-05-01 6:48,494,455,39
2021-05-01 6:49,497,459,38
2021-05-01 6:50,500,462,38
2021-05-01 6:51,504,465,39
2021-05-01 6:52,507,469,38
2021-05-01 6:53,510,472,38
2021-05-01 6:54,513,476,37
2021-05-01 6:55,517,479,38
2021-05-01 6:56,520,482,38
2021-05-01 6:57,524,486,38
2021-05-01 6:58,526,489,37
2021-05-01 6:59,530,492,38
2021-05-01 7:00,533,496,37
2021-05-01 7:01,537,499,38
2021-05-01 7:02,540,502,38
2021-05-01 7:03,543,506,37
2021-05-01 7:04,546,509,37
2021-05-01 7:05,549,512,37
2021-05-01 7:06,553,516,37
2021-05-01 7:07,556,519,37
2021-05-01 7:08,559,522,37
2021-05-01 7:09,562,525,37
2021-05-01 7:10,565,529,36
2021-05-01 7:11,568,532,36
2021-05-01 7:12,571,535,36
2021-05-01 7:13,574,538,36
2021-05-01 7:14,577,541,36
2021-05-01 7:15,580,545,35
2021-05-01 7:16,583,548,35
2021-05-01 7:17,586,551,35
2021-05-01 7:18,589,554,35
2021-05-01 7:19,593,557,36
2021-05-01 7:20,596,560,36
2021-05-01 7:21,599,563,36
2021-05-01 7:22,602,566,36
2021-05-01 7:23,605,569,36
2021-05-01 7:24,609,572,37
2021-05-01 7:25,612,575,37
2021-05-01 7:26,615,578,37
2021-05-01 7:27,618,581,37
2021-05-01 7:28,620,584,36
2021-05-01 7:29,624,587,37
2021-05-01 7:30,626,589,37
2021-05-01 7:31,630,592,38
2021-05-01 7:32,633,595,38
2021-05-01 7:33,635,598,37
2021-05-01 7:34,638,601,37
2021-05-01 7:35,641,603,38
2021-05-01 7:36,644,606,38
2021-05-01 7:37,646,609,37
2021-05-01 7:38,649,611,38
2021-05-01 7:39,652,614,38
2021-05-01 7:40,654,616,38
2021-05-01 7:41,656,619,37
2021-05-01 7:42,659,622,37
2021-05-01 7:43,661,624,37
2021-05-01 7:44,663,626,37
2021-05-01 7:45,665,629,36
2021-05-01 7:46,667,631,36
2021-05-01 7:47,669,634,35
2021-05-01 7:48,671,636,35
2021-05-01 7:49,673,638,35
2021-05-01 7:50,674,641,33
2021-05-01 7:51,676,643,33
2021-05-01 7:52,678,645,33
2021-05-01 7:53,680,647,33
2021-05-01 7:54,682,649,33
2021-05-01 7:55,685,651,34
2021-05-01 7:56,687,654,33
2021-05-01 7:57,689,656,33
2021-05-01 7:58,691,658,33
2021-05-01 7:59,693,659,34
2021-05-01 8:00,696,661,35
2021-05-01 8:01,698,663,35
2021-05-01 8:02,699,665,34
2021-05-01 8:03,701,667,34
2021-05-01 8:04,703,669,34
2021-05-01 8:05,705,671,34
2021-05-01 8:06,708,672,36
2021-05-01 8:07,709,674,35
2021-05-01 8:08,711,676,35
2021-05-01 8:09,713,677,36
2021-05-01 8:10,715,679,36
2021-05-01 8:11,716,680,36
2021-05-01 8:12,717,682,35
2021-05-01 8:13,718,683,35
2021-05-01 8:14,720,685,35
2021-05-01 8:15,721,686,35
2021-05-01 8:16,722,687,35
2021-05-01 8:17,723,688,35
2021-05-01 8:18,724,690,34
2021-05-01 8:19,725,691,34
2021-05-01 8:20,725,692,33
2021-05-01 8:21,725,693,32
2021-05-01 8:22,727,694,33
2021-05-01 8:23,727,695,32
2021-05-01 8:24,727,696,31
2021-05-01 8:25,728,697,31
2021-05-01 8:26,728,698,30
2021-05-01 8:27,729,699,30
2021-05-01 8:28,729,700,29
2021-05-01 8:29,730,701,29
2021-05-01 8:30,730,702,28
2021-05-01 8:31,731,702,29
2021-05-01 8:32,731,703,28
2021-05-01 8:33,732,704,28
2021-05-01 8:34,733,704,29
2021-05-01 8:35,733,705,28
2021-05-01 8:36,734,705,29
2021-05-01 8:37,735,706,29
2021-05-01 8:38,735,706,29
2021-05-01 8:39,736,707,29
2021-05-01 8:40,737,707,30
2021-05-01 8:41,737,707,30
2021-05-01 8:42,738,708,30
2021-05-01 8:43,739,708,31
2021-05-01 8:44,740,708,32
2021-05-01 8:45,741,708,33
2021-05-01 8:46,741,708,33
2021-05-01 8:47,741,708,33
2021-05-01 8:48,742,709,33
2021-05-01 8:49,742,709,33
2021-05-01 8:50,742,709,33
2021-05-01 8:51,743,708,35
2021-05-01 8:52,743,708,35
2021-05-01 8:53,743,708,35
2021-05-01 8:54,743,708,35
2021-05-01 8:55,743,708,35
2021-05-01 8:56,743,708,35
2021-05-01 8:57,742,707,35
2021-05-01 8:58,742,707,35
2021-05-01 8:59,741,707,34
2021-05-01 9:00,741,706,35
2021-05-01 9:01,740,706,34
2021-05-01 9:02,739,705,34
2021-05-01 9:03,738,705,33
2021-05-01 9:04,738,704,34
2021-05-01 9:05,737,704,33
2021-05-01 9:06,736,703,33
2021-05-01 9:07,736,702,34
2021-05-01 9:08,735,702,33
2021-05-01 9:09,734,701,33
2021-05-01 9:10,733,700,33
2021-05-01 9:11,732,699,33
2021-05-01 9:12,731,699,32
2021-05-01 9:13,730,698,32
2021-05-01 9:14,729,697,32
2021-05-01 9:15,728,696,32
2021-05-01 9:16,726,695,31
2021-05-01 9:17,725,694,31
2021-05-01 9:18,724,693,31
2021-05-01 9:19,722,692,30
2021-05-01 9:20,720,691,29
2021-05-01 9:21,718,690,28
2021-05-01 9:22,717,689,28
2021-05-01 9:23,715,688,27
2021-05-01 9:24,713,687,26
2021-05-01 9:25,712,685,27
2021-05-01 9:26,710,684,26
2021-05-01 9:27,709,683,26
2021-05-01 9:28,708,682,26
2021-05-01 9:29,706,680,26
2021-05-01 9:30,705,679,26
2021-05-01 9:31,703,678,25
2021-05-01 9:32,701,676,25
2021-05-01 9:33,700,675,25
2021-05-01 9:34,699,673,26
2021-05-01 9:35,697,672,25
2021-05-01 9:36,696,670,26
2021-05-01 9:37,694,669,25
2021-05-01 9:38,693,667,26
2021-05-01 9:39,692,666,26
2021-05-01 9:40,690,664,26
2021-05-01 9:41,689,663,26
2021-05-01 9:42,687,661,26
2021-05-01 9:43,685,660,25
2021-05-01 9:44,684,658,26
2021-05-01 9:45,682,656,26
2021-05-01 9:46,681,655,26
2021-05-01 9:47,679,653,26
2021-05-01 9:48,678,651,27
2021-05-01 9:49,677,649,28
2021-05-01 9:50,675,648,27
2021-05-01 9:51,674,646,28
2021-05-01 9:52,672,644,28
2021-05-01 9:53,671,642,29
2021-05-01 9:54,669,641,28
2021-05-01 9:55,667,639,28
2021-05-01 9:56,665,637,28
2021-05-01 9:57,664,635,29
2021-05-01 9:58,662,633,29
2021-05-01 9:59,661,631,30
2021-05-01 10:00,660,629,31
2021-05-01 10:01,658,628,30
2021-05-01 10:02,657,626,31
2021-05-01 10:03,655,624,31
2021-05-01 10:04,654,622,32
2021-05-01 10:05,653,620,33
2021-05-01 10:06,651,618,33
2021-05-01 10:07,650,616,34
2021-05-01 10:08,648,614,34
2021-05-01 10:09,646,612,34
2021-05-01 10:10,645,610,35
2021-05-01 10:11,643,608,35
2021-05-01 10:12,641,606,35
2021-05-01 10:13,639,604,35
2021-05-01 10:14,638,602,36
2021-05-01 10:15,636,600,36
2021-05-01 10:16,635,598,37
2021-05-01 10:17,633,596,37
2021-05-01 10:18,631,594,37
2021-05-01 10:19,629,592,37
2021-05-01 10:20,627,590,37
2021-05-01 10:21,625,588,37
2021-05-01 10:22,624,586,38
2021-05-01 10:23,622,584,38
2021-05-01 10:24,620,582,38
2021-05-01 10:25,619,580,39
2021-05-01 10:26,617,578,39
2021-05-01 10:27,615,576,39
2021-05-01 10:28,613,574,39
2021-05-01 10:29,611,572,39
2021-05-01 10:30,610,570,40
2021-05-01 10:31,608,568,40
2021-05-01 10:32,606,566,40
2021-05-01 10:33,604,564,40
2021-05-01 10:34,602,562,40
2021-05-01 10:35,600,559,41
2021-05-01 10:36,599,557,42
2021-05-01 10:37,597,555,42
2021-05-01 10:38,595,553,42
2021-05-01 10:39,593,551,42
2021-05-01 10:40,592,549,43
2021-05-01 10:41,590,547,43
2021-05-01 10:42,588,545,43
2021-05-01 10:43,587,543,44
2021-05-01 10:44,585,541,44
2021-05-01 10:45,584,539,45
2021-05-01 10:46,582,537,45
2021-05-01 10:47,580,535,45
2021-05-01 10:48,579,533,46
2021-05-01 10:49,577,531,46
2021-05-01 10:50,575,529,46
2021-05-01 10:51,574,528,46
2021-05-01 10:52,571,526,45
2021-05-01 10:53,569,524,45
2021-05-01 10:54,567,522,45
2021-05-01 10:55,566,520,46
2021-05-01 10:56,564,518,46
2021-05-01 10:57,562,516,46
2021-05-01 10:58,561,514,47
2021-05-01 10:59,558,512,46
2021-05-01 11:00,557,510,47
2021-05-01 11:01,555,508,47
2021-05-01 11:02,553,506,47
2021-05-01 11:03,551,505,46
2021-05-01 11:04,549,503,46
2021-05-01 11:05,548,501,47
2021-05-01 11:06,546,499,47
2021-05-01 11:07,544,497,47
2021-05-01 11:08,543,495,48
2021-05-01 11:09,541,494,47
2021-05-01 11:10,539,492,47
2021-05-01 11:11,537,490,47
2021-05-01 11:12,534,488,46
2021-05-01 11:13,533,486,47
2021-05-01 11:14,531,485,46
2021-05-01 11:15,529,483,46
2021-05-01 11:16,527,481,46
2021-05-01 11:17,525,479,46
2021-05-01 11:18,523,477,46
2021-05-01 11:19,521,476,45
2021-05-01 11:20,520,474,46
2021-05-01 11:21,518,472,46
2021-05-01 11:22,517,471,46
2021-05-01 11:23,514,469,45
2021-05-01 11:24,513,467,46
2021-05-01 11:25,511,466,45
2021-05-01 11:26,509,464,45
2021-05-01 11:27,507,462,45
2021-05-01 11:28,505,461,44
2021-05-01 11:29,503,459,44
2021-05-01 11:30,501,457,44
2021-05-01 11:31,500,456,44
2021-05-01 11:32,498,454,44
2021-05-01 11:33,496,452,44
2021-05-01 11:34,494,451,43
2021-05-01 11:35,492,449,43
2021-05-01 11:36,490,448,42
2021-05-01 11:37,488,446,42
2021-05-01 11:38,486,444,42
2021-05-01 11:39,484,443,41
2021-05-01 11:40,483,441,42
2021-05-01 11:41,481,440,41
2021-05-01 11:42,478,438,40
2021-05-01 11:43,476,437,39
2021-05-01 11:44,475,435,40
2021-05-01 11:45,472,434,38
2021-05-01 11:46,471,432,39
2021-05-01 11:47,469,431,38
2021-05-01 11:48,467,429,38
2021-05-01 11:49,466,428,38
2021-05-01 11:50,464,426,38
2021-05-01 11:51,462,425,37
2021-05-01 11:52,460,423,37
2021-05-01 11:53,458,422,36
2021-05-01 11:54,456,420,36
2021-05-01 11:55,454,419,35
2021-05-01 11:56,452,417,35
2021-05-01 11:57,450,416,34
2021-05-01 11:58,449,415,34
2021-05-01 11:59,447,413,34
2021-05-01 12:00,446,412,34
2021-05-01 12:01,444,410,34
2021-05-01 12:02,442,409,33
2021-05-01 12:03,440,408,32
2021-05-01 12:04,438,406,32
2021-05-01 12:05,436,405,31
2021-05-01 12:06,434,403,31
2021-05-01 12:07,433,402,31
2021-05-01 12:08,431,401,30
2021-05-01 12:09,430,399,31
2021-05-01 12:10,428,398,30
2021-05-01 12:11,426,397,29
2021-05-01 12:12,424,395,29
2021-05-01 12:13,423,394,29
2021-05-01 12:14,421,392,29
2021-05-01 12:15,419,391,28
2021-05-01 12:16,417,390,27
2021-05-01 12:17,415,388,27
2021-05-01 12:18,414,387,27
2021-05-01 12:19,412,386,26
2021-05-01 12:20,410,384,26
2021-05-01 12:21,408,383,25
2021-05-01 12:22,407,382,25
2021-05-01 12:23,405,380,25
2021-05-01 12:24,403,379,24
2021-05-01 12:25,402,378,24
2021-05-01 12:26,400,376,24
2021-05-01 12:27,398,375,23
2021-05-01 12:28,396,374,22
2021-05-01 12:29,394,372,22
2021-05-01 12:30,393,371,22
2021-05-01 12:31,392,370,22
2021-05-01 12:32,390,368,22
2021-05-01 12:33,389,367,22
2021-05-01 12:34,387,366,21
2021-05-01 12:35,385,364,21
2021-05-01 12:36,383,363,20
2021-05-01 12:37,381,362,19
2021-05-01 12:38,380,361,19
2021-05-01 12:39,378,359,19
2021-05-01 12:40,376,358,18
2021-05-01 12:41,375,357,18
2021-05-01 12:42,373,355,18
2021-05-01 12:43,372,354,18
2021-05-01 12:44,371,353,18
2021-05-01 12:45,369,351,18
2021-05-01 12:46,367,350,17
2021-05-01 12:47,366,349,17
2021-05-01 12:48,364,347,17
2021-05-01 12:49,363,346,17
2021-05-01 12:50,361,345,16
2021-05-01 12:51,360,343,17
2021-05-01 12:52,358,342,16
2021-05-01 12:53,357,341,16
2021-05-01 12:54,355,339,16
2021-05-01 12:55,354,338,16
2021-05-01 12:56,352,337,15
2021-05-01 12:57,351,335,16
2021-05-01 12:58,349,334,15
2021-05-01 12:59,348,333,15
2021-05-01 13:00,346,331,15
2021-05-01 13:01,345,330,15
2021-05-01 13:02,343,329,14
2021-05-01 13:03,342,327,15
2021-05-01 13:04,340,326,14
2021-05-01 13:05,339,324,15
2021-05-01 13:06,338,323,15
2021-05-01 13:07,337,322,15
2021-05-01 13:08,335,320,15
2021-05-01 13:09,334,319,15
2021-05-01 13:10,332,318,14
2021-05-01 13:11,331,316,15
2021-05-01 13:12,329,315,14
2021-05-01 13:13,328,314,14
2021-05-01 13:14,327,312,15
2021-05-01 13:15,325,311,14
2021-05-01 13:16,323,309,14
2021-05-01 13:17,322,308,14
2021-05-01 13:18,321,307,14
2021-05-01 13:19,320,305,15
2021-05-01 13:20,318,304,14
2021-05-01 13:21,317,302,15
2021-05-01 13:22,316,301,15
2021-05-01 13:23,315,300,15
2021-05-01 13:24,313,298,15
2021-05-01 13:25,312,297,15
2021-05-01 13:26,311,295,16
2021-05-01 13:27,310,294,16
2021-05-01 13:28,308,293,15
2021-05-01 13:29,307,291,16
2021-05-01 13:30,306,290,16
2021-05-01 13:31,305,288,17
2021-05-01 13:32,303,287,16
2021-05-01 13:33,302,286,16
2021-05-01 13:34,301,284,17
2021-05-01 13:35,300,283,17
2021-05-01 13:36,299,281,18
2021-05-01 13:37,298,280,18
2021-05-01 13:38,296,279,17
2021-05-01 13:39,296,277,19
2021-05-01 13:40,294,276,18
2021-05-01 13:41,293,274,19
2021-05-01 13:42,292,273,19
2021-05-01 13:43,291,271,20
2021-05-01 13:44,290,270,20
2021-05-01 13:45,288,269,19
2021-05-01 13:46,287,267,20
2021-05-01 13:47,286,266,20
2021-05-01 13:48,285,264,21
2021-05-01 13:49,285,263,22
2021-05-01 13:50,283,261,22
2021-05-01 13:51,282,260,22
2021-05-01 13:52,281,259,22
2021-05-01 13:53,280,257,23
2021-05-01 13:54,279,256,23
2021-05-01 13:55,278,254,24
2021-05-01 13:56,276,253,23
2021-05-01 13:57,275,251,24
2021-05-01 13:58,273,250,23
2021-05-01 13:59,272,249,23
2021-05-01 14:00,271,247,24
2021-05-01 14:01,269,246,23
2021-05-01 14:02,268,244,24
2021-05-01 14:03,267,243,24
2021-05-01 14:04,265,241,24
2021-05-01 14:05,264,240,24
2021-05-01 14:06,263,239,24
2021-05-01 14:07,262,237,25
2021-05-01 14:08,261,236,25
2021-05-01 14:09,260,234,26
2021-05-01 14:10,259,233,26
2021-05-01 14:11,257,232,25
2021-05-01 14:12,256,230,26
2021-05-01 14:13,255,229,26
2021-05-01 14:14,253,228,25
2021-05-01 14:15,252,226,26
2021-05-01 14:16,251,225,26
2021-05-01 14:17,250,223,27
2021-05-01 14:18,249,222,27
2021-05-01 14:19,247,221,26
2021-05-01 14:20,247,219,28
2021-05-01 14:21,246,218,28
2021-05-01 14:22,245,217,28
2021-05-01 14:23,244,215,29
2021-05-01 14:24,242,214,28
2021-05-01 14:25,242,213,29
2021-05-01 14:26,241,211,30
2021-05-01 14:27,240,210,30
2021-05-01 14:28,239,209,30
2021-05-01 14:29,237,207,30
2021-05-01 14:30,236,206,30
2021-05-01 14:31,235,205,30
2021-05-01 14:32,234,203,31
2021-05-01 14:33,233,202,31
2021-05-01 14:34,231,201,30
2021-05-01 14:35,231,200,31
2021-05-01 14:36,229,198,31
2021-05-01 14:37,228,197,31
2021-05-01 14:38,228,196,32
2021-05-01 14:39,227,195,32
2021-05-01 14:40,225,193,32
2021-05-01 14:41,224,192,32
2021-05-01 14:42,223,191,32
2021-05-01 14:43,222,190,32
2021-05-01 14:44,221,188,33
2021-05-01 14:45,220,187,33
2021-05-01 14:46,218,186,32
2021-05-01 14:47,217,185,32
2021-05-01 14:48,216,184,32
2021-05-01 14:49,215,183,32
2021-05-01 14:50,214,181,33
2021-05-01 14:51,213,180,33
2021-05-01 14:52,212,179,33
2021-05-01 14:53,211,178,33
2021-05-01 14:54,210,177,33
2021-05-01 14:55,208,176,32
2021-05-01 14:56,207,175,32
2021-05-01 14:57,206,174,32
2021-05-01 14:58,205,173,32
2021-05-01 14:59,204,172,32
2021-05-01 15:00,204,170,34
2021-05-01 15:01,202,169,33
2021-05-01 15:02,201,168,33
2021-05-01 15:03,201,167,34
2021-05-01 15:04,200,166,34
2021-05-01 15:05,199,165,34
2021-05-01 15:06,198,164,34
2021-05-01 15:07,197,163,34
2021-05-01 15:08,195,162,33
2021-05-01 15:09,194,162,32
2021-05-01 15:10,193,161,32
2021-05-01 15:11,192,160,32
2021-05-01 15:12,192,159,33
2021-05-01 15:13,191,158,33
2021-05-01 15:14,189,157,32
2021-05-01 15:15,189,156,33
2021-05-01 15:16,188,155,33
2021-05-01 15:17,187,154,33
2021-05-01 15:18,185,154,31
2021-05-01 15:19,184,153,31
2021-05-01 15:20,183,152,31
2021-05-01 15:21,183,151,32
2021-05-01 15:22,182,150,32
2021-05-01 15:23,181,150,31
2021-05-01 15:24,180,149,31
2021-05-01 15:25,179,148,31
2021-05-01 15:26,179,147,32
2021-05-01 15:27,177,147,30
2021-05-01 15:28,176,146,30
2021-05-01 15:29,175,145,30
2021-05-01 15:30,175,145,30
2021-05-01 15:31,173,144,29
2021-05-01 15:32,172,143,29
2021-05-01 15:33,172,143,29
2021-05-01 15:34,171,142,29
2021-05-01 15:35,170,141,29
2021-05-01 15:36,169,141,28
2021-05-01 15:37,168,140,28
2021-05-01 15:38,167,140,27
2021-05-01 15:39,166,139,27
2021-05-01 15:40,165,139,26
2021-05-01 15:41,164,138,26
2021-05-01 15:42,163,138,25
2021-05-01 15:43,162,137,25
2021-05-01 15:44,162,137,25
2021-05-01 15:45,161,136,25
2021-05-01 15:46,160,136,24
2021-05-01 15:47,159,135,24
2021-05-01 15:48,158,135,23
2021-05-01 15:49,157,135,22
2021-05-01 15:50,156,134,22
2021-05-01 15:51,155,134,21
2021-05-01 15:52,154,133,21
2021-05-01 15:53,153,133,20
2021-05-01 15:54,153,133,20
2021-05-01 15:55,152,133,19
2021-05-01 15:56,151,132,19
2021-05-01 15:57,150,132,18
2021-05-01 15:58,149,132,17
2021-05-01 15:59,148,132,16
2021-05-01 16:00,148,131,17
2021-05-01 16:01,147,131,16
2021-05-01 16:02,146,131,15
2021-05-01 16:03,145,131,14
2021-05-01 16:04,144,131,13
2021-05-01 16:05,143,131,12
2021-05-01 16:06,142,130,12
2021-05-01 16:07,141,130,11
2021-05-01 16:08,141,130,11
2021-05-01 16:09,140,130,10
2021-05-01 16:10,139,130,9
2021-05-01 16:11,139,130,9
2021-05-01 16:12,138,130,8
2021-05-01 16:13,137,130,7
2021-05-01 16:14,136,130,6
2021-05-01 16:15,135,130,5
2021-05-01 16:16,135,130,5
2021-05-01 16:17,134,130,4
2021-05-01 16:18,134,130,4
2021-05-01 16:19,133,131,2
2021-05-01 16:20,133,131,2
2021-05-01 16:21,132,131,1
2021-05-01 16:22,132,131,1
2021-05-01 16:23,132,131,1
2021-05-01 16:24,131,131,0
2021-05-01 16:25,131,132,-1
2021-05-01 16:26,131,132,-1
2021-05-01 16:27,130,132,-2
2021-05-01 16:28,130,132,-2
2021-05-01 16:29,130,133,-3
2021-05-01 16:30,130,133,-3
2021-05-01 16:31,130,133,-3
2021-05-01 16:32,130,134,-4
2021-05-01 16:33,130,134,-4
2021-05-01 16:34,131,134,-3
2021-05-01 16:35,131,135,-4
2021-05-01 16:36,131,135,-4
2021-05-01 16:37,132,136,-4
2021-05-01 16:38,132,136,-4
2021-05-01 16:39,133,137,-4
2021-05-01 16:40,134,137,-3
2021-05-01 16:41,134,138,-4
2021-05-01 16:42,135,138,-3
2021-05-01 16:43,136,139,-3
2021-05-01 16:44,137,139,-2
2021-05-01 16:45,139,140,-1
2021-05-01 16:46,140,140,0
2021-05-01 16:47,142,141,1
2021-05-01 16:48,144,142,2
2021-05-01 16:49,145,142,3
2021-05-01 16:50,147,143,4
2021-05-01 16:51,149,144,5
2021-05-01 16:52,151,144,7
2021-05-01 16:53,153,145,8
2021-05-01 16:54,155,146,9
2021-05-01 16:55,158,147,11
2021-05-01 16:56,160,147,13
2021-05-01 16:57,163,148,15
2021-05-01 16:58,165,149,16
2021-05-01 16:59,167,150,17
2021-05-01 17:00,169,151,18
2021-05-01 17:01,171,152,19
2021-05-01 17:02,173,153,20
2021-05-01 17:03,175,154,21
2021-05-01 17:04,176,155,21
2021-05-01 17:05,178,156,22
2021-05-01 17:06,180,157,23
2021-05-01 17:07,182,158,24
2021-05-01 17:08,184,159,25
2021-05-01 17:09,185,160,25
2021-05-01 17:10,187,161,26
2021-05-01 17:11,188,162,26
2021-05-01 17:12,190,163,27
2021-05-01 17:13,191,164,27
2021-05-01 17:14,192,165,27
2021-05-01 17:15,194,166,28
2021-05-01 17:16,195,168,27
2021-05-01 17:17,196,169,27
2021-05-01 17:18,197,170,27
2021-05-01 17:19,199,171,28
2021-05-01 17:20,200,173,27
2021-05-01 17:21,201,174,27
2021-05-01 17:22,202,175,27
2021-05-01 17:23,204,176,28
2021-05-01 17:24,204,178,26
2021-05-01 17:25,206,179,27
2021-05-01 17:26,207,181,26
2021-05-01 17:27,208,182,26
2021-05-01 17:28,209,183,26
2021-05-01 17:29,210,185,25
2021-05-01 17:30,211,186,25
2021-05-01 17:31,213,188,25
2021-05-01 17:32,214,189,25
2021-05-01 17:33,215,191,24
2021-05-01 17:34,217,192,25
2021-05-01 17:35,218,194,24
2021-05-01 17:36,219,196,23
2021-05-01 17:37,220,197,23
2021-05-01 17:38,221,199,22
2021-05-01 17:39,222,200,22
2021-05-01 17:40,223,202,21
2021-05-01 17:41,224,204,20
2021-05-01 17:42,225,206,19
2021-05-01 17:43,226,207,19
2021-05-01 17:44,227,209,18
2021-05-01 17:45,228,211,17
2021-05-01 17:46,229,213,16
2021-05-01 17:47,230,214,16
2021-05-01 17:48,231,216,15
2021-05-01 17:49,232,218,14
2021-05-01 17:50,233,220,13
2021-05-01 17:51,234,222,12
2021-05-01 17:52,235,224,11
2021-05-01 17:53,237,225,12
2021-05-01 17:54,238,227,11
2021-05-01 17:55,239,229,10
2021-05-01 17:56,240,231,9
2021-05-01 17:57,241,233,8
2021-05-01 17:58,242,235,7
2021-05-01 17:59,244,237,7
2021-05-01 18:00,245,239,6
2021-05-01 18:01,246,241,5
2021-05-01 18:02,248,243,5
2021-05-01 18:03,249,246,3
2021-05-01 18:04,250,248,2
2021-05-01 18:05,252,250,2
2021-05-01 18:06,254,252,2
2021-05-01 18:07,256,254,2
2021-05-01 18:08,257,256,1
2021-05-01 18:09,259,258,1
2021-05-01 18:10,261,261,0
2021-05-01 18:11,263,263,0
2021-05-01 18:12,265,265,0
2021-05-01 18:13,266,267,-1
2021-05-01 18:14,268,270,-2
2021-05-01 18:15,270,272,-2
2021-05-01 18:16,273,274,-1
2021-05-01 18:17,275,276,-1
2021-05-01 18:18,277,279,-2
2021-05-01 18:19,279,281,-2
2021-05-01 18:20,281,283,-2
2021-05-01 18:21,283,286,-3
2021-05-01 18:22,286,288,-2
2021-05-01 18:23,288,291,-3
2021-05-01 18:24,291,293,-2
2021-05-01 18:25,294,295,-1
2021-05-01 18:26,296,298,-2
2021-05-01 18:27,299,300,-1
2021-05-01 18:28,301,303,-2
2021-05-01 18:29,304,305,-1
2021-05-01 18:30,306,308,-2
2021-05-01 18:31,309,310,-1
2021-05-01 18:32,312,313,-1
2021-05-01 18:33,314,315,-1
2021-05-01 18:34,317,318,-1
2021-05-01 18:35,319,320,-1
2021-05-01 18:36,321,323,-2
2021-05-01 18:37,324,325,-1
2021-05-01 18:38,326,328,-2
2021-05-01 18:39,329,330,-1
2021-05-01 18:40,331,333,-2
2021-05-01 18:41,334,335,-1
2021-05-01 18:42,336,338,-2
2021-05-01 18:43,338,341,-3
2021-05-01 18:44,340,343,-3
2021-05-01 18:45,343,346,-3
2021-05-01 18:46,345,348,-3
2021-05-01 18:47,347,351,-4
2021-05-01 18:48,350,354,-4
2021-05-01 18:49,352,356,-4
2021-05-01 18:50,354,359,-5
2021-05-01 18:51,356,362,-6
2021-05-01 18:52,359,364,-5
2021-05-01 18:53,361,367,-6
2021-05-01 18:54,363,369,-6
2021-05-01 18:55,365,372,-7
2021-05-01 18:56,368,375,-7
2021-05-01 18:57,370,377,-7
2021-05-01 18:58,372,380,-8
2021-05-01 18:59,374,383,-9
2021-05-01 19:00,377,385,-8
2021-05-01 19:01,379,388,-9
2021-05-01 19:02,380,391,-11
2021-05-01 19:03,383,393,-10
2021-05-01 19:04,385,396,-11
2021-05-01 19:05,387,399,-12
2021-05-01 19:06,390,401,-11
2021-05-01 19:07,392,404,-12
2021-05-01 19:08,394,407,-13
2021-05-01 19:09,396,409,-13
2021-05-01 19:10,398,412,-14
2021-05-01 19:11,400,414,-14
2021-05-01 19:12,403,417,-14
2021-05-01 19:13,405,420,-15
2021-05-01 19:14,408,422,-14
2021-05-01 19:15,410,425,-15
2021-05-01 19:16,412,428,-16
2021-05-01 19:17,414,430,-16
2021-05-01 19:18,416,433,-17
2021-05-01 19:19,418,435,-17
2021-05-01 19:20,420,438,-18
2021-05-01 19:21,423,441,-18
2021-05-01 19:22,425,443,-18
2021-05-01 19:23,428,446,-18
2021-05-01 19:24,430,448,-18
2021-05-01 19:25,432,451,-19
2021-05-01 19:26,434,453,-19
2021-05-01 19:27,436,456,-20
2021-05-01 19:28,439,458,-19
2021-05-01 19:29,441,461,-20
2021-05-01 19:30,443,463,-20
2021-05-01 19:31,446,466,-20
2021-05-01 19:32,448,468,-20
2021-05-01 19:33,450,471,-21
2021-05-01 19:34,452,473,-21
2021-05-01 19:35,454,476,-22
2021-05-01 19:36,456,478,-22
2021-05-01 19:37,458,480,-22
2021-05-01 19:38,461,483,-22
2021-05-01 19:39,463,485,-22
2021-05-01 19:40,465,487,-22
2021-05-01 19:41,467,490,-23
2021-05-01 19:42,469,492,-23
2021-05-01 19:43,471,494,-23
2021-05-01 19:44,474,497,-23
2021-05-01 19:45,475,499,-24
2021-05-01 19:46,478,501,-23
2021-05-01 19:47,480,503,-23
2021-05-01 19:48,482,506,-24
2021-05-01 19:49,484,508,-24
2021-05-01 19:50,487,510,-23
2021-05-01 19:51,488,512,-24
2021-05-01 19:52,490,514,-24
2021-05-01 19:53,492,516,-24
2021-05-01 19:54,494,518,-24
2021-05-01 19:55,496,520,-24
2021-05-01 19:56,498,522,-24
2021-05-01 19:57,500,524,-24
2021-05-01 19:58,501,526,-25
2021-05-01 19:59,503,528,-25
2021-05-01 20:00,505,530,-25
2021-05-01 20:01,507,532,-25
2021-05-01 20:02,508,534,-26
2021-05-01 20:03,510,536,-26
2021-05-01 20:04,512,538,-26
2021-05-01 20:05,514,540,-26
2021-05-01 20:06,516,541,-25
2021-05-01 20:07,518,543,-25
2021-05-01 20:08,520,545,-25
2021-05-01 20:09,521,546,-25
2021-05-01 20:10,523,548,-25
2021-05-01 20:11,525,550,-25
2021-05-01 20:12,526,551,-25
2021-05-01 20:13,528,553,-25
2021-05-01 20:14,529,555,-26
2021-05-01 20:15,531,556,-25
2021-05-01 20:16,533,558,-25
2021-05-01 20:17,534,559,-25
2021-05-01 20:18,536,561,-25
2021-05-01 20:19,538,562,-24
2021-05-01 20:20,539,563,-24
2021-05-01 20:21,541,565,-24
2021-05-01 20:22,542,566,-24
2021-05-01 20:23,544,567,-23
2021-05-01 20:24,545,569,-24
2021-05-01 20:25,546,570,-24
2021-05-01 20:26,548,571,-23
2021-05-01 20:27,549,572,-23
2021-05-01 20:28,550,573,-23
2021-05-01 20:29,552,574,-22
2021-05-01 20:30,553,576,-23
2021-05-01 20:31,554,577,-23
2021-05-01 20:32,555,578,-23
2021-05-01 20:33,557,579,-22
2021-05-01 20:34,558,580,-22
2021-05-01 20:35,559,580,-21
2021-05-01 20:36,560,581,-21
2021-05-01 20:37,561,582,-21
2021-05-01 20:38,562,583,-21
2021-05-01 20:39,563,584,-21
2021-05-01 20:40,564,584,-20
2021-05-01 20:41,565,585,-20
2021-05-01 20:42,566,586,-20
2021-05-01 20:43,567,587,-20
2021-05-01 20:44,568,587,-19
2021-05-01 20:45,569,588,-19
2021-05-01 20:46,570,588,-18
2021-05-01 20:47,571,589,-18
2021-05-01 20:48,572,589,-17
2021-05-01 20:49,572,590,-18
2021-05-01 20:50,573,590,-17
2021-05-01 20:51,574,591,-17
2021-05-01 20:52,575,591,-16
2021-05-01 20:53,576,591,-15
2021-05-01 20:54,577,591,-14
2021-05-01 20:55,577,592,-15
2021-05-01 20:56,578,592,-14
2021-05-01 20:57,579,592,-13
2021-05-01 20:58,579,592,-13
2021-05-01 20:59,580,592,-12
2021-05-01 21:00,580,592,-12
2021-05-01 21:01,581,592,-11
2021-05-01 21:02,582,592,-10
2021-05-01 21:03,582,592,-10
2021-05-01 21:04,582,592,-10
2021-05-01 21:05,582,592,-10
2021-05-01 21:06,583,592,-9
2021-05-01 21:07,583,592,-9
2021-05-01 21:08,583,592,-9
2021-05-01 21:09,583,592,-9
2021-05-01 21:10,584,591,-7
2021-05-01 21:11,584,591,-7
2021-05-01 21:12,584,591,-7
2021-05-01 21:13,584,590,-6
2021-05-01 21:14,584,590,-6
2021-05-01 21:15,584,590,-6
2021-05-01 21:16,583,589,-6
2021-05-01 21:17,583,589,-6
2021-05-01 21:18,583,588,-5
2021-05-01 21:19,583,588,-5
2021-05-01 21:20,583,587,-4
2021-05-01 21:21,582,587,-5
2021-05-01 21:22,582,586,-4
2021-05-01 21:23,582,585,-3
2021-05-01 21:24,581,585,-4
2021-05-01 21:25,581,584,-3
2021-05-01 21:26,580,583,-3
2021-05-01 21:27,580,583,-3
2021-05-01 21:28,579,582,-3
2021-05-01 21:29,579,581,-2
2021-05-01 21:30,578,580,-2
2021-05-01 21:31,578,579,-1
2021-05-01 21:32,577,578,-1
2021-05-01 21:33,576,577,-1
2021-05-01 21:34,575,576,-1
2021-05-01 21:35,573,575,-2
2021-05-01 21:36,572,574,-2
2021-05-01 21:37,571,573,-2
2021-05-01 21:38,570,572,-2
2021-05-01 21:39,569,571,-2
2021-05-01 21:40,568,570,-2
2021-05-01 21:41,566,569,-3
2021-05-01 21:42,565,568,-3
2021-05-01 21:43,564,567,-3
2021-05-01 21:44,562,566,-4
2021-05-01 21:45,561,564,-3
2021-05-01 21:46,560,563,-3
2021-05-01 21:47,559,562,-3
2021-05-01 21:48,558,561,-3
2021-05-01 21:49,557,559,-2
2021-05-01 21:50,555,558,-3
2021-05-01 21:51,553,557,-4
2021-05-01 21:52,552,555,-3
2021-05-01 21:53,551,554,-3
2021-05-01 21:54,549,553,-4
2021-05-01 21:55,548,551,-3
2021-05-01 21:56,546,550,-4
2021-05-01 21:57,545,548,-3
2021-05-01 21:58,544,547,-3
2021-05-01 21:59,543,545,-2
2021-05-01 22:00,542,544,-2
2021-05-01 22:01,540,542,-2
2021-05-01 22:02,539,541,-2
2021-05-01 22:03,537,539,-2
2021-05-01 22:04,536,538,-2
2021-05-01 22:05,534,536,-2
2021-05-01 22:06,533,534,-1
2021-05-01 22:07,532,533,-1
2021-05-01 22:08,530,531,-1
2021-05-01 22:09,529,530,-1
2021-05-01 22:10,528,528,0
2021-05-01 22:11,526,526,0
2021-05-01 22:12,525,525,0
2021-05-01 22:13,524,523,1
2021-05-01 22:14,523,521,2
2021-05-01 22:15,521,520,1
2021-05-01 22:16,520,518,2
2021-05-01 22:17,518,516,2
2021-05-01 22:18,517,514,3
2021-05-01 22:19,516,513,3
2021-05-01 22:20,514,511,3
2021-05-01 22:21,512,509,3
2021-05-01 22:22,511,507,4
2021-05-01 22:23,509,506,3
2021-05-01 22:24,508,504,4
2021-05-01 22:25,506,502,4
2021-05-01 22:26,504,500,4
2021-05-01 22:27,503,498,5
2021-05-01 22:28,501,497,4
2021-05-01 22:29,500,495,5
2021-05-01 22:30,497,493,4
2021-05-01 22:31,496,491,5
2021-05-01 22:32,494,489,5
2021-05-01 22:33,492,487,5
2021-05-01 22:34,491,486,5
2021-05-01 22:35,489,484,5
2021-05-01 22:36,488,482,6
2021-05-01 22:37,486,480,6
2021-05-01 22:38,484,478,6
2021-05-01 22:39,483,476,7
2021-05-01 22:40,481,475,6
2021-05-01 22:41,479,473,6
2021-05-01 22:42,477,471,6
2021-05-01 22:43,475,469,6
2021-05-01 22:44,473,467,6
2021-05-01 22:45,472,465,7
2021-05-01 22:46,470,463,7
2021-05-01 22:47,468,462,6
2021-05-01 22:48,467,460,7
2021-05-01 22:49,465,458,7
2021-05-01 22:50,464,456,8
2021-05-01 22:51,462,454,8
2021-05-01 22:52,460,452,8
2021-05-01 22:53,458,451,7
2021-05-01 22:54,456,449,7
2021-05-01 22:55,455,447,8
2021-05-01 22:56,453,445,8
2021-05-01 22:57,451,443,8
2021-05-01 22:58,449,441,8
2021-05-01 22:59,448,440,8
2021-05-01 23:00,447,438,9
2021-05-01 23:01,445,436,9
2021-05-01 23:02,443,434,9
2021-05-01 23:03,442,432,10
2021-05-01 23:04,440,431,9
2021-05-01 23:05,438,429,9
2021-05-01 23:06,436,427,9
2021-05-01 23:07,435,425,10
2021-05-01 23:08,433,423,10
2021-05-01 23:09,431,422,9
2021-05-01 23:10,430,420,10
2021-05-01 23:11,428,418,10
2021-05-01 23:12,427,416,11
2021-05-01 23:13,425,415,10
2021-05-01 23:14,424,413,11
2021-05-01 23:15,422,411,11
2021-05-01 23:16,420,409,11
2021-05-01 23:17,418,408,10
2021-05-01 23:18,417,406,11
2021-05-01 23:19,415,404,11
2021-05-01 23:20,414,403,11
2021-05-01 23:21,412,401,11
2021-05-01 23:22,411,399,12
2021-05-01 23:23,409,398,11
2021-05-01 23:24,407,396,11
2021-05-01 23:25,406,394,12
2021-05-01 23:26,404,393,11
2021-05-01 23:27,402,391,11
2021-05-01 23:28,400,389,11
2021-05-01 23:29,398,388,10
2021-05-01 23:30,397,386,11
2021-05-01 23:31,395,385,10
2021-05-01 23:32,394,383,11
2021-05-01 23:33,392,381,11
2021-05-01 23:34,391,380,11
2021-05-01 23:35,389,378,11
2021-05-01 23:36,388,377,11
2021-05-01 23:37,386,375,11
2021-05-01 23:38,384,374,10
2021-05-01 23:39,382,372,10
2021-05-01 23:40,381,371,10
2021-05-01 23:41,379,369,10
2021-05-01 23:42,378,368,10
2021-05-01 23:43,376,366,10
2021-05-01 23:44,375,365,10
2021-05-01 23:45,373,363,10
2021-05-01 23:46,372,362,10
2021-05-01 23:47,371,360,11
2021-05-01 23:48,369,359,10
2021-05-01 23:49,367,357,10
2021-05-01 23:50,366,356,10
2021-05-01 23:51,364,354,10
2021-05-01 23:52,363,353,10
2021-05-01 23:53,361,351,10
2021-05-01 23:54,360,350,10
2021-05-01 23:55,358,349,9
2021-05-01 23:56,357,347,10
2021-05-01 23:57,355,346,9
2021-05-01 23:58,354,345,9
2021-05-01 23:59,353,343,10
2021-05-02 0:00,351,342,9
