관측시간,실측조위(Cm),예측조위(Cm),잔차(Cm)
2022-04-30 0:00,103,89,14
2022-04-30 0:01,101,89,12
2022-04-30 0:02,100,88,12
2022-04-30 0:03,99,87,12
2022-04-30 0:04,98,87,11
2022-04-30 0:05,97,86,11
2022-04-30 0:06,96,86,10
2022-04-30 0:07,95,85,10
2022-04-30 0:08,94,85,9
2022-04-30 0:09,93,84,9
2022-04-30 0:10,92,84,8
2022-04-30 0:11,91,83,8
2022-04-30 0:12,90,83,7
2022-04-30 0:13,89,82,7
2022-04-30 0:14,89,82,7
2022-04-30 0:15,88,82,6
2022-04-30 0:16,87,81,6
2022-04-30 0:17,85,81,4
2022-04-30 0:18,85,81,4
2022-04-30 0:19,83,80,3
2022-04-30 0:20,82,80,2
2022-04-30 0:21,82,80,2
2022-04-30 0:22,80,79,1
2022-04-30 0:23,79,79,0
2022-04-30 0:24,78,79,-1
2022-04-30 0:25,77,79,-2
2022-04-30 0:26,77,79,-2
2022-04-30 0:27,76,78,-2
2022-04-30 0:28,75,78,-3
2022-04-30 0:29,74,78,-4
2022-04-30 0:30,73,78,-5
2022-04-30 0:31,72,78,-6
2022-04-30 0:32,71,78,-7
2022-04-30 0:33,71,78,-7
2022-04-30 0:34,70,78,-8
2022-04-30 0:35,69,78,-9
2022-04-30 0:36,68,78,-10
2022-04-30 0:37,68,78,-10
2022-04-30 0:38,67,78,-11
2022-04-30 0:39,66,78,-12
2022-04-30 0:40,65,78,-13
2022-04-30 0:41,64,78,-14
2022-04-30 0:42,64,78,-14
2022-04-30 0:43,63,78,-15
2022-04-30 0:44,62,78,-16
2022-04-30 0:45,61,78,-17
2022-04-30 0:46,61,79,-18
2022-04-30 0:47,60,79,-19
2022-04-30 0:48,59,79,-20
2022-04-30 0:49,59,79,-20
2022-04-30 0:50,59,79,-20
2022-04-30 0:51,58,80,-22
2022-04-30 0:52,58,80,-22
2022-04-30 0:53,57,80,-23
2022-04-30 0:54,57,81,-24
2022-04-30 0:55,57,81,-24
2022-04-30 0:56,57,81,-24
2022-04-30 0:57,57,82,-25
2022-04-30 0:58,57,82,-25
2022-04-30 0:59,57,83,-26
2022-04-30 1:00,57,83,-26
2022-04-30 1:01,57,84,-27
2022-04-30 1:02,58,84,-26
2022-04-30 1:03,59,85,-26
2022-04-30 1:04,60,85,-25
2022-04-30 1:05,61,86,-25
2022-04-30 1:06,62,86,-24
2022-04-30 1:07,64,87,-23
2022-04-30 1:08,66,87,-21
2022-04-30 1:09,69,88,-19
2022-04-30 1:10,71,89,-18
2022-04-30 1:11,73,89,-16
2022-04-30 1:12,76,90,-14
2022-04-30 1:13,78,91,-13
2022-04-30 1:14,80,91,-11
2022-04-30 1:15,83,92,-9
2022-04-30 1:16,85,93,-8
2022-04-30 1:17,87,94,-7
2022-04-30 1:18,89,94,-5
2022-04-30 1:19,90,95,-5
2022-04-30 1:20,92,96,-4
2022-04-30 1:21,93,97,-4
2022-04-30 1:22,95,98,-3
2022-04-30 1:23,96,99,-3
2022-04-30 1:24,97,100,-3
2022-04-30 1:25,99,101,-2
2022-04-30 1:26,100,102,-2
2022-04-30 1:27,102,103,-1
2022-04-30 1:28,103,104,-1
2022-04-30 1:29,105,105,0
2022-04-30 1:30,106,106,0
2022-04-30 1:31,107,107,0
2022-04-30 1:32,109,108,1
2022-04-30 1:33,110,109,1
2022-04-30 1:34,111,110,1
2022-04-30 1:35,113,111,2
2022-04-30 1:36,114,112,2
2022-04-30 1:37,115,114,1
2022-04-30 1:38,117,115,2
2022-04-30 1:39,118,116,2
2022-04-30 1:40,120,117,3
2022-04-30 1:41,121,119,2
2022-04-30 1:42,123,120,3
2022-04-30 1:43,124,121,3
2022-04-30 1:44,126,123,3
2022-04-30 1:45,127,124,3
2022-04-30 1:46,128,125,3
2022-04-30 1:47,129,127,2
2022-04-30 1:48,130,128,2
2022-04-30 1:49,132,130,2
2022-04-30 1:50,133,131,2
2022-04-30 1:51,134,133,1
2022-04-30 1:52,135,134,1
2022-04-30 1:53,137,136,1
2022-04-30 1:54,138,137,1
2022-04-30 1:55,138,139,-1
2022-04-30 1:56,140,140,0
2022-04-30 1:57,142,142,0
2022-04-30 1:58,144,144,0
2022-04-30 1:59,145,145,0
2022-04-30 2:00,147,147,0
2022-04-30 2:01,148,149,-1
2022-04-30 2:02,150,150,0
2022-04-30 2:03,151,152,-1
2022-04-30 2:04,153,154,-1
2022-04-30 2:05,154,156,-2
2022-04-30 2:06,156,158,-2
2022-04-30 2:07,158,159,-1
2022-04-30 2:08,160,161,-1
2022-04-30 2:09,162,163,-1
2022-04-30 2:10,163,165,-2
2022-04-30 2:11,165,167,-2
2022-04-30 2:12,166,169,-3
2022-04-30 2:13,168,171,-3
2022-04-30 2:14,170,173,-3
2022-04-30 2:15,172,175,-3
2022-04-30 2:16,174,177,-3
2022-04-30 2:17,176,179,-3
2022-04-30 2:18,178,181,-3
2022-04-30 2:19,180,183,-3
2022-04-30 2:20,182,185,-3
2022-04-30 2:21,184,187,-3
2022-04-30 2:22,186,189,-3
2022-04-30 2:23,188,192,-4
2022-04-30 2:24,190,194,-4
2022-04-30 2:25,193,196,-3
2022-04-30 2:26,195,198,-3
2022-04-30 2:27,198,201,-3
2022-04-30 2:28,200,203,-3
2022-04-30 2:29,203,205,-2
2022-04-30 2:30,205,207,-2
2022-04-30 2:31,208,210,-2
2022-04-30 2:32,210,212,-2
2022-04-30 2:33,213,215,-2
2022-04-30 2:34,216,217,-1
2022-04-30 2:35,219,219,0
2022-04-30 2:36,222,222,0
2022-04-30 2:37,225,224,1
2022-04-30 2:38,227,227,0
2022-04-30 2:39,231,229,2
2022-04-30 2:40,234,232,2
2022-04-30 2:41,237,234,3
2022-04-30 2:42,240,237,3
2022-04-30 2:43,243,239,4
2022-04-30 2:44,246,242,4
2022-04-30 2:45,249,245,4
2022-04-30 2:46,252,247,5
2022-04-30 2:47,255,250,5
2022-04-30 2:48,258,252,6
2022-04-30 2:49,261,255,6
2022-04-30 2:50,264,258,6
2022-04-30 2:51,267,260,7
2022-04-30 2:52,270,263,7
2022-04-30 2:53,273,266,7
2022-04-30 2:54,276,269,7
2022-04-30 2:55,279,271,8
2022-04-30 2:56,282,274,8
2022-04-30 2:57,285,277,8
2022-04-30 2:58,288,280,8
2022-04-30 2:59,291,283,8
2022-04-30 3:00,294,286,8
2022-04-30 3:01,296,288,8
2022-04-30 3:02,299,291,8
2022-04-30 3:03,302,294,8
2022-04-30 3:04,305,297,8
2022-04-30 3:05,307,300,7
2022-04-30 3:06,310,303,7
2022-04-30 3:07,313,306,7
2022-04-30 3:08,316,309,7
2022-04-30 3:09,319,312,7
2022-04-30 3:10,321,315,6
2022-04-30 3:11,324,318,6
2022-04-30 3:12,327,321,6
2022-04-30 3:13,330,324,6
2022-04-30 3:14,333,327,6
2022-04-30 3:15,335,330,5
2022-04-30 3:16,338,333,5
2022-04-30 3:17,341,336,5
2022-04-30 3:18,344,339,5
2022-04-30 3:19,344,342,2
2022-04-30 3:20,348,345,3
2022-04-30 3:21,352,348,4
2022-04-30 3:22,355,351,4
2022-04-30 3:23,357,354,3
2022-04-30 3:24,360,357,3
2022-04-30 3:25,363,360,3
2022-04-30 3:26,366,363,3
2022-04-30 3:27,369,367,2
2022-04-30 3:28,372,370,2
2022-04-30 3:29,374,373,1
2022-04-30 3:30,376,376,0
2022-04-30 3:31,379,379,0
2022-04-30 3:32,382,382,0
2022-04-30 3:33,385,385,0
2022-04-30 3:34,388,389,-1
2022-04-30 3:35,390,392,-2
2022-04-30 3:36,393,395,-2
2022-04-30 3:37,395,398,-3
2022-04-30 3:38,398,401,-3
2022-04-30 3:39,401,404,-3
2022-04-30 3:40,404,407,-3
2022-04-30 3:41,406,411,-5
2022-04-30 3:42,409,414,-5
2022-04-30 3:43,412,417,-5
2022-04-30 3:44,414,420,-6
2022-04-30 3:45,417,423,-6
2022-04-30 3:46,420,426,-6
2022-04-30 3:47,423,429,-6
2022-04-30 3:48,426,433,-7
2022-04-30 3:49,428,436,-8
2022-04-30 3:50,431,439,-8
2022-04-30 3:51,433,442,-9
2022-04-30 3:52,436,445,-9
2022-04-30 3:53,439,448,-9
2022-04-30 3:54,442,451,-9
2022-04-30 3:55,444,454,-10
2022-04-30 3:56,446,457,-11
2022-04-30 3:57,449,460,-11
2022-04-30 3:58,452,463,-11
2022-04-30 3:59,454,467,-13
2022-04-30 4:00,457,470,-13
2022-04-30 4:01,459,473,-14
2022-04-30 4:02,462,476,-14
2022-04-30 4:03,464,479,-15
2022-04-30 4:04,467,482,-15
2022-04-30 4:05,469,485,-16
2022-04-30 4:06,472,488,-16
2022-04-30 4:07,474,491,-17
2022-04-30 4:08,477,494,-17
2022-04-30 4:09,480,497,-17
2022-04-30 4:10,482,499,-17
2022-04-30 4:11,484,502,-18
2022-04-30 4:12,487,505,-18
2022-04-30 4:13,489,508,-19
2022-04-30 4:14,492,511,-19
2022-04-30 4:15,495,514,-19
2022-04-30 4:16,498,517,-19
2022-04-30 4:17,501,520,-19
2022-04-30 4:18,503,522,-19
2022-04-30 4:19,506,525,-19
2022-04-30 4:20,508,528,-20
2022-04-30 4:21,511,531,-20
2022-04-30 4:22,514,533,-19
2022-04-30 4:23,517,536,-19
2022-04-30 4:24,520,539,-19
2022-04-30 4:25,522,541,-19
2022-04-30 4:26,524,544,-20
2022-04-30 4:27,527,547,-20
2022-04-30 4:28,530,549,-19
2022-04-30 4:29,533,552,-19
2022-04-30 4:30,535,554,-19
2022-04-30 4:31,538,557,-19
2022-04-30 4:32,540,559,-19
2022-04-30 4:33,543,562,-19
2022-04-30 4:34,545,564,-19
2022-04-30 4:35,547,567,-20
2022-04-30 4:36,550,569,-19
2022-04-30 4:37,552,572,-20
2022-04-30 4:38,555,574,-19
2022-04-30 4:39,557,576,-19
2022-04-30 4:40,559,579,-20
2022-04-30 4:41,562,581,-19
2022-04-30 4:42,564,583,-19
2022-04-30 4:43,566,585,-19
2022-04-30 4:44,569,587,-18
2022-04-30 4:45,571,590,-19
2022-04-30 4:46,573,592,-19
2022-04-30 4:47,575,594,-19
2022-04-30 4:48,577,596,-19
2022-04-30 4:49,579,598,-19
2022-04-30 4:50,581,600,-19
2022-04-30 4:51,583,602,-19
2022-04-30 4:52,586,604,-18
2022-04-30 4:53,588,606,-18
2022-04-30 4:54,591,608,-17
2022-04-30 4:55,593,610,-17
2022-04-30 4:56,595,611,-16
2022-04-30 4:57,597,613,-16
2022-04-30 4:58,599,615,-16
2022-04-30 4:59,601,617,-16
2022-04-30 5:00,604,618,-14
2022-04-30 5:01,606,620,-14
2022-04-30 5:02,608,622,-14
2022-04-30 5:03,610,623,-13
2022-04-30 5:04,612,625,-13
2022-04-30 5:05,614,626,-12
2022-04-30 5:06,615,628,-13
2022-04-30 5:07,617,629,-12
2022-04-30 5:08,618,631,-13
2022-04-30 5:09,620,632,-12
2022-04-30 5:10,621,633,-12
2022-04-30 5:11,623,635,-12
2022-04-30 5:12,624,636,-12
2022-04-30 5:13,626,637,-11
2022-04-30 5:14,627,638,-11
2022-04-30 5:15,629,639,-10
2022-04-30 5:16,630,641,-11
2022-04-30 5:17,632,642,-10
2022-04-30 5:18,633,643,-10
2022-04-30 5:19,634,644,-10
2022-04-30 5:20,635,645,-10
2022-04-30 5:21,636,646,-10
2022-04-30 5:22,638,647,-9
2022-04-30 5:23,639,648,-9
2022-04-30 5:24,639,648,-9
2022-04-30 5:25,641,649,-8
2022-04-30 5:26,641,650,-9
2022-04-30 5:27,642,651,-9
2022-04-30 5:28,643,651,-8
2022-04-30 5:29,644,652,-8
2022-04-30 5:30,645,653,-8
2022-04-30 5:31,646,653,-7
2022-04-30 5:32,647,654,-7
2022-04-30 5:33,648,654,-6
2022-04-30 5:34,648,655,-7
2022-04-30 5:35,649,655,-6
2022-04-30 5:36,649,656,-7
2022-04-30 5:37,650,656,-6
2022-04-30 5:38,651,656,-5
2022-04-30 5:39,651,657,-6
2022-04-30 5:40,652,657,-5
2022-04-30 5:41,652,657,-5
2022-04-30 5:42,652,657,-5
2022-04-30 5:43,653,657,-4
2022-04-30 5:44,654,658,-4
2022-04-30 5:45,654,658,-4
2022-04-30 5:46,654,658,-4
2022-04-30 5:47,654,658,-4
2022-04-30 5:48,654,658,-4
2022-04-30 5:49,655,658,-3
2022-04-30 5:50,655,658,-3
2022-04-30 5:51,655,657,-2
2022-04-30 5:52,655,657,-2
2022-04-30 5:53,655,657,-2
2022-04-30 5:54,655,657,-2
2022-04-30 5:55,655,657,-2
2022-04-30 5:56,655,656,-1
2022-04-30 5:57,655,656,-1
2022-04-30 5:58,655,656,-1
2022-04-30 5:59,654,655,-1
2022-04-30 6:00,654,655,-1
2022-04-30 6:01,654,654,0
2022-04-30 6:02,653,654,-1
2022-04-30 6:03,653,653,0
2022-04-30 6:04,652,653,-1
2022-04-30 6:05,652,652,0
2022-04-30 6:06,651,652,-1
2022-04-30 6:07,-,651,-
2022-04-30 6:08,650,650,0
2022-04-30 6:09,650,650,0
2022-04-30 6:10,649,649,0
2022-04-30 6:11,648,648,0
2022-04-30 6:12,648,647,1
2022-04-30 6:13,646,647,-1
2022-04-30 6:14,645,646,-1
2022-04-30 6:15,644,645,-1
2022-04-30 6:16,643,644,-1
2022-04-30 6:17,642,643,-1
2022-04-30 6:18,641,642,-1
2022-04-30 6:19,640,641,-1
2022-04-30 6:20,639,640,-1
2022-04-30 6:21,638,639,-1
2022-04-30 6:22,637,638,-1
2022-04-30 6:23,636,637,-1
2022-04-30 6:24,635,636,-1
2022-04-30 6:25,634,635,-1
2022-04-30 6:26,633,634,-1
2022-04-30 6:27,632,632,0
2022-04-30 6:28,631,631,0
2022-04-30 6:29,629,630,-1
2022-04-30 6:30,628,629,-1
2022-04-30 6:31,627,628,-1
2022-04-30 6:32,625,626,-1
2022-04-30 6:33,624,625,-1
2022-04-30 6:34,622,624,-2
2022-04-30 6:35,621,622,-1
2022-04-30 6:36,620,621,-1
2022-04-30 6:37,618,620,-2
2022-04-30 6:38,617,618,-1
2022-04-30 6:39,616,617,-1
2022-04-30 6:40,614,615,-1
2022-04-30 6:41,613,614,-1
2022-04-30 6:42,612,612,0
2022-04-30 6:43,610,611,-1
2022-04-30 6:44,609,609,0
2022-04-30 6:45,607,608,-1
2022-04-30 6:46,605,606,-1
2022-04-30 6:47,603,605,-2
2022-04-30 6:48,601,603,-2
2022-04-30 6:49,600,602,-2
2022-04-30 6:50,598,600,-2
2022-04-30 6:51,596,599,-3
2022-04-30 6:52,594,597,-3
2022-04-30 6:53,593,595,-2
2022-04-30 6:54,591,594,-3
2022-04-30 6:55,589,592,-3
2022-04-30 6:56,587,590,-3
2022-04-30 6:57,585,589,-4
2022-04-30 6:58,583,587,-4
2022-04-30 6:59,581,585,-4
2022-04-30 7:00,580,584,-4
2022-04-30 7:01,578,582,-4
2022-04-30 7:02,576,580,-4
2022-04-30 7:03,575,578,-3
2022-04-30 7:04,573,577,-4
2022-04-30 7:05,571,575,-4
2022-04-30 7:06,570,573,-3
2022-04-30 7:07,568,571,-3
2022-04-30 7:08,566,570,-4
2022-04-30 7:09,565,568,-3
2022-04-30 7:10,563,566,-3
2022-04-30 7:11,562,564,-2
2022-04-30 7:12,560,563,-3
2022-04-30 7:13,559,561,-2
2022-04-30 7:14,557,559,-2
2022-04-30 7:15,555,557,-2
2022-04-30 7:16,554,555,-1
2022-04-30 7:17,551,554,-3
2022-04-30 7:18,549,552,-3
2022-04-30 7:19,547,550,-3
2022-04-30 7:20,546,548,-2
2022-04-30 7:21,544,546,-2
2022-04-30 7:22,543,544,-1
2022-04-30 7:23,541,543,-2
2022-04-30 7:24,539,541,-2
2022-04-30 7:25,538,539,-1
2022-04-30 7:26,536,537,-1
2022-04-30 7:27,534,535,-1
2022-04-30 7:28,532,533,-1
2022-04-30 7:29,530,532,-2
2022-04-30 7:30,528,530,-2
2022-04-30 7:31,527,528,-1
2022-04-30 7:32,525,526,-1
2022-04-30 7:33,523,524,-1
2022-04-30 7:34,522,522,0
2022-04-30 7:35,520,521,-1
2022-04-30 7:36,518,519,-1
2022-04-30 7:37,516,517,-1
2022-04-30 7:38,514,515,-1
2022-04-30 7:39,513,513,0
2022-04-30 7:40,511,511,0
2022-04-30 7:41,509,510,-1
2022-04-30 7:42,507,508,-1
2022-04-30 7:43,505,506,-1
2022-04-30 7:44,505,504,1
2022-04-30 7:45,503,502,1
2022-04-30 7:46,500,501,-1
2022-04-30 7:47,498,499,-1
2022-04-30 7:48,496,497,-1
2022-04-30 7:49,495,495,0
2022-04-30 7:50,493,493,0
2022-04-30 7:51,491,492,-1
2022-04-30 7:52,490,490,0
2022-04-30 7:53,488,488,0
2022-04-30 7:54,486,486,0
2022-04-30 7:55,485,485,0
2022-04-30 7:56,483,483,0
2022-04-30 7:57,481,481,0
2022-04-30 7:58,480,479,1
2022-04-30 7:59,478,478,0
2022-04-30 8:00,476,476,0
2022-04-30 8:01,474,474,0
2022-04-30 8:02,473,472,1
2022-04-30 8:03,471,471,0
2022-04-30 8:04,469,469,0
2022-04-30 8:05,467,467,0
2022-04-30 8:06,466,466,0
2022-04-30 8:07,464,464,0
2022-04-30 8:08,463,462,1
2022-04-30 8:09,461,460,1
2022-04-30 8:10,459,459,0
2022-04-30 8:11,457,457,0
2022-04-30 8:12,456,455,1
2022-04-30 8:13,454,454,0
2022-04-30 8:14,452,452,0
2022-04-30 8:15,450,450,0
2022-04-30 8:16,449,449,0
2022-04-30 8:17,447,447,0
2022-04-30 8:18,445,445,0
2022-04-30 8:19,444,444,0
2022-04-30 8:20,442,442,0
2022-04-30 8:21,440,441,-1
2022-04-30 8:22,438,439,-1
2022-04-30 8:23,436,437,-1
2022-04-30 8:24,434,436,-2
2022-04-30 8:25,433,434,-1
2022-04-30 8:26,431,433,-2
2022-04-30 8:27,430,431,-1
2022-04-30 8:28,428,429,-1
2022-04-30 8:29,427,428,-1
2022-04-30 8:30,425,426,-1
2022-04-30 8:31,424,425,-1
2022-04-30 8:32,422,423,-1
2022-04-30 8:33,420,422,-2
2022-04-30 8:34,419,420,-1
2022-04-30 8:35,417,418,-1
2022-04-30 8:36,415,417,-2
2022-04-30 8:37,414,415,-1
2022-04-30 8:38,412,414,-2
2022-04-30 8:39,411,412,-1
2022-04-30 8:40,409,411,-2
2022-04-30 8:41,408,409,-1
2022-04-30 8:42,406,408,-2
2022-04-30 8:43,405,406,-1
2022-04-30 8:44,403,405,-2
2022-04-30 8:45,401,403,-2
2022-04-30 8:46,400,402,-2
2022-04-30 8:47,398,400,-2
2022-04-30 8:48,396,399,-3
2022-04-30 8:49,395,397,-2
2022-04-30 8:50,393,396,-3
2022-04-30 8:51,391,394,-3
2022-04-30 8:52,390,393,-3
2022-04-30 8:53,388,391,-3
2022-04-30 8:54,387,390,-3
2022-04-30 8:55,385,388,-3
2022-04-30 8:56,384,387,-3
2022-04-30 8:57,382,385,-3
2022-04-30 8:58,380,384,-4
2022-04-30 8:59,378,382,-4
2022-04-30 9:00,377,381,-4
2022-04-30 9:01,375,379,-4
2022-04-30 9:02,374,378,-4
2022-04-30 9:03,372,377,-5
2022-04-30 9:04,371,375,-4
2022-04-30 9:05,369,374,-5
2022-04-30 9:06,368,372,-4
2022-04-30 9:07,367,371,-4
2022-04-30 9:08,365,369,-4
2022-04-30 9:09,364,368,-4
2022-04-30 9:10,362,366,-4
2022-04-30 9:11,360,365,-5
2022-04-30 9:12,359,363,-4
2022-04-30 9:13,357,362,-5
2022-04-30 9:14,356,361,-5
2022-04-30 9:15,354,359,-5
2022-04-30 9:16,353,358,-5
2022-04-30 9:17,352,356,-4
2022-04-30 9:18,350,355,-5
2022-04-30 9:19,349,353,-4
2022-04-30 9:20,347,352,-5
2022-04-30 9:21,345,350,-5
2022-04-30 9:22,344,349,-5
2022-04-30 9:23,343,348,-5
2022-04-30 9:24,343,346,-3
2022-04-30 9:25,340,345,-5
2022-04-30 9:26,338,343,-5
2022-04-30 9:27,338,342,-4
2022-04-30 9:28,336,340,-4
2022-04-30 9:29,334,339,-5
2022-04-30 9:30,333,337,-4
2022-04-30 9:31,331,336,-5
2022-04-30 9:32,330,334,-4
2022-04-30 9:33,330,333,-3
2022-04-30 9:34,327,331,-4
2022-04-30 9:35,325,330,-5
2022-04-30 9:36,323,329,-6
2022-04-30 9:37,322,327,-5
2022-04-30 9:38,321,326,-5
2022-04-30 9:39,319,324,-5
2022-04-30 9:40,318,323,-5
2022-04-30 9:41,316,321,-5
2022-04-30 9:42,315,320,-5
2022-04-30 9:43,314,318,-4
2022-04-30 9:44,312,317,-5
2022-04-30 9:45,311,315,-4
2022-04-30 9:46,309,314,-5
2022-04-30 9:47,308,312,-4
2022-04-30 9:48,307,311,-4
2022-04-30 9:49,305,309,-4
2022-04-30 9:50,303,308,-5
2022-04-30 9:51,302,306,-4
2022-04-30 9:52,301,305,-4
2022-04-30 9:53,300,303,-3
2022-04-30 9:54,298,302,-4
2022-04-30 9:55,297,300,-3
2022-04-30 9:56,296,299,-3
2022-04-30 9:57,294,297,-3
2022-04-30 9:58,294,296,-2
2022-04-30 9:59,292,294,-2
2022-04-30 10:00,290,293,-3
2022-04-30 10:01,289,291,-2
2022-04-30 10:02,287,290,-3
2022-04-30 10:03,286,288,-2
2022-04-30 10:04,284,287,-3
2022-04-30 10:05,283,285,-2
2022-04-30 10:06,281,284,-3
2022-04-30 10:07,280,282,-2
2022-04-30 10:08,279,281,-2
2022-04-30 10:09,278,279,-1
2022-04-30 10:10,276,278,-2
2022-04-30 10:11,275,276,-1
2022-04-30 10:12,274,274,0
2022-04-30 10:13,273,273,0
2022-04-30 10:14,271,271,0
2022-04-30 10:15,270,270,0
2022-04-30 10:16,268,268,0
2022-04-30 10:17,267,267,0
2022-04-30 10:18,267,265,2
2022-04-30 10:19,265,264,1
2022-04-30 10:20,263,262,1
2022-04-30 10:21,262,261,1
2022-04-30 10:22,261,259,2
2022-04-30 10:23,260,257,3
2022-04-30 10:24,258,256,2
2022-04-30 10:25,258,254,4
2022-04-30 10:26,256,253,3
2022-04-30 10:27,255,251,4
2022-04-30 10:28,253,250,3
2022-04-30 10:29,251,248,3
2022-04-30 10:30,250,247,3
2022-04-30 10:31,249,245,4
2022-04-30 10:32,248,243,5
2022-04-30 10:33,246,242,4
2022-04-30 10:34,245,240,5
2022-04-30 10:35,244,239,5
2022-04-30 10:36,243,237,6
2022-04-30 10:37,241,236,5
2022-04-30 10:38,240,234,6
2022-04-30 10:39,240,233,7
2022-04-30 10:40,239,231,8
2022-04-30 10:41,237,229,8
2022-04-30 10:42,235,228,7
2022-04-30 10:43,234,226,8
2022-04-30 10:44,233,225,8
2022-04-30 10:45,231,223,8
2022-04-30 10:46,230,222,8
2022-04-30 10:47,229,220,9
2022-04-30 10:48,228,219,9
2022-04-30 10:49,227,217,10
2022-04-30 10:50,225,216,9
2022-04-30 10:51,224,214,10
2022-04-30 10:52,224,213,11
2022-04-30 10:53,224,211,13
2022-04-30 10:54,222,210,12
2022-04-30 10:55,220,208,12
2022-04-30 10:56,219,207,12
2022-04-30 10:57,217,205,12
2022-04-30 10:58,216,204,12
2022-04-30 10:59,215,202,13
2022-04-30 11:00,213,201,12
2022-04-30 11:01,212,199,13
2022-04-30 11:02,211,198,13
2022-04-30 11:03,210,196,14
2022-04-30 11:04,208,195,13
2022-04-30 11:05,208,193,15
2022-04-30 11:06,206,192,14
2022-04-30 11:07,205,190,15
2022-04-30 11:08,204,189,15
2022-04-30 11:09,204,187,17
2022-04-30 11:10,203,186,17
2022-04-30 11:11,201,185,16
2022-04-30 11:12,200,183,17
2022-04-30 11:13,200,182,18
2022-04-30 11:14,198,180,18
2022-04-30 11:15,196,179,17
2022-04-30 11:16,195,178,17
2022-04-30 11:17,194,176,18
2022-04-30 11:18,193,175,18
2022-04-30 11:19,191,173,18
2022-04-30 11:20,190,172,18
2022-04-30 11:21,189,171,18
2022-04-30 11:22,188,169,19
2022-04-30 11:23,187,168,19
2022-04-30 11:24,186,167,19
2022-04-30 11:25,185,165,20
2022-04-30 11:26,184,164,20
2022-04-30 11:27,183,163,20
2022-04-30 11:28,182,161,21
2022-04-30 11:29,181,160,21
2022-04-30 11:30,179,159,20
2022-04-30 11:31,178,158,20
2022-04-30 11:32,177,156,21
2022-04-30 11:33,176,155,21
2022-04-30 11:34,175,154,21
2022-04-30 11:35,173,153,20
2022-04-30 11:36,172,151,21
2022-04-30 11:37,171,150,21
2022-04-30 11:38,170,149,21
2022-04-30 11:39,169,148,21
2022-04-30 11:40,168,147,21
2022-04-30 11:41,167,145,22
2022-04-30 11:42,166,144,22
2022-04-30 11:43,165,143,22
2022-04-30 11:44,164,142,22
2022-04-30 11:45,163,141,22
2022-04-30 11:46,161,140,21
2022-04-30 11:47,160,139,21
2022-04-30 11:48,159,138,21
2022-04-30 11:49,158,137,21
2022-04-30 11:50,157,136,21
2022-04-30 11:51,155,134,21
2022-04-30 11:52,155,133,22
2022-04-30 11:53,154,132,22
2022-04-30 11:54,154,131,23
2022-04-30 11:55,152,130,22
2022-04-30 11:56,150,129,21
2022-04-30 11:57,150,128,22
2022-04-30 11:58,148,128,20
2022-04-30 11:59,147,127,20
2022-04-30 12:00,146,126,20
2022-04-30 12:01,145,125,20
2022-04-30 12:02,144,124,20
2022-04-30 12:03,143,123,20
2022-04-30 12:04,142,122,20
2022-04-30 12:05,141,121,20
2022-04-30 12:06,141,120,21
2022-04-30 12:07,139,120,19
2022-04-30 12:08,137,119,18
2022-04-30 12:09,136,118,18
2022-04-30 12:10,135,117,18
2022-04-30 12:11,134,116,18
2022-04-30 12:12,133,116,17
2022-04-30 12:13,132,115,17
2022-04-30 12:14,131,114,17
2022-04-30 12:15,130,113,17
2022-04-30 12:16,129,113,16
2022-04-30 12:17,129,112,17
2022-04-30 12:18,127,111,16
2022-04-30 12:19,127,111,16
2022-04-30 12:20,125,110,15
2022-04-30 12:21,125,109,16
2022-04-30 12:22,124,109,15
2022-04-30 12:23,122,108,14
2022-04-30 12:24,122,108,14
2022-04-30 12:25,121,107,14
2022-04-30 12:26,120,106,14
2022-04-30 12:27,118,106,12
2022-04-30 12:28,117,105,12
2022-04-30 12:29,116,105,11
2022-04-30 12:30,115,104,11
2022-04-30 12:31,114,104,10
2022-04-30 12:32,114,103,11
2022-04-30 12:33,112,103,9
2022-04-30 12:34,111,103,8
2022-04-30 12:35,111,102,9
2022-04-30 12:36,110,102,8
2022-04-30 12:37,109,101,8
2022-04-30 12:38,108,101,7
2022-04-30 12:39,107,101,6
2022-04-30 12:40,106,100,6
2022-04-30 12:41,105,100,5
2022-04-30 12:42,104,100,4
2022-04-30 12:43,103,99,4
2022-04-30 12:44,102,99,3
2022-04-30 12:45,100,99,1
2022-04-30 12:46,100,99,1
2022-04-30 12:47,99,99,0
2022-04-30 12:48,98,98,0
2022-04-30 12:49,98,98,0
2022-04-30 12:50,97,98,-1
2022-04-30 12:51,96,98,-2
2022-04-30 12:52,95,98,-3
2022-04-30 12:53,94,98,-4
2022-04-30 12:54,94,98,-4
2022-04-30 12:55,93,97,-4
2022-04-30 12:56,92,97,-5
2022-04-30 12:57,91,97,-6
2022-04-30 12:58,90,97,-7
2022-04-30 12:59,90,97,-7
2022-04-30 13:00,89,97,-8
2022-04-30 13:01,88,97,-9
2022-04-30 13:02,88,97,-9
2022-04-30 13:03,88,97,-9
2022-04-30 13:04,87,98,-11
2022-04-30 13:05,87,98,-11
2022-04-30 13:06,85,98,-13
2022-04-30 13:07,84,98,-14
2022-04-30 13:08,83,98,-15
2022-04-30 13:09,82,98,-16
2022-04-30 13:10,82,98,-16
2022-04-30 13:11,81,99,-18
2022-04-30 13:12,81,99,-18
2022-04-30 13:13,80,99,-19
2022-04-30 13:14,80,99,-19
2022-04-30 13:15,80,100,-20
2022-04-30 13:16,79,100,-21
2022-04-30 13:17,79,100,-21
2022-04-30 13:18,79,101,-22
2022-04-30 13:19,79,101,-22
2022-04-30 13:20,79,101,-22
2022-04-30 13:21,79,102,-23
2022-04-30 13:22,79,102,-23
2022-04-30 13:23,80,102,-22
2022-04-30 13:24,80,103,-23
2022-04-30 13:25,81,103,-22
2022-04-30 13:26,81,104,-23
2022-04-30 13:27,82,104,-22
2022-04-30 13:28,83,105,-22
2022-04-30 13:29,85,105,-20
2022-04-30 13:30,86,106,-20
2022-04-30 13:31,88,107,-19
2022-04-30 13:32,90,107,-17
2022-04-30 13:33,92,108,-16
2022-04-30 13:34,94,108,-14
2022-04-30 13:35,96,109,-13
2022-04-30 13:36,98,110,-12
2022-04-30 13:37,100,110,-10
2022-04-30 13:38,102,111,-9
2022-04-30 13:39,105,112,-7
2022-04-30 13:40,107,113,-6
2022-04-30 13:41,109,113,-4
2022-04-30 13:42,111,114,-3
2022-04-30 13:43,113,115,-2
2022-04-30 13:44,114,116,-2
2022-04-30 13:45,116,117,-1
2022-04-30 13:46,117,117,0
2022-04-30 13:47,119,118,1
2022-04-30 13:48,121,119,2
2022-04-30 13:49,123,120,3
2022-04-30 13:50,125,121,4
2022-04-30 13:51,126,122,4
2022-04-30 13:52,128,123,5
2022-04-30 13:53,129,124,5
2022-04-30 13:54,131,125,6
2022-04-30 13:55,132,126,6
2022-04-30 13:56,134,127,7
2022-04-30 13:57,135,128,7
2022-04-30 13:58,137,129,8
2022-04-30 13:59,138,130,8
2022-04-30 14:00,140,132,8
2022-04-30 14:01,141,133,8
2022-04-30 14:02,143,134,9
2022-04-30 14:03,144,135,9
2022-04-30 14:04,145,136,9
2022-04-30 14:05,146,138,8
2022-04-30 14:06,148,139,9
2022-04-30 14:07,149,140,9
2022-04-30 14:08,150,142,8
2022-04-30 14:09,151,143,8
2022-04-30 14:10,152,144,8
2022-04-30 14:11,153,146,7
2022-04-30 14:12,155,147,8
2022-04-30 14:13,156,148,8
2022-04-30 14:14,157,150,7
2022-04-30 14:15,158,151,7
2022-04-30 14:16,159,153,6
2022-04-30 14:17,161,154,7
2022-04-30 14:18,162,156,6
2022-04-30 14:19,163,157,6
2022-04-30 14:20,165,159,6
2022-04-30 14:21,166,160,6
2022-04-30 14:22,167,162,5
2022-04-30 14:23,168,164,4
2022-04-30 14:24,169,165,4
2022-04-30 14:25,171,167,4
2022-04-30 14:26,172,169,3
2022-04-30 14:27,174,170,4
2022-04-30 14:28,175,172,3
2022-04-30 14:29,176,174,2
2022-04-30 14:30,178,176,2
2022-04-30 14:31,180,177,3
2022-04-30 14:32,181,179,2
2022-04-30 14:33,183,181,2
2022-04-30 14:34,183,183,0
2022-04-30 14:35,185,185,0
2022-04-30 14:36,187,187,0
2022-04-30 14:37,189,189,0
2022-04-30 14:38,190,191,-1
2022-04-30 14:39,192,193,-1
2022-04-30 14:40,194,195,-1
2022-04-30 14:41,196,197,-1
2022-04-30 14:42,198,199,-1
2022-04-30 14:43,200,201,-1
2022-04-30 14:44,201,203,-2
2022-04-30 14:45,203,205,-2
2022-04-30 14:46,205,207,-2
2022-04-30 14:47,207,209,-2
2022-04-30 14:48,209,211,-2
2022-04-30 14:49,211,213,-2
2022-04-30 14:50,214,215,-1
2022-04-30 14:51,216,218,-2
2022-04-30 14:52,219,220,-1
2022-04-30 14:53,221,222,-1
2022-04-30 14:54,223,224,-1
2022-04-30 14:55,226,227,-1
2022-04-30 14:56,228,229,-1
2022-04-30 14:57,231,231,0
2022-04-30 14:58,234,234,0
2022-04-30 14:59,236,236,0
2022-04-30 15:00,239,238,1
2022-04-30 15:01,241,241,0
2022-04-30 15:02,241,243,-2
2022-04-30 15:03,245,246,-1
2022-04-30 15:04,249,248,1
2022-04-30 15:05,252,250,2
2022-04-30 15:06,255,253,2
2022-04-30 15:07,258,255,3
2022-04-30 15:08,261,258,3
2022-04-30 15:09,263,260,3
2022-04-30 15:10,263,263,0
2022-04-30 15:11,268,266,2
2022-04-30 15:12,272,268,4
2022-04-30 15:13,275,271,4
2022-04-30 15:14,278,273,5
2022-04-30 15:15,281,276,5
2022-04-30 15:16,283,279,4
2022-04-30 15:17,283,281,2
2022-04-30 15:18,283,284,-1
2022-04-30 15:19,289,287,2
2022-04-30 15:20,289,289,0
2022-04-30 15:21,296,292,4
2022-04-30 15:22,300,295,5
2022-04-30 15:23,303,298,5
2022-04-30 15:24,306,300,6
2022-04-30 15:25,308,303,5
2022-04-30 15:26,311,306,5
2022-04-30 15:27,314,309,5
2022-04-30 15:28,316,311,5
2022-04-30 15:29,318,314,4
2022-04-30 15:30,321,317,4
2022-04-30 15:31,324,320,4
2022-04-30 15:32,326,323,3
2022-04-30 15:33,329,326,3
2022-04-30 15:34,332,329,3
2022-04-30 15:35,334,331,3
2022-04-30 15:36,337,334,3
2022-04-30 15:37,337,337,0
2022-04-30 15:38,341,340,1
2022-04-30 15:39,345,343,2
2022-04-30 15:40,347,346,1
2022-04-30 15:41,350,349,1
2022-04-30 15:42,353,352,1
2022-04-30 15:43,355,355,0
2022-04-30 15:44,358,358,0
2022-04-30 15:45,360,361,-1
2022-04-30 15:46,363,364,-1
2022-04-30 15:47,366,367,-1
2022-04-30 15:48,368,370,-2
2022-04-30 15:49,371,373,-2
2022-04-30 15:50,371,376,-5
2022-04-30 15:51,374,379,-5
2022-04-30 15:52,378,382,-4
2022-04-30 15:53,381,385,-4
2022-04-30 15:54,383,388,-5
2022-04-30 15:55,386,391,-5
2022-04-30 15:56,388,394,-6
2022-04-30 15:57,391,397,-6
2022-04-30 15:58,393,400,-7
2022-04-30 15:59,395,403,-8
2022-04-30 16:00,398,406,-8
2022-04-30 16:01,401,409,-8
2022-04-30 16:02,404,412,-8
2022-04-30 16:03,406,415,-9
2022-04-30 16:04,408,418,-10
2022-04-30 16:05,410,421,-11
2022-04-30 16:06,413,424,-11
2022-04-30 16:07,415,427,-12
2022-04-30 16:08,418,430,-12
2022-04-30 16:09,420,433,-13
2022-04-30 16:10,423,436,-13
2022-04-30 16:11,425,439,-14
2022-04-30 16:12,428,442,-14
2022-04-30 16:13,430,445,-15
2022-04-30 16:14,432,448,-16
2022-04-30 16:15,434,451,-17
2022-04-30 16:16,437,454,-17
2022-04-30 16:17,439,457,-18
2022-04-30 16:18,441,459,-18
2022-04-30 16:19,444,462,-18
2022-04-30 16:20,446,465,-19
2022-04-30 16:21,448,468,-20
2022-04-30 16:22,450,471,-21
2022-04-30 16:23,453,474,-21
2022-04-30 16:24,455,477,-22
2022-04-30 16:25,457,480,-23
2022-04-30 16:26,460,483,-23
2022-04-30 16:27,462,485,-23
2022-04-30 16:28,464,488,-24
2022-04-30 16:29,466,491,-25
2022-04-30 16:30,469,494,-25
2022-04-30 16:31,471,497,-26
2022-04-30 16:32,473,499,-26
2022-04-30 16:33,476,502,-26
2022-04-30 16:34,476,505,-29
2022-04-30 16:35,479,508,-29
2022-04-30 16:36,483,510,-27
2022-04-30 16:37,485,513,-28
2022-04-30 16:38,487,516,-29
2022-04-30 16:39,489,518,-29
2022-04-30 16:40,492,521,-29
2022-04-30 16:41,492,523,-31
2022-04-30 16:42,495,526,-31
2022-04-30 16:43,499,529,-30
2022-04-30 16:44,499,531,-32
2022-04-30 16:45,502,534,-32
2022-04-30 16:46,506,536,-30
2022-04-30 16:47,508,539,-31
2022-04-30 16:48,510,541,-31
2022-04-30 16:49,513,544,-31
2022-04-30 16:50,513,546,-33
2022-04-30 16:51,516,548,-32
2022-04-30 16:52,519,551,-32
2022-04-30 16:53,521,553,-32
2022-04-30 16:54,523,555,-32
2022-04-30 16:55,525,558,-33
2022-04-30 16:56,528,560,-32
2022-04-30 16:57,530,562,-32
2022-04-30 16:58,532,564,-32
2022-04-30 16:59,534,567,-33
2022-04-30 17:00,534,569,-35
2022-04-30 17:01,537,571,-34
2022-04-30 17:02,540,573,-33
2022-04-30 17:03,542,575,-33
2022-04-30 17:04,544,577,-33
2022-04-30 17:05,546,579,-33
2022-04-30 17:06,548,581,-33
2022-04-30 17:07,550,583,-33
2022-04-30 17:08,552,585,-33
2022-04-30 17:09,555,587,-32
2022-04-30 17:10,556,589,-33
2022-04-30 17:11,558,591,-33
2022-04-30 17:12,560,592,-32
2022-04-30 17:13,562,594,-32
2022-04-30 17:14,563,596,-33
2022-04-30 17:15,565,598,-33
2022-04-30 17:16,567,599,-32
2022-04-30 17:17,569,601,-32
2022-04-30 17:18,571,603,-32
2022-04-30 17:19,573,604,-31
2022-04-30 17:20,574,606,-32
2022-04-30 17:21,576,607,-31
2022-04-30 17:22,577,609,-32
2022-04-30 17:23,579,610,-31
2022-04-30 17:24,580,612,-32
2022-04-30 17:25,582,613,-31
2022-04-30 17:26,584,614,-30
2022-04-30 17:27,585,616,-31
2022-04-30 17:28,587,617,-30
2022-04-30 17:29,589,618,-29
2022-04-30 17:30,591,619,-28
2022-04-30 17:31,592,621,-29
2022-04-30 17:32,594,622,-28
2022-04-30 17:33,596,623,-27
2022-04-30 17:34,597,624,-27
2022-04-30 17:35,598,625,-27
2022-04-30 17:36,599,626,-27
2022-04-30 17:37,601,627,-26
2022-04-30 17:38,602,628,-26
2022-04-30 17:39,603,629,-26
2022-04-30 17:40,604,630,-26
2022-04-30 17:41,605,630,-25
2022-04-30 17:42,607,631,-24
2022-04-30 17:43,608,632,-24
2022-04-30 17:44,609,633,-24
2022-04-30 17:45,610,633,-23
2022-04-30 17:46,611,634,-23
2022-04-30 17:47,612,634,-22
2022-04-30 17:48,612,635,-23
2022-04-30 17:49,613,636,-23
2022-04-30 17:50,613,636,-23
2022-04-30 17:51,614,636,-22
2022-04-30 17:52,615,637,-22
2022-04-30 17:53,615,637,-22
2022-04-30 17:54,616,638,-22
2022-04-30 17:55,617,638,-21
2022-04-30 17:56,617,638,-21
2022-04-30 17:57,618,638,-20
2022-04-30 17:58,618,639,-21
2022-04-30 17:59,618,639,-21
2022-04-30 18:00,618,639,-21
2022-04-30 18:01,619,639,-20
2022-04-30 18:02,619,639,-20
2022-04-30 18:03,619,639,-20
2022-04-30 18:04,619,639,-20
2022-04-30 18:05,619,639,-20
2022-04-30 18:06,619,639,-20
2022-04-30 18:07,619,639,-20
2022-04-30 18:08,619,639,-20
2022-04-30 18:09,619,638,-19
2022-04-30 18:10,619,638,-19
2022-04-30 18:11,619,638,-19
2022-04-30 18:12,619,638,-19
2022-04-30 18:13,619,637,-18
2022-04-30 18:14,618,637,-19
2022-04-30 18:15,618,637,-19
2022-04-30 18:16,618,636,-18
2022-04-30 18:17,618,636,-18
2022-04-30 18:18,617,635,-18
2022-04-30 18:19,617,635,-18
2022-04-30 18:20,616,634,-18
2022-04-30 18:21,616,634,-18
2022-04-30 18:22,616,633,-17
2022-04-30 18:23,616,632,-16
2022-04-30 18:24,615,632,-17
2022-04-30 18:25,614,631,-17
2022-04-30 18:26,613,630,-17
2022-04-30 18:27,612,630,-18
2022-04-30 18:28,611,629,-18
2022-04-30 18:29,611,628,-17
2022-04-30 18:30,609,627,-18
2022-04-30 18:31,608,626,-18
2022-04-30 18:32,607,625,-18
2022-04-30 18:33,606,625,-19
2022-04-30 18:34,604,624,-20
2022-04-30 18:35,603,623,-20
2022-04-30 18:36,602,622,-20
2022-04-30 18:37,601,621,-20
2022-04-30 18:38,599,620,-21
2022-04-30 18:39,598,618,-20
2022-04-30 18:40,596,617,-21
2022-04-30 18:41,595,616,-21
2022-04-30 18:42,594,615,-21
2022-04-30 18:43,593,614,-21
2022-04-30 18:44,591,613,-22
2022-04-30 18:45,590,611,-21
2022-04-30 18:46,588,610,-22
2022-04-30 18:47,587,609,-22
2022-04-30 18:48,585,608,-23
2022-04-30 18:49,584,606,-22
2022-04-30 18:50,582,605,-23
2022-04-30 18:51,581,604,-23
2022-04-30 18:52,579,602,-23
2022-04-30 18:53,578,601,-23
2022-04-30 18:54,578,599,-21
2022-04-30 18:55,575,598,-23
2022-04-30 18:56,573,597,-24
2022-04-30 18:57,571,595,-24
2022-04-30 18:58,571,594,-23
2022-04-30 18:59,568,592,-24
2022-04-30 19:00,566,591,-25
2022-04-30 19:01,564,589,-25
2022-04-30 19:02,562,588,-26
2022-04-30 19:03,561,586,-25
2022-04-30 19:04,559,584,-25
2022-04-30 19:05,557,583,-26
2022-04-30 19:06,556,581,-25
2022-04-30 19:07,554,580,-26
2022-04-30 19:08,553,578,-25
2022-04-30 19:09,551,576,-25
2022-04-30 19:10,549,575,-26
2022-04-30 19:11,548,573,-25
2022-04-30 19:12,546,571,-25
2022-04-30 19:13,546,570,-24
2022-04-30 19:14,546,568,-22
2022-04-30 19:15,544,566,-22
2022-04-30 19:16,541,565,-24
2022-04-30 19:17,540,563,-23
2022-04-30 19:18,539,561,-22
2022-04-30 19:19,537,559,-22
2022-04-30 19:20,535,558,-23
2022-04-30 19:21,535,556,-21
2022-04-30 19:22,533,554,-21
2022-04-30 19:23,530,552,-22
2022-04-30 19:24,529,550,-21
2022-04-30 19:25,527,549,-22
2022-04-30 19:26,525,547,-22
2022-04-30 19:27,525,545,-20
2022-04-30 19:28,523,543,-20
2022-04-30 19:29,520,541,-21
2022-04-30 19:30,518,540,-22
2022-04-30 19:31,517,538,-21
2022-04-30 19:32,514,536,-22
2022-04-30 19:33,513,534,-21
2022-04-30 19:34,511,532,-21
2022-04-30 19:35,509,530,-21
2022-04-30 19:36,507,529,-22
2022-04-30 19:37,506,527,-21
2022-04-30 19:38,504,525,-21
2022-04-30 19:39,502,523,-21
2022-04-30 19:40,500,521,-21
2022-04-30 19:41,499,519,-20
2022-04-30 19:42,499,517,-18
2022-04-30 19:43,496,516,-20
2022-04-30 19:44,493,514,-21
2022-04-30 19:45,493,512,-19
2022-04-30 19:46,490,510,-20
2022-04-30 19:47,488,508,-20
2022-04-30 19:48,488,506,-18
2022-04-30 19:49,485,504,-19
2022-04-30 19:50,483,503,-20
2022-04-30 19:51,481,501,-20
2022-04-30 19:52,479,499,-20
2022-04-30 19:53,478,497,-19
2022-04-30 19:54,476,495,-19
2022-04-30 19:55,474,493,-19
2022-04-30 19:56,472,492,-20
2022-04-30 19:57,470,490,-20
2022-04-30 19:58,468,488,-20
2022-04-30 19:59,467,486,-19
2022-04-30 20:00,465,484,-19
2022-04-30 20:01,463,482,-19
2022-04-30 20:02,462,481,-19
2022-04-30 20:03,461,479,-18
2022-04-30 20:04,459,477,-18
2022-04-30 20:05,457,475,-18
2022-04-30 20:06,455,473,-18
2022-04-30 20:07,453,472,-19
2022-04-30 20:08,452,470,-18
2022-04-30 20:09,450,468,-18
2022-04-30 20:10,448,466,-18
2022-04-30 20:11,447,465,-18
2022-04-30 20:12,445,463,-18
2022-04-30 20:13,444,461,-17
2022-04-30 20:14,442,459,-17
2022-04-30 20:15,440,458,-18
2022-04-30 20:16,438,456,-18
2022-04-30 20:17,438,454,-16
2022-04-30 20:18,436,452,-16
2022-04-30 20:19,436,451,-15
2022-04-30 20:20,432,449,-17
2022-04-30 20:21,430,447,-17
2022-04-30 20:22,428,445,-17
2022-04-30 20:23,427,444,-17
2022-04-30 20:24,425,442,-17
2022-04-30 20:25,424,440,-16
2022-04-30 20:26,422,439,-17
2022-04-30 20:27,420,437,-17
2022-04-30 20:28,418,435,-17
2022-04-30 20:29,416,434,-18
2022-04-30 20:30,415,432,-17
2022-04-30 20:31,413,430,-17
2022-04-30 20:32,412,429,-17
2022-04-30 20:33,410,427,-17
2022-04-30 20:34,408,426,-18
2022-04-30 20:35,408,424,-16
2022-04-30 20:36,406,422,-16
2022-04-30 20:37,404,421,-17
2022-04-30 20:38,404,419,-15
2022-04-30 20:39,401,417,-16
2022-04-30 20:40,398,416,-18
2022-04-30 20:41,397,414,-17
2022-04-30 20:42,395,413,-18
2022-04-30 20:43,394,411,-17
2022-04-30 20:44,392,410,-18
2022-04-30 20:45,390,408,-18
2022-04-30 20:46,389,406,-17
2022-04-30 20:47,388,405,-17
2022-04-30 20:48,386,403,-17
2022-04-30 20:49,385,402,-17
2022-04-30 20:50,383,400,-17
2022-04-30 20:51,381,399,-18
2022-04-30 20:52,379,397,-18
2022-04-30 20:53,378,396,-18
2022-04-30 20:54,376,394,-18
2022-04-30 20:55,375,393,-18
2022-04-30 20:56,373,391,-18
2022-04-30 20:57,371,390,-19
2022-04-30 20:58,370,388,-18
2022-04-30 20:59,369,387,-18
2022-04-30 21:00,367,385,-18
2022-04-30 21:01,366,384,-18
2022-04-30 21:02,364,382,-18
2022-04-30 21:03,363,381,-18
2022-04-30 21:04,361,379,-18
2022-04-30 21:05,359,378,-19
2022-04-30 21:06,358,377,-19
2022-04-30 21:07,356,375,-19
2022-04-30 21:08,355,374,-19
2022-04-30 21:09,354,372,-18
2022-04-30 21:10,352,371,-19
2022-04-30 21:11,351,369,-18
2022-04-30 21:12,349,368,-19
2022-04-30 21:13,348,367,-19
2022-04-30 21:14,346,365,-19
2022-04-30 21:15,345,364,-19
2022-04-30 21:16,343,362,-19
2022-04-30 21:17,342,361,-19
2022-04-30 21:18,342,359,-17
2022-04-30 21:19,340,358,-18
2022-04-30 21:20,340,357,-17
2022-04-30 21:21,337,355,-18
2022-04-30 21:22,337,354,-17
2022-04-30 21:23,334,352,-18
2022-04-30 21:24,332,351,-19
2022-04-30 21:25,331,350,-19
2022-04-30 21:26,329,348,-19
2022-04-30 21:27,328,347,-19
2022-04-30 21:28,328,345,-17
2022-04-30 21:29,325,344,-19
2022-04-30 21:30,323,343,-20
2022-04-30 21:31,322,341,-19
2022-04-30 21:32,320,340,-20
2022-04-30 21:33,319,338,-19
2022-04-30 21:34,318,337,-19
2022-04-30 21:35,316,336,-20
2022-04-30 21:36,315,334,-19
2022-04-30 21:37,314,333,-19
2022-04-30 21:38,313,331,-18
2022-04-30 21:39,311,330,-19
2022-04-30 21:40,310,329,-19
2022-04-30 21:41,308,327,-19
2022-04-30 21:42,307,326,-19
2022-04-30 21:43,305,324,-19
2022-04-30 21:44,304,323,-19
2022-04-30 21:45,302,322,-20
2022-04-30 21:46,302,320,-18
2022-04-30 21:47,300,319,-19
2022-04-30 21:48,298,317,-19
2022-04-30 21:49,297,316,-19
2022-04-30 21:50,296,315,-19
2022-04-30 21:51,295,313,-18
2022-04-30 21:52,293,312,-19
2022-04-30 21:53,292,310,-18
2022-04-30 21:54,290,309,-19
2022-04-30 21:55,289,308,-19
2022-04-30 21:56,288,306,-18
2022-04-30 21:57,286,305,-19
2022-04-30 21:58,285,303,-18
2022-04-30 21:59,284,302,-18
2022-04-30 22:00,282,300,-18
2022-04-30 22:01,281,299,-18
2022-04-30 22:02,280,298,-18
2022-04-30 22:03,278,296,-18
2022-04-30 22:04,277,295,-18
2022-04-30 22:05,276,293,-17
2022-04-30 22:06,275,292,-17
2022-04-30 22:07,274,290,-16
2022-04-30 22:08,272,289,-17
2022-04-30 22:09,271,287,-16
2022-04-30 22:10,271,286,-15
2022-04-30 22:11,269,285,-16
2022-04-30 22:12,267,283,-16
2022-04-30 22:13,265,282,-17
2022-04-30 22:14,264,280,-16
2022-04-30 22:15,263,279,-16
2022-04-30 22:16,262,277,-15
2022-04-30 22:17,260,276,-16
2022-04-30 22:18,259,274,-15
2022-04-30 22:19,258,273,-15
2022-04-30 22:20,258,271,-13
2022-04-30 22:21,256,270,-14
2022-04-30 22:22,254,268,-14
2022-04-30 22:23,253,267,-14
2022-04-30 22:24,251,265,-14
2022-04-30 22:25,250,264,-14
2022-04-30 22:26,249,262,-13
2022-04-30 22:27,247,261,-14
2022-04-30 22:28,246,259,-13
2022-04-30 22:29,246,258,-12
2022-04-30 22:30,244,256,-12
2022-04-30 22:31,244,255,-11
2022-04-30 22:32,242,253,-11
2022-04-30 22:33,242,252,-10
2022-04-30 22:34,239,250,-11
2022-04-30 22:35,238,249,-11
2022-04-30 22:36,237,247,-10
2022-04-30 22:37,235,246,-11
2022-04-30 22:38,234,244,-10
2022-04-30 22:39,232,243,-11
2022-04-30 22:40,231,241,-10
2022-04-30 22:41,230,240,-10
2022-04-30 22:42,229,238,-9
2022-04-30 22:43,227,237,-10
2022-04-30 22:44,226,235,-9
2022-04-30 22:45,226,234,-8
2022-04-30 22:46,224,232,-8
2022-04-30 22:47,223,231,-8
2022-04-30 22:48,221,229,-8
2022-04-30 22:49,220,228,-8
2022-04-30 22:50,219,226,-7
2022-04-30 22:51,218,224,-6
2022-04-30 22:52,218,223,-5
2022-04-30 22:53,216,221,-5
2022-04-30 22:54,214,220,-6
2022-04-30 22:55,213,218,-5
2022-04-30 22:56,212,217,-5
2022-04-30 22:57,210,215,-5
2022-04-30 22:58,209,214,-5
2022-04-30 22:59,208,212,-4
2022-04-30 23:00,207,211,-4
2022-04-30 23:01,207,209,-2
2022-04-30 23:02,205,208,-3
2022-04-30 23:03,203,206,-3
2022-04-30 23:04,202,205,-3
2022-04-30 23:05,201,203,-2
2022-04-30 23:06,200,202,-2
2022-04-30 23:07,199,200,-1
2022-04-30 23:08,198,199,-1
2022-04-30 23:09,198,197,1
2022-04-30 23:10,196,196,0
2022-04-30 23:11,194,194,0
2022-04-30 23:12,193,193,0
2022-04-30 23:13,192,191,1
2022-04-30 23:14,190,190,0
2022-04-30 23:15,189,188,1
2022-04-30 23:16,188,187,1
2022-04-30 23:17,187,185,2
2022-04-30 23:18,186,184,2
2022-04-30 23:19,185,182,3
2022-04-30 23:20,184,181,3
2022-04-30 23:21,183,179,4
2022-04-30 23:22,182,178,4
2022-04-30 23:23,181,176,5
2022-04-30 23:24,138,175,-37
2022-04-30 23:25,116,173,-57
2022-04-30 23:26,116,172,-56
2022-04-30 23:27,114,171,-57
2022-04-30 23:28,-,169,-
2022-04-30 23:29,-,168,-
2022-04-30 23:30,-,166,-
2022-04-30 23:31,-,165,-
2022-04-30 23:32,-,164,-
2022-04-30 23:33,-,162,-
2022-04-30 23:34,-,161,-
2022-04-30 23:35,-,159,-
2022-04-30 23:36,105,158,-53
2022-04-30 23:37,104,157,-53
2022-04-30 23:38,103,155,-52
2022-04-30 23:39,102,154,-52
2022-04-30 23:40,101,153,-52
2022-04-30 23:41,100,151,-51
2022-04-30 23:42,99,150,-51
2022-04-30 23:43,98,149,-51
2022-04-30 23:44,97,147,-50
2022-04-30 23:45,96,146,-50
2022-04-30 23:46,95,145,-50
2022-04-30 23:47,94,143,-49
2022-04-30 23:48,93,142,-49
2022-04-30 23:49,92,141,-49
2022-04-30 23:50,91,140,-49
2022-04-30 23:51,90,138,-48
2022-04-30 23:52,89,137,-48
2022-04-30 23:53,88,136,-48
2022-04-30 23:54,88,135,-47
2022-04-30 23:55,87,134,-47
2022-04-30 23:56,87,132,-45
2022-04-30 23:57,85,131,-46
2022-04-30 23:58,83,130,-47
2022-04-30 23:59,82,129,-47
2022-05-01 0:00,81,128,-47
2022-05-01 0:01,80,127,-47
2022-05-01 0:02,79,125,-46
2022-05-01 0:03,79,124,-45
2022-05-01 0:04,78,123,-45
2022-05-01 0:05,76,122,-46
2022-05-01 0:06,76,121,-45
2022-05-01 0:07,75,120,-45
2022-05-01 0:08,75,119,-44
2022-05-01 0:09,73,118,-45
2022-05-01 0:10,72,117,-45
2022-05-01 0:11,71,116,-45
2022-05-01 0:12,71,115,-44
2022-05-01 0:13,70,114,-44
2022-05-01 0:14,69,113,-44
2022-05-01 0:15,68,112,-44
2022-05-01 0:16,67,111,-44
2022-05-01 0:17,67,110,-43
2022-05-01 0:18,66,109,-43
2022-05-01 0:19,65,108,-43
2022-05-01 0:20,64,108,-44
2022-05-01 0:21,63,107,-44
2022-05-01 0:22,63,106,-43
2022-05-01 0:23,62,105,-43
2022-05-01 0:24,61,104,-43
2022-05-01 0:25,61,103,-42
2022-05-01 0:26,60,103,-43
2022-05-01 0:27,59,102,-43
2022-05-01 0:28,59,101,-42
2022-05-01 0:29,58,100,-42
2022-05-01 0:30,58,99,-41
2022-05-01 0:31,58,99,-41
2022-05-01 0:32,58,98,-40
2022-05-01 0:33,57,97,-40
2022-05-01 0:34,57,97,-40
2022-05-01 0:35,57,96,-39
2022-05-01 0:36,57,95,-38
2022-05-01 0:37,57,95,-38
2022-05-01 0:38,57,94,-37
2022-05-01 0:39,58,94,-36
2022-05-01 0:40,58,93,-35
2022-05-01 0:41,59,92,-33
2022-05-01 0:42,60,92,-32
2022-05-01 0:43,60,91,-31
2022-05-01 0:44,62,91,-29
2022-05-01 0:45,64,90,-26
2022-05-01 0:46,66,90,-24
2022-05-01 0:47,68,89,-21
2022-05-01 0:48,70,89,-19
2022-05-01 0:49,72,88,-16
2022-05-01 0:50,75,88,-13
2022-05-01 0:51,77,88,-11
2022-05-01 0:52,79,87,-8
2022-05-01 0:53,82,87,-5
2022-05-01 0:54,84,87,-3
2022-05-01 0:55,86,86,0
2022-05-01 0:56,88,86,2
2022-05-01 0:57,90,86,4
2022-05-01 0:58,91,85,6
2022-05-01 0:59,92,85,7
2022-05-01 1:00,92,85,7
2022-05-01 1:01,94,85,9
2022-05-01 1:02,97,84,13
2022-05-01 1:03,98,84,14
2022-05-01 1:04,99,84,15
2022-05-01 1:05,101,84,17
2022-05-01 1:06,102,84,18
2022-05-01 1:07,104,84,20
2022-05-01 1:08,106,84,22
2022-05-01 1:09,107,84,23
2022-05-01 1:10,109,83,26
2022-05-01 1:11,110,83,27
2022-05-01 1:12,111,83,28
2022-05-01 1:13,113,83,30
2022-05-01 1:14,114,83,31
2022-05-01 1:15,115,83,32
2022-05-01 1:16,115,83,32
2022-05-01 1:17,118,84,34
2022-05-01 1:18,120,84,36
2022-05-01 1:19,122,84,38
2022-05-01 1:20,123,84,39
2022-05-01 1:21,125,84,41
2022-05-01 1:22,126,84,42
2022-05-01 1:23,128,84,44
2022-05-01 1:24,128,85,43
2022-05-01 1:25,130,85,45
2022-05-01 1:26,132,85,47
2022-05-01 1:27,133,85,48
2022-05-01 1:28,134,86,48
2022-05-01 1:29,136,86,50
2022-05-01 1:30,137,86,51
2022-05-01 1:31,138,87,51
2022-05-01 1:32,140,87,53
2022-05-01 1:33,141,87,54
2022-05-01 1:34,143,88,55
2022-05-01 1:35,144,88,56
2022-05-01 1:36,146,89,57
2022-05-01 1:37,146,89,57
2022-05-01 1:38,148,89,59
2022-05-01 1:39,150,90,60
2022-05-01 1:40,151,90,61
2022-05-01 1:41,153,91,62
2022-05-01 1:42,155,92,63
2022-05-01 1:43,156,92,64
2022-05-01 1:44,158,93,65
2022-05-01 1:45,160,93,67
2022-05-01 1:46,162,94,68
2022-05-01 1:47,164,95,69
2022-05-01 1:48,165,95,70
2022-05-01 1:49,167,96,71
2022-05-01 1:50,169,97,72
2022-05-01 1:51,170,97,73
2022-05-01 1:52,172,98,74
2022-05-01 1:53,174,99,75
2022-05-01 1:54,176,100,76
2022-05-01 1:55,178,101,77
2022-05-01 1:56,178,101,77
2022-05-01 1:57,181,102,79
2022-05-01 1:58,184,103,81
2022-05-01 1:59,186,104,82
2022-05-01 2:00,188,105,83
2022-05-01 2:01,190,106,84
2022-05-01 2:02,193,107,86
2022-05-01 2:03,195,108,87
2022-05-01 2:04,198,109,89
2022-05-01 2:05,198,110,88
2022-05-01 2:06,201,111,90
2022-05-01 2:07,205,112,93
2022-05-01 2:08,205,113,92
2022-05-01 2:09,208,114,94
2022-05-01 2:10,213,115,98
2022-05-01 2:11,216,117,99
2022-05-01 2:12,218,118,100
2022-05-01 2:13,221,119,102
2022-05-01 2:14,224,120,104
2022-05-01 2:15,226,121,105
2022-05-01 2:16,229,123,106
2022-05-01 2:17,232,124,108
2022-05-01 2:18,235,125,110
2022-05-01 2:19,238,127,111
2022-05-01 2:20,241,128,113
2022-05-01 2:21,244,129,115
2022-05-01 2:22,247,131,116
2022-05-01 2:23,250,132,118
2022-05-01 2:24,253,134,119
2022-05-01 2:25,256,135,121
2022-05-01 2:26,259,137,122
2022-05-01 2:27,262,138,124
2022-05-01 2:28,265,140,125
2022-05-01 2:29,268,141,127
2022-05-01 2:30,271,143,128
2022-05-01 2:31,271,144,127
2022-05-01 2:32,275,146,129
2022-05-01 2:33,280,148,132
2022-05-01 2:34,283,149,134
2022-05-01 2:35,285,151,134
2022-05-01 2:36,289,153,136
2022-05-01 2:37,292,154,138
2022-05-01 2:38,295,156,139
2022-05-01 2:39,297,158,139
2022-05-01 2:40,300,160,140
2022-05-01 2:41,303,162,141
2022-05-01 2:42,306,163,143
2022-05-01 2:43,309,165,144
2022-05-01 2:44,312,167,145
2022-05-01 2:45,315,169,146
2022-05-01 2:46,317,171,146
2022-05-01 2:47,320,173,147
2022-05-01 2:48,323,175,148
2022-05-01 2:49,326,177,149
2022-05-01 2:50,329,179,150
2022-05-01 2:51,332,181,151
2022-05-01 2:52,332,183,149
2022-05-01 2:53,336,185,151
2022-05-01 2:54,339,187,152
2022-05-01 2:55,343,189,154
2022-05-01 2:56,346,192,154
2022-05-01 2:57,349,194,155
2022-05-01 2:58,351,196,155
2022-05-01 2:59,354,198,156
2022-05-01 3:00,357,200,157
2022-05-01 3:01,360,203,157
2022-05-01 3:02,363,205,158
2022-05-01 3:03,363,207,156
2022-05-01 3:04,367,210,157
2022-05-01 3:05,371,212,159
2022-05-01 3:06,374,214,160
2022-05-01 3:07,376,217,159
2022-05-01 3:08,379,219,160
2022-05-01 3:09,379,221,158
2022-05-01 3:10,384,224,160
2022-05-01 3:11,388,226,162
2022-05-01 3:12,390,229,161
2022-05-01 3:13,393,231,162
2022-05-01 3:14,395,234,161
2022-05-01 3:15,395,236,159
2022-05-01 3:16,399,239,160
2022-05-01 3:17,404,242,162
2022-05-01 3:18,407,244,163
2022-05-01 3:19,409,247,162
2022-05-01 3:20,412,250,162
2022-05-01 3:21,415,252,163
2022-05-01 3:22,417,255,162
2022-05-01 3:23,420,258,162
2022-05-01 3:24,420,260,160
2022-05-01 3:25,425,263,162
2022-05-01 3:26,428,266,162
2022-05-01 3:27,431,269,162
2022-05-01 3:28,433,271,162
2022-05-01 3:29,436,274,162
2022-05-01 3:30,439,277,162
2022-05-01 3:31,442,280,162
2022-05-01 3:32,444,283,161
2022-05-01 3:33,447,286,161
2022-05-01 3:34,449,289,160
2022-05-01 3:35,452,291,161
2022-05-01 3:36,454,294,160
2022-05-01 3:37,457,297,160
2022-05-01 3:38,460,300,160
2022-05-01 3:39,460,303,157
2022-05-01 3:40,463,306,157
2022-05-01 3:41,467,309,158
2022-05-01 3:42,467,312,155
2022-05-01 3:43,470,315,155
2022-05-01 3:44,475,318,157
2022-05-01 3:45,477,321,156
2022-05-01 3:46,480,324,156
2022-05-01 3:47,483,328,155
2022-05-01 3:48,485,331,154
2022-05-01 3:49,487,334,153
2022-05-01 3:50,490,337,153
2022-05-01 3:51,493,340,153
2022-05-01 3:52,496,343,153
2022-05-01 3:53,499,346,153
2022-05-01 3:54,502,349,153
2022-05-01 3:55,504,353,151
2022-05-01 3:56,507,356,151
2022-05-01 3:57,510,359,151
2022-05-01 3:58,513,362,151
2022-05-01 3:59,516,365,151
2022-05-01 4:00,519,369,150
2022-05-01 4:01,521,372,149
2022-05-01 4:02,524,375,149
2022-05-01 4:03,526,378,148
2022-05-01 4:04,526,381,145
2022-05-01 4:05,526,385,141
2022-05-01 4:06,532,388,144
2022-05-01 4:07,537,391,146
2022-05-01 4:08,539,394,145
2022-05-01 4:09,542,398,144
2022-05-01 4:10,544,401,143
2022-05-01 4:11,547,404,143
2022-05-01 4:12,549,408,141
2022-05-01 4:13,552,411,141
2022-05-01 4:14,554,414,140
2022-05-01 4:15,557,417,140
2022-05-01 4:16,559,421,138
2022-05-01 4:17,561,424,137
2022-05-01 4:18,563,427,136
2022-05-01 4:19,566,430,136
2022-05-01 4:20,568,434,134
2022-05-01 4:21,571,437,134
2022-05-01 4:22,573,440,133
2022-05-01 4:23,575,444,131
2022-05-01 4:24,577,447,130
2022-05-01 4:25,579,450,129
2022-05-01 4:26,581,453,128
2022-05-01 4:27,584,457,127
2022-05-01 4:28,586,460,126
2022-05-01 4:29,589,463,126
2022-05-01 4:30,591,466,125
2022-05-01 4:31,593,470,123
2022-05-01 4:32,596,473,123
2022-05-01 4:33,598,476,122
2022-05-01 4:34,600,479,121
2022-05-01 4:35,602,482,120
2022-05-01 4:36,604,486,118
2022-05-01 4:37,607,489,118
2022-05-01 4:38,609,492,117
2022-05-01 4:39,611,495,116
2022-05-01 4:40,611,498,113
2022-05-01 4:41,611,501,110
2022-05-01 4:42,615,505,110
2022-05-01 4:43,618,508,110
2022-05-01 4:44,619,511,108
2022-05-01 4:45,621,514,107
2022-05-01 4:46,621,517,104
2022-05-01 4:47,623,520,103
2022-05-01 4:48,626,523,103
2022-05-01 4:49,628,526,102
2022-05-01 4:50,630,529,101
2022-05-01 4:51,631,532,99
2022-05-01 4:52,633,535,98
2022-05-01 4:53,634,538,96
2022-05-01 4:54,635,541,94
2022-05-01 4:55,637,544,93
2022-05-01 4:56,638,547,91
2022-05-01 4:57,640,550,90
2022-05-01 4:58,641,552,89
2022-05-01 4:59,641,555,86
2022-05-01 5:00,643,558,85
2022-05-01 5:01,645,561,84
2022-05-01 5:02,646,564,82
2022-05-01 5:03,648,566,82
2022-05-01 5:04,648,569,79
2022-05-01 5:05,649,572,77
2022-05-01 5:06,650,575,75
2022-05-01 5:07,651,577,74
2022-05-01 5:08,652,580,72
2022-05-01 5:09,653,583,70
2022-05-01 5:10,653,585,68
2022-05-01 5:11,654,588,66
2022-05-01 5:12,655,590,65
2022-05-01 5:13,655,593,62
2022-05-01 5:14,656,595,61
2022-05-01 5:15,656,598,58
2022-05-01 5:16,657,600,57
2022-05-01 5:17,658,602,56
2022-05-01 5:18,658,605,53
2022-05-01 5:19,659,607,52
2022-05-01 5:20,659,609,50
2022-05-01 5:21,660,612,48
2022-05-01 5:22,660,614,46
2022-05-01 5:23,661,616,45
2022-05-01 5:24,661,618,43
2022-05-01 5:25,662,621,41
2022-05-01 5:26,662,623,39
2022-05-01 5:27,662,625,37
2022-05-01 5:28,662,627,35
2022-05-01 5:29,662,629,33
2022-05-01 5:30,662,631,31
2022-05-01 5:31,662,633,29
2022-05-01 5:32,662,635,27
2022-05-01 5:33,662,637,25
2022-05-01 5:34,662,638,24
2022-05-01 5:35,662,640,22
2022-05-01 5:36,661,642,19
2022-05-01 5:37,661,644,17
2022-05-01 5:38,660,646,14
2022-05-01 5:39,659,647,12
2022-05-01 5:40,659,649,10
2022-05-01 5:41,658,651,7
2022-05-01 5:42,658,652,6
2022-05-01 5:43,657,654,3
2022-05-01 5:44,656,655,1
2022-05-01 5:45,655,657,-2
2022-05-01 5:46,655,658,-3
2022-05-01 5:47,654,659,-5
2022-05-01 5:48,653,661,-8
2022-05-01 5:49,652,662,-10
2022-05-01 5:50,651,663,-12
2022-05-01 5:51,650,665,-15
2022-05-01 5:52,649,666,-17
2022-05-01 5:53,648,667,-19
2022-05-01 5:54,647,668,-21
2022-05-01 5:55,646,669,-23
2022-05-01 5:56,645,670,-25
2022-05-01 5:57,643,671,-28
2022-05-01 5:58,642,672,-30
2022-05-01 5:59,641,673,-32
2022-05-01 6:00,639,674,-35
2022-05-01 6:01,638,675,-37
2022-05-01 6:02,636,676,-40
2022-05-01 6:03,635,677,-42
2022-05-01 6:04,634,677,-43
2022-05-01 6:05,633,678,-45
2022-05-01 6:06,631,679,-48
2022-05-01 6:07,630,679,-49
2022-05-01 6:08,630,680,-50
2022-05-01 6:09,630,680,-50
2022-05-01 6:10,630,681,-51
2022-05-01 6:11,630,681,-51
2022-05-01 6:12,625,682,-57
2022-05-01 6:13,621,682,-61
2022-05-01 6:14,619,683,-64
2022-05-01 6:15,618,683,-65
2022-05-01 6:16,616,683,-67
2022-05-01 6:17,615,683,-68
2022-05-01 6:18,613,684,-71
2022-05-01 6:19,612,684,-72
2022-05-01 6:20,610,684,-74
2022-05-01 6:21,609,684,-75
2022-05-01 6:22,607,684,-77
2022-05-01 6:23,605,684,-79
2022-05-01 6:24,603,684,-81
2022-05-01 6:25,603,684,-81
2022-05-01 6:26,600,684,-84
2022-05-01 6:27,598,684,-86
2022-05-01 6:28,596,684,-88
2022-05-01 6:29,594,683,-89
2022-05-01 6:30,593,683,-90
2022-05-01 6:31,591,683,-92
2022-05-01 6:32,589,683,-94
2022-05-01 6:33,587,682,-95
2022-05-01 6:34,585,682,-97
2022-05-01 6:35,583,681,-98
2022-05-01 6:36,582,681,-99
2022-05-01 6:37,580,681,-101
2022-05-01 6:38,578,680,-102
2022-05-01 6:39,577,679,-102
2022-05-01 6:40,575,679,-104
2022-05-01 6:41,574,678,-104
2022-05-01 6:42,572,678,-106
2022-05-01 6:43,571,677,-106
2022-05-01 6:44,569,676,-107
2022-05-01 6:45,567,676,-109
2022-05-01 6:46,567,675,-108
2022-05-01 6:47,565,674,-109
2022-05-01 6:48,562,673,-111
2022-05-01 6:49,560,672,-112
2022-05-01 6:50,559,671,-112
2022-05-01 6:51,557,670,-113
2022-05-01 6:52,557,669,-112
2022-05-01 6:53,555,669,-114
2022-05-01 6:54,552,667,-115
2022-05-01 6:55,550,666,-116
2022-05-01 6:56,548,665,-117
2022-05-01 6:57,546,664,-118
2022-05-01 6:58,544,663,-119
2022-05-01 6:59,542,662,-120
2022-05-01 7:00,541,661,-120
2022-05-01 7:01,539,660,-121
2022-05-01 7:02,537,658,-121
2022-05-01 7:03,535,657,-122
2022-05-01 7:04,533,656,-123
2022-05-01 7:05,531,655,-124
2022-05-01 7:06,529,653,-124
2022-05-01 7:07,527,652,-125
2022-05-01 7:08,525,651,-126
2022-05-01 7:09,524,649,-125
2022-05-01 7:10,522,648,-126
2022-05-01 7:11,520,646,-126
2022-05-01 7:12,518,645,-127
2022-05-01 7:13,517,643,-126
2022-05-01 7:14,514,642,-128
2022-05-01 7:15,513,640,-127
2022-05-01 7:16,511,639,-128
2022-05-01 7:17,509,637,-128
2022-05-01 7:18,507,636,-129
2022-05-01 7:19,506,634,-128
2022-05-01 7:20,506,633,-127
2022-05-01 7:21,503,631,-128
2022-05-01 7:22,501,629,-128
2022-05-01 7:23,499,628,-129
2022-05-01 7:24,497,626,-129
2022-05-01 7:25,495,624,-129
2022-05-01 7:26,493,623,-130
2022-05-01 7:27,491,621,-130
2022-05-01 7:28,489,619,-130
2022-05-01 7:29,488,617,-129
2022-05-01 7:30,486,616,-130
2022-05-01 7:31,484,614,-130
2022-05-01 7:32,483,612,-129
2022-05-01 7:33,481,610,-129
2022-05-01 7:34,479,609,-130
2022-05-01 7:35,477,607,-130
2022-05-01 7:36,475,605,-130
2022-05-01 7:37,474,603,-129
2022-05-01 7:38,472,601,-129
2022-05-01 7:39,470,599,-129
2022-05-01 7:40,468,598,-130
2022-05-01 7:41,467,596,-129
2022-05-01 7:42,465,594,-129
2022-05-01 7:43,464,592,-128
2022-05-01 7:44,462,590,-128
2022-05-01 7:45,460,588,-128
2022-05-01 7:46,458,586,-128
2022-05-01 7:47,456,584,-128
2022-05-01 7:48,456,582,-126
2022-05-01 7:49,453,580,-127
2022-05-01 7:50,451,579,-128
2022-05-01 7:51,449,577,-128
2022-05-01 7:52,447,575,-128
2022-05-01 7:53,446,573,-127
2022-05-01 7:54,444,571,-127
2022-05-01 7:55,442,569,-127
2022-05-01 7:56,440,567,-127
2022-05-01 7:57,439,565,-126
2022-05-01 7:58,436,563,-127
2022-05-01 7:59,435,561,-126
2022-05-01 8:00,435,559,-124
2022-05-01 8:01,432,557,-125
2022-05-01 8:02,430,555,-125
2022-05-01 8:03,428,553,-125
2022-05-01 8:04,427,551,-124
2022-05-01 8:05,425,549,-124
2022-05-01 8:06,424,547,-123
2022-05-01 8:07,424,545,-121
2022-05-01 8:08,421,543,-122
2022-05-01 8:09,418,541,-123
2022-05-01 8:10,417,539,-122
2022-05-01 8:11,415,538,-123
2022-05-01 8:12,415,536,-121
2022-05-01 8:13,413,534,-121
2022-05-01 8:14,410,532,-122
2022-05-01 8:15,409,530,-121
2022-05-01 8:16,407,528,-121
2022-05-01 8:17,406,526,-120
2022-05-01 8:18,404,524,-120
2022-05-01 8:19,403,522,-119
2022-05-01 8:20,401,520,-119
2022-05-01 8:21,401,518,-117
2022-05-01 8:22,398,516,-118
2022-05-01 8:23,396,514,-118
2022-05-01 8:24,394,512,-118
2022-05-01 8:25,393,511,-118
2022-05-01 8:26,391,509,-118
2022-05-01 8:27,390,507,-117
2022-05-01 8:28,388,505,-117
2022-05-01 8:29,387,503,-116
2022-05-01 8:30,385,501,-116
2022-05-01 8:31,383,499,-116
2022-05-01 8:32,382,497,-115
2022-05-01 8:33,380,495,-115
2022-05-01 8:34,378,494,-116
2022-05-01 8:35,377,492,-115
2022-05-01 8:36,375,490,-115
2022-05-01 8:37,375,488,-113
2022-05-01 8:38,373,486,-113
2022-05-01 8:39,371,484,-113
2022-05-01 8:40,369,483,-114
2022-05-01 8:41,367,481,-114
2022-05-01 8:42,366,479,-113
2022-05-01 8:43,364,477,-113
2022-05-01 8:44,364,475,-111
2022-05-01 8:45,362,474,-112
2022-05-01 8:46,360,472,-112
2022-05-01 8:47,358,470,-112
2022-05-01 8:48,357,468,-111
2022-05-01 8:49,355,467,-112
2022-05-01 8:50,354,465,-111
2022-05-01 8:51,352,463,-111
2022-05-01 8:52,351,461,-110
2022-05-01 8:53,350,460,-110
2022-05-01 8:54,348,458,-110
2022-05-01 8:55,346,456,-110
2022-05-01 8:56,345,455,-110
2022-05-01 8:57,343,453,-110
2022-05-01 8:58,342,451,-109
2022-05-01 8:59,340,450,-110
2022-05-01 9:00,338,448,-110
2022-05-01 9:01,337,446,-109
2022-05-01 9:02,336,445,-109
2022-05-01 9:03,334,443,-109
2022-05-01 9:04,334,441,-107
2022-05-01 9:05,332,440,-108
2022-05-01 9:06,330,438,-108
2022-05-01 9:07,330,436,-106
2022-05-01 9:08,328,435,-107
2022-05-01 9:09,328,433,-105
2022-05-01 9:10,328,431,-103
2022-05-01 9:11,324,430,-106
2022-05-01 9:12,321,428,-107
2022-05-01 9:13,319,427,-108
2022-05-01 9:14,319,425,-106
2022-05-01 9:15,318,424,-106
2022-05-01 9:16,315,422,-107
2022-05-01 9:17,315,420,-105
2022-05-01 9:18,314,419,-105
2022-05-01 9:19,314,417,-103
2022-05-01 9:20,311,416,-105
2022-05-01 9:21,309,414,-105
2022-05-01 9:22,309,413,-104
2022-05-01 9:23,306,411,-105
2022-05-01 9:24,304,410,-106
2022-05-01 9:25,303,408,-105
2022-05-01 9:26,301,407,-106
2022-05-01 9:27,300,405,-105
2022-05-01 9:28,299,404,-105
2022-05-01 9:29,297,402,-105
2022-05-01 9:30,296,401,-105
2022-05-01 9:31,295,399,-104
2022-05-01 9:32,294,398,-104
2022-05-01 9:33,292,396,-104
2022-05-01 9:34,292,395,-103
2022-05-01 9:35,290,393,-103
2022-05-01 9:36,288,392,-104
2022-05-01 9:37,288,390,-102
2022-05-01 9:38,286,389,-103
2022-05-01 9:39,284,387,-103
2022-05-01 9:40,282,386,-104
2022-05-01 9:41,282,384,-102
2022-05-01 9:42,280,383,-103
2022-05-01 9:43,278,381,-103
2022-05-01 9:44,277,380,-103
2022-05-01 9:45,276,378,-102
2022-05-01 9:46,275,377,-102
2022-05-01 9:47,273,375,-102
2022-05-01 9:48,272,374,-102
2022-05-01 9:49,271,373,-102
2022-05-01 9:50,269,371,-102
2022-05-01 9:51,268,370,-102
2022-05-01 9:52,266,368,-102
2022-05-01 9:53,265,367,-102
2022-05-01 9:54,264,365,-101
2022-05-01 9:55,264,364,-100
2022-05-01 9:56,262,362,-100
2022-05-01 9:57,262,361,-99
2022-05-01 9:58,260,360,-100
2022-05-01 9:59,258,358,-100
2022-05-01 10:00,257,357,-100
2022-05-01 10:01,257,355,-98
2022-05-01 10:02,254,354,-100
2022-05-01 10:03,252,352,-100
2022-05-01 10:04,251,351,-100
2022-05-01 10:05,250,349,-99
2022-05-01 10:06,250,348,-98
2022-05-01 10:07,247,347,-100
2022-05-01 10:08,246,345,-99
2022-05-01 10:09,244,344,-100
2022-05-01 10:10,243,342,-99
2022-05-01 10:11,242,341,-99
2022-05-01 10:12,241,339,-98
2022-05-01 10:13,239,338,-99
2022-05-01 10:14,238,336,-98
2022-05-01 10:15,237,335,-98
2022-05-01 10:16,236,334,-98
2022-05-01 10:17,234,332,-98
2022-05-01 10:18,233,331,-98
2022-05-01 10:19,232,329,-97
2022-05-01 10:20,230,328,-98
2022-05-01 10:21,230,326,-96
2022-05-01 10:22,229,325,-96
2022-05-01 10:23,227,323,-96
2022-05-01 10:24,226,322,-96
2022-05-01 10:25,224,320,-96
2022-05-01 10:26,223,319,-96
2022-05-01 10:27,222,317,-95
2022-05-01 10:28,221,316,-95
2022-05-01 10:29,220,315,-95
2022-05-01 10:30,218,313,-95
2022-05-01 10:31,217,312,-95
2022-05-01 10:32,216,310,-94
2022-05-01 10:33,215,309,-94
2022-05-01 10:34,-,307,-
2022-05-01 10:35,-,306,-
2022-05-01 10:36,-,304,-
2022-05-01 10:37,-,303,-
2022-05-01 10:38,-,301,-
2022-05-01 10:39,-,300,-
2022-05-01 10:40,-,298,-
2022-05-01 10:41,-,297,-
2022-05-01 10:42,-,295,-
2022-05-01 10:43,-,294,-
2022-05-01 10:44,-,292,-
2022-05-01 10:45,-,291,-
2022-05-01 10:46,-,289,-
2022-05-01 10:47,-,288,-
2022-05-01 10:48,-,286,-
2022-05-01 10:49,-,285,-
2022-05-01 10:50,-,283,-
2022-05-01 10:51,-,282,-
2022-05-01 10:52,-,280,-
2022-05-01 10:53,-,279,-
2022-05-01 10:54,-,277,-
2022-05-01 10:55,-,276,-
2022-05-01 10:56,-,274,-
2022-05-01 10:57,-,272,-
2022-05-01 10:58,-,271,-
2022-05-01 10:59,-,269,-
2022-05-01 11:00,-,268,-
2022-05-01 11:01,-,266,-
2022-05-01 11:02,-,265,-
2022-05-01 11:03,-,263,-
2022-05-01 11:04,-,262,-
2022-05-01 11:05,-,260,-
2022-05-01 11:06,-,259,-
2022-05-01 11:07,-,257,-
2022-05-01 11:08,-,256,-
2022-05-01 11:09,-,254,-
2022-05-01 11:10,-,253,-
2022-05-01 11:11,-,251,-
2022-05-01 11:12,-,250,-
2022-05-01 11:13,-,248,-
2022-05-01 11:14,-,247,-
2022-05-01 11:15,-,245,-
2022-05-01 11:16,-,243,-
2022-05-01 11:17,-,242,-
2022-05-01 11:18,-,240,-
2022-05-01 11:19,-,239,-
2022-05-01 11:20,-,237,-
2022-05-01 11:21,-,236,-
2022-05-01 11:22,-,234,-
2022-05-01 11:23,-,233,-
2022-05-01 11:24,-,231,-
2022-05-01 11:25,-,230,-
2022-05-01 11:26,-,228,-
2022-05-01 11:27,-,227,-
2022-05-01 11:28,-,225,-
2022-05-01 11:29,-,224,-
2022-05-01 11:30,-,222,-
2022-05-01 11:31,-,221,-
2022-05-01 11:32,-,219,-
2022-05-01 11:33,-,218,-
2022-05-01 11:34,-,216,-
2022-05-01 11:35,208,215,-7
2022-05-01 11:36,207,213,-6
2022-05-01 11:37,206,212,-6
2022-05-01 11:38,205,210,-5
2022-05-01 11:39,204,209,-5
2022-05-01 11:40,203,207,-4
2022-05-01 11:41,202,206,-4
2022-05-01 11:42,200,205,-5
2022-05-01 11:43,199,203,-4
2022-05-01 11:44,198,202,-4
2022-05-01 11:45,197,200,-3
2022-05-01 11:46,196,199,-3
2022-05-01 11:47,194,197,-3
2022-05-01 11:48,193,196,-3
2022-05-01 11:49,192,195,-3
2022-05-01 11:50,191,193,-2
2022-05-01 11:51,190,192,-2
2022-05-01 11:52,189,190,-1
2022-05-01 11:53,188,189,-1
2022-05-01 11:54,186,188,-2
2022-05-01 11:55,185,186,-1
2022-05-01 11:56,184,185,-1
2022-05-01 11:57,182,184,-2
2022-05-01 11:58,181,182,-1
2022-05-01 11:59,181,181,0
2022-05-01 12:00,179,180,-1
2022-05-01 12:01,177,178,-1
2022-05-01 12:02,176,177,-1
2022-05-01 12:03,176,176,0
2022-05-01 12:04,175,174,1
2022-05-01 12:05,174,173,1
2022-05-01 12:06,172,172,0
2022-05-01 12:07,172,170,2
2022-05-01 12:08,170,169,1
2022-05-01 12:09,169,168,1
2022-05-01 12:10,168,167,1
2022-05-01 12:11,167,165,2
2022-05-01 12:12,165,164,1
2022-05-01 12:13,166,163,3
2022-05-01 12:14,164,162,2
2022-05-01 12:15,163,161,2
2022-05-01 12:16,161,159,2
2022-05-01 12:17,160,158,2
2022-05-01 12:18,159,157,2
2022-05-01 12:19,158,156,2
2022-05-01 12:20,157,155,2
2022-05-01 12:21,156,154,2
2022-05-01 12:22,154,153,1
2022-05-01 12:23,154,151,3
2022-05-01 12:24,152,150,2
2022-05-01 12:25,151,149,2
2022-05-01 12:26,151,148,3
2022-05-01 12:27,149,147,2
2022-05-01 12:28,148,146,2
2022-05-01 12:29,147,145,2
2022-05-01 12:30,146,144,2
2022-05-01 12:31,146,143,3
2022-05-01 12:32,144,142,2
2022-05-01 12:33,144,141,3
2022-05-01 12:34,142,140,2
2022-05-01 12:35,140,139,1
2022-05-01 12:36,140,138,2
2022-05-01 12:37,139,137,2
2022-05-01 12:38,138,136,2
2022-05-01 12:39,136,135,1
2022-05-01 12:40,136,134,2
2022-05-01 12:41,134,134,0
2022-05-01 12:42,133,133,0
2022-05-01 12:43,132,132,0
2022-05-01 12:44,131,131,0
2022-05-01 12:45,130,130,0
2022-05-01 12:46,130,129,1
2022-05-01 12:47,128,129,-1
2022-05-01 12:48,128,128,0
2022-05-01 12:49,126,127,-1
2022-05-01 12:50,125,126,-1
2022-05-01 12:51,124,126,-2
2022-05-01 12:52,123,125,-2
2022-05-01 12:53,123,124,-1
2022-05-01 12:54,122,123,-1
2022-05-01 12:55,121,123,-2
2022-05-01 12:56,120,122,-2
2022-05-01 12:57,119,121,-2
2022-05-01 12:58,118,121,-3
2022-05-01 12:59,116,120,-4
2022-05-01 13:00,115,119,-4
2022-05-01 13:01,115,119,-4
2022-05-01 13:02,113,118,-5
2022-05-01 13:03,113,118,-5
2022-05-01 13:04,112,117,-5
2022-05-01 13:05,110,117,-7
2022-05-01 13:06,110,116,-6
2022-05-01 13:07,109,116,-7
2022-05-01 13:08,108,115,-7
2022-05-01 13:09,107,115,-8
2022-05-01 13:10,106,114,-8
2022-05-01 13:11,105,114,-9
2022-05-01 13:12,104,113,-9
2022-05-01 13:13,103,113,-10
2022-05-01 13:14,102,113,-11
2022-05-01 13:15,101,112,-11
2022-05-01 13:16,100,112,-12
2022-05-01 13:17,99,112,-13
2022-05-01 13:18,99,111,-12
2022-05-01 13:19,97,111,-14
2022-05-01 13:20,97,111,-14
2022-05-01 13:21,96,110,-14
2022-05-01 13:22,95,110,-15
2022-05-01 13:23,94,110,-16
2022-05-01 13:24,92,110,-18
2022-05-01 13:25,92,109,-17
2022-05-01 13:26,91,109,-18
2022-05-01 13:27,91,109,-18
2022-05-01 13:28,89,109,-20
2022-05-01 13:29,89,109,-20
2022-05-01 13:30,88,109,-21
2022-05-01 13:31,87,109,-22
2022-05-01 13:32,87,108,-21
2022-05-01 13:33,86,108,-22
2022-05-01 13:34,86,108,-22
2022-05-01 13:35,85,108,-23
2022-05-01 13:36,84,108,-24
2022-05-01 13:37,84,108,-24
2022-05-01 13:38,82,108,-26
2022-05-01 13:39,82,108,-26
2022-05-01 13:40,81,108,-27
2022-05-01 13:41,80,108,-28
2022-05-01 13:42,80,109,-29
2022-05-01 13:43,80,109,-29
2022-05-01 13:44,80,109,-29
2022-05-01 13:45,79,109,-30
2022-05-01 13:46,77,109,-32
2022-05-01 13:47,78,109,-31
2022-05-01 13:48,78,109,-31
2022-05-01 13:49,78,110,-32
2022-05-01 13:50,77,110,-33
2022-05-01 13:51,78,110,-32
2022-05-01 13:52,76,110,-34
2022-05-01 13:53,77,111,-34
2022-05-01 13:54,77,111,-34
2022-05-01 13:55,78,111,-33
2022-05-01 13:56,79,112,-33
2022-05-01 13:57,79,112,-33
2022-05-01 13:58,80,112,-32
2022-05-01 13:59,80,113,-33
2022-05-01 14:00,81,113,-32
2022-05-01 14:01,82,114,-32
2022-05-01 14:02,84,114,-30
2022-05-01 14:03,86,114,-28
2022-05-01 14:04,88,115,-27
2022-05-01 14:05,91,115,-24
2022-05-01 14:06,92,116,-24
2022-05-01 14:07,94,116,-22
2022-05-01 14:08,97,117,-20
2022-05-01 14:09,99,118,-19
2022-05-01 14:10,101,118,-17
2022-05-01 14:11,103,119,-16
2022-05-01 14:12,105,119,-14
2022-05-01 14:13,108,120,-12
2022-05-01 14:14,109,121,-12
2022-05-01 14:15,111,121,-10
2022-05-01 14:16,112,122,-10
2022-05-01 14:17,114,123,-9
2022-05-01 14:18,115,124,-9
2022-05-01 14:19,117,124,-7
2022-05-01 14:20,119,125,-6
2022-05-01 14:21,121,126,-5
2022-05-01 14:22,122,127,-5
2022-05-01 14:23,124,128,-4
2022-05-01 14:24,126,129,-3
2022-05-01 14:25,127,129,-2
2022-05-01 14:26,129,130,-1
2022-05-01 14:27,130,131,-1
2022-05-01 14:28,132,132,0
2022-05-01 14:29,134,133,1
2022-05-01 14:30,136,134,2
2022-05-01 14:31,137,135,2
2022-05-01 14:32,139,136,3
2022-05-01 14:33,140,137,3
2022-05-01 14:34,142,138,4
2022-05-01 14:35,143,139,4
2022-05-01 14:36,145,141,4
2022-05-01 14:37,146,142,4
2022-05-01 14:38,147,143,4
2022-05-01 14:39,148,144,4
2022-05-01 14:40,149,145,4
2022-05-01 14:41,151,146,5
2022-05-01 14:42,151,148,3
2022-05-01 14:43,152,149,3
2022-05-01 14:44,154,150,4
2022-05-01 14:45,155,151,4
2022-05-01 14:46,156,153,3
2022-05-01 14:47,158,154,4
2022-05-01 14:48,159,155,4
2022-05-01 14:49,160,157,3
2022-05-01 14:50,161,158,3
2022-05-01 14:51,163,160,3
2022-05-01 14:52,164,161,3
2022-05-01 14:53,166,163,3
2022-05-01 14:54,167,164,3
2022-05-01 14:55,168,166,2
2022-05-01 14:56,170,167,3
2022-05-01 14:57,171,169,2
2022-05-01 14:58,172,170,2
2022-05-01 14:59,174,172,2
2022-05-01 15:00,175,173,2
2022-05-01 15:01,177,175,2
2022-05-01 15:02,178,177,1
2022-05-01 15:03,180,178,2
2022-05-01 15:04,181,180,1
2022-05-01 15:05,183,182,1
2022-05-01 15:06,185,183,2
2022-05-01 15:07,186,185,1
2022-05-01 15:08,188,187,1
2022-05-01 15:09,189,189,0
2022-05-01 15:10,191,191,0
2022-05-01 15:11,193,192,1
2022-05-01 15:12,195,194,1
2022-05-01 15:13,197,196,1
2022-05-01 15:14,199,198,1
2022-05-01 15:15,200,200,0
2022-05-01 15:16,202,202,0
2022-05-01 15:17,204,204,0
2022-05-01 15:18,206,206,0
2022-05-01 15:19,208,208,0
2022-05-01 15:20,210,210,0
2022-05-01 15:21,212,212,0
2022-05-01 15:22,215,214,1
2022-05-01 15:23,217,216,1
2022-05-01 15:24,220,218,2
2022-05-01 15:25,222,220,2
2022-05-01 15:26,224,222,2
2022-05-01 15:27,227,225,2
2022-05-01 15:28,229,227,2
2022-05-01 15:29,232,229,3
2022-05-01 15:30,235,231,4
2022-05-01 15:31,238,233,5
2022-05-01 15:32,239,236,3
2022-05-01 15:33,243,238,5
2022-05-01 15:34,245,240,5
2022-05-01 15:35,247,243,4
2022-05-01 15:36,250,245,5
2022-05-01 15:37,253,247,6
2022-05-01 15:38,256,250,6
2022-05-01 15:39,259,252,7
2022-05-01 15:40,262,254,8
2022-05-01 15:41,264,257,7
2022-05-01 15:42,267,259,8
2022-05-01 15:43,270,262,8
2022-05-01 15:44,273,264,9
2022-05-01 15:45,276,267,9
2022-05-01 15:46,279,269,10
2022-05-01 15:47,281,272,9
2022-05-01 15:48,284,274,10
2022-05-01 15:49,287,277,10
2022-05-01 15:50,289,279,10
2022-05-01 15:51,292,282,10
2022-05-01 15:52,295,285,10
2022-05-01 15:53,298,287,11
2022-05-01 15:54,301,290,11
2022-05-01 15:55,303,293,10
2022-05-01 15:56,306,295,11
2022-05-01 15:57,308,298,10
2022-05-01 15:58,311,301,10
2022-05-01 15:59,314,303,11
2022-05-01 16:00,316,306,10
2022-05-01 16:01,319,309,10
2022-05-01 16:02,321,312,9
2022-05-01 16:03,324,314,10
2022-05-01 16:04,327,317,10
2022-05-01 16:05,330,320,10
2022-05-01 16:06,332,323,9
2022-05-01 16:07,335,325,10
2022-05-01 16:08,337,328,9
2022-05-01 16:09,340,331,9
2022-05-01 16:10,343,334,9
2022-05-01 16:11,345,337,8
2022-05-01 16:12,348,340,8
2022-05-01 16:13,351,342,9
2022-05-01 16:14,353,345,8
2022-05-01 16:15,356,348,8
2022-05-01 16:16,358,351,7
2022-05-01 16:17,361,354,7
2022-05-01 16:18,364,357,7
2022-05-01 16:19,366,360,6
2022-05-01 16:20,369,363,6
2022-05-01 16:21,372,366,6
2022-05-01 16:22,374,369,5
2022-05-01 16:23,376,372,4
2022-05-01 16:24,379,375,4
2022-05-01 16:25,382,377,5
2022-05-01 16:26,384,380,4
2022-05-01 16:27,387,383,4
2022-05-01 16:28,390,386,4
2022-05-01 16:29,390,389,1
2022-05-01 16:30,393,392,1
2022-05-01 16:31,397,395,2
2022-05-01 16:32,399,398,1
2022-05-01 16:33,402,401,1
2022-05-01 16:34,405,404,1
2022-05-01 16:35,408,407,1
2022-05-01 16:36,410,410,0
2022-05-01 16:37,412,413,-1
2022-05-01 16:38,415,416,-1
2022-05-01 16:39,417,419,-2
2022-05-01 16:40,420,422,-2
2022-05-01 16:41,423,425,-2
2022-05-01 16:42,425,428,-3
2022-05-01 16:43,428,431,-3
2022-05-01 16:44,430,434,-4
2022-05-01 16:45,432,437,-5
2022-05-01 16:46,435,440,-5
2022-05-01 16:47,437,443,-6
2022-05-01 16:48,439,446,-7
2022-05-01 16:49,442,449,-7
2022-05-01 16:50,445,452,-7
2022-05-01 16:51,447,454,-7
2022-05-01 16:52,449,457,-8
2022-05-01 16:53,452,460,-8
2022-05-01 16:54,454,463,-9
2022-05-01 16:55,456,466,-10
2022-05-01 16:56,459,469,-10
2022-05-01 16:57,461,472,-11
2022-05-01 16:58,464,475,-11
2022-05-01 16:59,466,478,-12
2022-05-01 17:00,466,480,-14
2022-05-01 17:01,469,483,-14
2022-05-01 17:02,472,486,-14
2022-05-01 17:03,475,489,-14
2022-05-01 17:04,478,492,-14
2022-05-01 17:05,480,494,-14
2022-05-01 17:06,483,497,-14
2022-05-01 17:07,485,500,-15
2022-05-01 17:08,487,503,-16
2022-05-01 17:09,489,505,-16
2022-05-01 17:10,491,508,-17
2022-05-01 17:11,494,511,-17
2022-05-01 17:12,497,513,-16
2022-05-01 17:13,499,516,-17
2022-05-01 17:14,501,519,-18
2022-05-01 17:15,503,521,-18
2022-05-01 17:16,506,524,-18
2022-05-01 17:17,508,526,-18
2022-05-01 17:18,511,529,-18
2022-05-01 17:19,513,532,-19
2022-05-01 17:20,516,534,-18
2022-05-01 17:21,518,537,-19
2022-05-01 17:22,520,539,-19
2022-05-01 17:23,522,541,-19
2022-05-01 17:24,525,544,-19
2022-05-01 17:25,527,546,-19
2022-05-01 17:26,529,549,-20
2022-05-01 17:27,531,551,-20
2022-05-01 17:28,534,553,-19
2022-05-01 17:29,536,556,-20
2022-05-01 17:30,538,558,-20
2022-05-01 17:31,540,560,-20
2022-05-01 17:32,542,562,-20
2022-05-01 17:33,545,565,-20
2022-05-01 17:34,546,567,-21
2022-05-01 17:35,548,569,-21
2022-05-01 17:36,550,571,-21
2022-05-01 17:37,552,573,-21
2022-05-01 17:38,555,575,-20
2022-05-01 17:39,557,577,-20
2022-05-01 17:40,559,579,-20
2022-05-01 17:41,561,581,-20
2022-05-01 17:42,563,583,-20
2022-05-01 17:43,564,585,-21
2022-05-01 17:44,566,587,-21
2022-05-01 17:45,568,589,-21
2022-05-01 17:46,570,591,-21
2022-05-01 17:47,572,592,-20
2022-05-01 17:48,-,594,-
2022-05-01 17:49,575,596,-21
2022-05-01 17:50,577,598,-21
2022-05-01 17:51,579,599,-20
2022-05-01 17:52,580,601,-21
2022-05-01 17:53,582,603,-21
2022-05-01 17:54,583,604,-21
2022-05-01 17:55,585,606,-21
2022-05-01 17:56,587,607,-20
2022-05-01 17:57,589,609,-20
2022-05-01 17:58,590,610,-20
2022-05-01 17:59,592,611,-19
2022-05-01 18:00,593,613,-20
2022-05-01 18:01,595,614,-19
2022-05-01 18:02,596,615,-19
2022-05-01 18:03,597,617,-20
2022-05-01 18:04,599,618,-19
2022-05-01 18:05,600,619,-19
2022-05-01 18:06,601,620,-19
2022-05-01 18:07,603,621,-18
2022-05-01 18:08,604,622,-18
2022-05-01 18:09,605,624,-19
2022-05-01 18:10,606,625,-19
2022-05-01 18:11,607,626,-19
2022-05-01 18:12,609,626,-17
2022-05-01 18:13,609,627,-18
2022-05-01 18:14,610,628,-18
2022-05-01 18:15,610,629,-19
2022-05-01 18:16,611,630,-19
2022-05-01 18:17,613,631,-18
2022-05-01 18:18,613,631,-18
2022-05-01 18:19,614,632,-18
2022-05-01 18:20,615,633,-18
2022-05-01 18:21,616,633,-17
2022-05-01 18:22,616,634,-18
2022-05-01 18:23,617,634,-17
2022-05-01 18:24,617,635,-18
2022-05-01 18:25,618,635,-17
2022-05-01 18:26,618,636,-18
2022-05-01 18:27,619,636,-17
2022-05-01 18:28,619,637,-18
2022-05-01 18:29,619,637,-18
2022-05-01 18:30,620,637,-17
2022-05-01 18:31,620,637,-17
2022-05-01 18:32,620,638,-18
2022-05-01 18:33,621,638,-17
2022-05-01 18:34,621,638,-17
2022-05-01 18:35,621,638,-17
2022-05-01 18:36,622,638,-16
2022-05-01 18:37,622,638,-16
2022-05-01 18:38,622,638,-16
2022-05-01 18:39,622,638,-16
2022-05-01 18:40,622,638,-16
2022-05-01 18:41,622,638,-16
2022-05-01 18:42,622,638,-16
2022-05-01 18:43,622,638,-16
2022-05-01 18:44,622,637,-15
2022-05-01 18:45,622,637,-15
2022-05-01 18:46,622,637,-15
2022-05-01 18:47,621,637,-16
2022-05-01 18:48,621,636,-15
2022-05-01 18:49,620,636,-16
2022-05-01 18:50,620,635,-15
2022-05-01 18:51,620,635,-15
2022-05-01 18:52,619,634,-15
2022-05-01 18:53,619,634,-15
2022-05-01 18:54,618,633,-15
2022-05-01 18:55,617,633,-16
2022-05-01 18:56,617,632,-15
2022-05-01 18:57,616,632,-16
2022-05-01 18:58,615,631,-16
2022-05-01 18:59,614,630,-16
2022-05-01 19:00,613,629,-16
2022-05-01 19:01,613,629,-16
2022-05-01 19:02,612,628,-16
2022-05-01 19:03,611,627,-16
2022-05-01 19:04,610,626,-16
2022-05-01 19:05,609,625,-16
2022-05-01 19:06,608,624,-16
2022-05-01 19:07,606,623,-17
2022-05-01 19:08,605,622,-17
2022-05-01 19:09,604,621,-17
2022-05-01 19:10,602,620,-18
2022-05-01 19:11,601,619,-18
2022-05-01 19:12,600,618,-18
2022-05-01 19:13,599,617,-18
2022-05-01 19:14,597,616,-19
2022-05-01 19:15,596,615,-19
2022-05-01 19:16,594,614,-20
2022-05-01 19:17,593,613,-20
2022-05-01 19:18,592,611,-19
2022-05-01 19:19,590,610,-20
2022-05-01 19:20,589,609,-20
2022-05-01 19:21,587,608,-21
2022-05-01 19:22,585,606,-21
2022-05-01 19:23,584,605,-21
2022-05-01 19:24,582,603,-21
2022-05-01 19:25,580,602,-22
2022-05-01 19:26,579,601,-22
2022-05-01 19:27,577,599,-22
2022-05-01 19:28,576,598,-22
2022-05-01 19:29,574,596,-22
2022-05-01 19:30,573,595,-22
2022-05-01 19:31,571,593,-22
2022-05-01 19:32,569,592,-23
2022-05-01 19:33,567,590,-23
2022-05-01 19:34,566,589,-23
2022-05-01 19:35,564,587,-23
2022-05-01 19:36,563,586,-23
2022-05-01 19:37,561,584,-23
2022-05-01 19:38,560,582,-22
2022-05-01 19:39,558,581,-23
2022-05-01 19:40,557,579,-22
2022-05-01 19:41,555,577,-22
2022-05-01 19:42,554,576,-22
2022-05-01 19:43,552,574,-22
2022-05-01 19:44,551,572,-21
2022-05-01 19:45,549,571,-22
2022-05-01 19:46,548,569,-21
2022-05-01 19:47,546,567,-21
2022-05-01 19:48,545,565,-20
2022-05-01 19:49,543,564,-21
2022-05-01 19:50,542,562,-20
2022-05-01 19:51,540,560,-20
2022-05-01 19:52,539,558,-19
2022-05-01 19:53,537,557,-20
2022-05-01 19:54,535,555,-20
2022-05-01 19:55,534,553,-19
2022-05-01 19:56,532,551,-19
2022-05-01 19:57,530,549,-19
2022-05-01 19:58,528,547,-19
2022-05-01 19:59,526,546,-20
2022-05-01 20:00,525,544,-19
2022-05-01 20:01,523,542,-19
2022-05-01 20:02,521,540,-19
2022-05-01 20:03,520,538,-18
2022-05-01 20:04,518,536,-18
2022-05-01 20:05,516,534,-18
2022-05-01 20:06,514,532,-18
2022-05-01 20:07,513,531,-18
2022-05-01 20:08,511,529,-18
2022-05-01 20:09,509,527,-18
2022-05-01 20:10,507,525,-18
2022-05-01 20:11,506,523,-17
2022-05-01 20:12,504,521,-17
2022-05-01 20:13,502,519,-17
2022-05-01 20:14,500,517,-17
2022-05-01 20:15,499,515,-16
2022-05-01 20:16,497,514,-17
2022-05-01 20:17,495,512,-17
2022-05-01 20:18,493,510,-17
2022-05-01 20:19,491,508,-17
2022-05-01 20:20,489,506,-17
2022-05-01 20:21,487,504,-17
2022-05-01 20:22,486,502,-16
2022-05-01 20:23,484,500,-16
2022-05-01 20:24,482,498,-16
2022-05-01 20:25,481,496,-15
2022-05-01 20:26,479,494,-15
2022-05-01 20:27,477,493,-16
2022-05-01 20:28,475,491,-16
2022-05-01 20:29,473,489,-16
2022-05-01 20:30,472,487,-15
2022-05-01 20:31,470,485,-15
2022-05-01 20:32,468,483,-15
2022-05-01 20:33,466,481,-15
2022-05-01 20:34,465,479,-14
2022-05-01 20:35,463,478,-15
2022-05-01 20:36,462,476,-14
2022-05-01 20:37,460,474,-14
2022-05-01 20:38,458,472,-14
2022-05-01 20:39,456,470,-14
2022-05-01 20:40,455,468,-13
2022-05-01 20:41,453,467,-14
2022-05-01 20:42,451,465,-14
2022-05-01 20:43,449,463,-14
2022-05-01 20:44,448,461,-13
2022-05-01 20:45,446,459,-13
2022-05-01 20:46,445,457,-12
2022-05-01 20:47,443,456,-13
2022-05-01 20:48,441,454,-13
2022-05-01 20:49,439,452,-13
2022-05-01 20:50,437,450,-13
2022-05-01 20:51,436,449,-13
2022-05-01 20:52,434,447,-13
2022-05-01 20:53,432,445,-13
2022-05-01 20:54,430,443,-13
2022-05-01 20:55,429,442,-13
2022-05-01 20:56,427,440,-13
2022-05-01 20:57,425,438,-13
2022-05-01 20:58,424,436,-12
2022-05-01 20:59,422,435,-13
2022-05-01 21:00,420,433,-13
2022-05-01 21:01,418,431,-13
2022-05-01 21:02,418,430,-12
2022-05-01 21:03,416,428,-12
2022-05-01 21:04,413,426,-13
2022-05-01 21:05,412,425,-13
2022-05-01 21:06,410,423,-13
2022-05-01 21:07,409,421,-12
2022-05-01 21:08,407,420,-13
2022-05-01 21:09,406,418,-12
2022-05-01 21:10,404,416,-12
2022-05-01 21:11,402,415,-13
2022-05-01 21:12,400,413,-13
2022-05-01 21:13,399,412,-13
2022-05-01 21:14,397,410,-13
2022-05-01 21:15,395,408,-13
2022-05-01 21:16,394,407,-13
2022-05-01 21:17,392,405,-13
2022-05-01 21:18,391,404,-13
2022-05-01 21:19,389,402,-13
2022-05-01 21:20,387,401,-14
2022-05-01 21:21,386,399,-13
2022-05-01 21:22,384,398,-14
2022-05-01 21:23,382,396,-14
2022-05-01 21:24,381,395,-14
2022-05-01 21:25,379,393,-14
2022-05-01 21:26,377,392,-15
2022-05-01 21:27,376,390,-14
2022-05-01 21:28,374,389,-15
2022-05-01 21:29,373,387,-14
2022-05-01 21:30,371,386,-15
2022-05-01 21:31,370,384,-14
2022-05-01 21:32,368,383,-15
2022-05-01 21:33,368,381,-13
2022-05-01 21:34,366,380,-14
2022-05-01 21:35,364,378,-14
2022-05-01 21:36,362,377,-15
2022-05-01 21:37,360,375,-15
2022-05-01 21:38,359,374,-15
2022-05-01 21:39,357,373,-16
2022-05-01 21:40,356,371,-15
2022-05-01 21:41,354,370,-16
2022-05-01 21:42,353,368,-15
2022-05-01 21:43,352,367,-15
2022-05-01 21:44,350,366,-16
2022-05-01 21:45,349,364,-15
2022-05-01 21:46,347,363,-16
2022-05-01 21:47,346,361,-15
2022-05-01 21:48,344,360,-16
2022-05-01 21:49,343,359,-16
2022-05-01 21:50,341,357,-16
2022-05-01 21:51,340,356,-16
2022-05-01 21:52,338,354,-16
2022-05-01 21:53,337,353,-16
2022-05-01 21:54,335,352,-17
2022-05-01 21:55,334,350,-16
2022-05-01 21:56,333,349,-16
2022-05-01 21:57,331,348,-17
2022-05-01 21:58,330,346,-16
2022-05-01 21:59,328,345,-17
2022-05-01 22:00,327,344,-17
2022-05-01 22:01,325,342,-17
2022-05-01 22:02,324,341,-17
2022-05-01 22:03,322,340,-18
2022-05-01 22:04,321,338,-17
2022-05-01 22:05,320,337,-17
2022-05-01 22:06,318,336,-18
2022-05-01 22:07,317,334,-17
2022-05-01 22:08,316,333,-17
2022-05-01 22:09,314,332,-18
2022-05-01 22:10,313,330,-17
2022-05-01 22:11,312,329,-17
2022-05-01 22:12,310,328,-18
2022-05-01 22:13,309,326,-17
2022-05-01 22:14,307,325,-18
2022-05-01 22:15,307,324,-17
2022-05-01 22:16,305,322,-17
2022-05-01 22:17,303,321,-18
2022-05-01 22:18,302,320,-18
2022-05-01 22:19,300,318,-18
2022-05-01 22:20,299,317,-18
2022-05-01 22:21,298,316,-18
2022-05-01 22:22,296,315,-19
2022-05-01 22:23,295,313,-18
2022-05-01 22:24,294,312,-18
2022-05-01 22:25,293,311,-18
2022-05-01 22:26,291,309,-18
2022-05-01 22:27,290,308,-18
2022-05-01 22:28,288,307,-19
2022-05-01 22:29,287,305,-18
2022-05-01 22:30,286,304,-18
2022-05-01 22:31,284,303,-19
2022-05-01 22:32,283,301,-18
2022-05-01 22:33,282,300,-18
2022-05-01 22:34,280,299,-19
2022-05-01 22:35,279,297,-18
2022-05-01 22:36,278,296,-18
2022-05-01 22:37,276,295,-19
2022-05-01 22:38,275,293,-18
2022-05-01 22:39,274,292,-18
2022-05-01 22:40,273,291,-18
2022-05-01 22:41,271,289,-18
2022-05-01 22:42,270,288,-18
2022-05-01 22:43,268,286,-18
2022-05-01 22:44,267,285,-18
2022-05-01 22:45,266,284,-18
2022-05-01 22:46,264,282,-18
2022-05-01 22:47,263,281,-18
2022-05-01 22:48,262,280,-18
2022-05-01 22:49,261,278,-17
2022-05-01 22:50,259,277,-18
2022-05-01 22:51,258,276,-18
2022-05-01 22:52,257,274,-17
2022-05-01 22:53,256,273,-17
2022-05-01 22:54,254,271,-17
2022-05-01 22:55,253,270,-17
2022-05-01 22:56,252,269,-17
2022-05-01 22:57,250,267,-17
2022-05-01 22:58,249,266,-17
2022-05-01 22:59,248,264,-16
2022-05-01 23:00,246,263,-17
2022-05-01 23:01,245,262,-17
2022-05-01 23:02,244,260,-16
2022-05-01 23:03,242,259,-17
2022-05-01 23:04,241,257,-16
2022-05-01 23:05,240,256,-16
2022-05-01 23:06,239,255,-16
2022-05-01 23:07,239,253,-14
2022-05-01 23:08,237,252,-15
2022-05-01 23:09,235,250,-15
2022-05-01 23:10,234,249,-15
2022-05-01 23:11,233,247,-14
2022-05-01 23:12,231,246,-15
2022-05-01 23:13,230,245,-15
2022-05-01 23:14,229,243,-14
2022-05-01 23:15,227,242,-15
2022-05-01 23:16,226,240,-14
2022-05-01 23:17,225,239,-14
2022-05-01 23:18,224,237,-13
2022-05-01 23:19,223,236,-13
2022-05-01 23:20,222,235,-13
2022-05-01 23:21,220,233,-13
2022-05-01 23:22,219,232,-13
2022-05-01 23:23,218,230,-12
2022-05-01 23:24,217,229,-12
2022-05-01 23:25,216,227,-11
2022-05-01 23:26,214,226,-12
2022-05-01 23:27,213,224,-11
2022-05-01 23:28,212,223,-11
2022-05-01 23:29,210,222,-12
2022-05-01 23:30,209,220,-11
2022-05-01 23:31,208,219,-11
2022-05-01 23:32,207,217,-10
2022-05-01 23:33,206,216,-10
2022-05-01 23:34,204,214,-10
2022-05-01 23:35,203,213,-10
2022-05-01 23:36,202,211,-9
2022-05-01 23:37,201,210,-9
2022-05-01 23:38,200,209,-9
2022-05-01 23:39,199,207,-8
2022-05-01 23:40,198,206,-8
2022-05-01 23:41,196,204,-8
2022-05-01 23:42,195,203,-8
2022-05-01 23:43,194,201,-7
2022-05-01 23:44,193,200,-7
2022-05-01 23:45,191,198,-7
2022-05-01 23:46,190,197,-7
2022-05-01 23:47,189,196,-7
2022-05-01 23:48,188,194,-6
2022-05-01 23:49,187,193,-6
2022-05-01 23:50,186,191,-5
2022-05-01 23:51,184,190,-6
2022-05-01 23:52,183,189,-6
2022-05-01 23:53,182,187,-5
2022-05-01 23:54,181,186,-5
2022-05-01 23:55,180,184,-4
2022-05-01 23:56,179,183,-4
2022-05-01 23:57,178,181,-3
2022-05-01 23:58,177,180,-3
2022-05-01 23:59,175,179,-4
2022-05-02 0:00,174,177,-3
